-2.169999999999999891e-04	-7.112111438883489400e-04
-2.159999999999999919e-04	-6.778881699477479032e-04
-2.149999999999999947e-04	-6.449259375424832869e-04
-2.139999999999999975e-04	-6.123322290091190055e-04
-2.130000000000000003e-04	-5.801148266842183227e-04
-2.120000000000000031e-04	-5.482815129043446109e-04
-2.109999999999999788e-04	-5.168400700060608085e-04
-2.099999999999999816e-04	-4.857982803259322936e-04
-2.089999999999999844e-04	-4.551639262005214084e-04
-2.079999999999999872e-04	-4.249447899663921216e-04
-2.069999999999999900e-04	-3.951486539601076426e-04
-2.059999999999999928e-04	-3.657833005182315605e-04
-2.049999999999999956e-04	-3.368565119773274104e-04
-2.039999999999999984e-04	-3.083760706739587811e-04
-2.030000000000000012e-04	-2.803497589446894787e-04
-2.020000000000000040e-04	-2.527853591260825501e-04
-2.009999999999999797e-04	-2.256906535547012320e-04
-1.999999999999999825e-04	-1.990734245671101706e-04
-1.989999999999999853e-04	-1.729414544998725755e-04
-1.979999999999999881e-04	-1.473025256895517377e-04
-1.969999999999999909e-04	-1.221644204727110835e-04
-1.959999999999999937e-04	-9.753492118591440541e-05
-1.949999999999999965e-04	-7.342181016572518401e-05
-1.939999999999999993e-04	-4.983286974870697453e-05
-1.930000000000000021e-04	-2.677588227142316274e-05
-1.920000000000000049e-04	-4.258630070437507129e-06
-1.909999999999999806e-04	1.771110451768709439e-05
-1.899999999999999834e-04	3.912553915638607697e-05
-1.889999999999999862e-04	5.997689150909629876e-05
-1.879999999999999890e-04	8.025737923925421811e-05
-1.869999999999999917e-04	9.995922001029646279e-05
-1.859999999999999945e-04	1.190746314856592336e-04
-1.849999999999999973e-04	1.375958313287791313e-04
-1.840000000000000001e-04	1.555150372030926346e-04
-1.830000000000000029e-04	1.728244667720363033e-04
-1.819999999999999786e-04	1.895163376990468196e-04
-1.809999999999999814e-04	2.055828676475598624e-04
-1.799999999999999842e-04	2.210162742810122493e-04
-1.789999999999999870e-04	2.358087752628404996e-04
-1.779999999999999898e-04	2.499525882564811868e-04
-1.769999999999999926e-04	2.634399309253703967e-04
-1.759999999999999954e-04	2.762630209329451094e-04
-1.749999999999999982e-04	2.884140759426413020e-04
-1.740000000000000010e-04	2.998853136178957109e-04
-1.730000000000000038e-04	3.106689516221448010e-04
-1.719999999999999795e-04	3.207572076188249834e-04
-1.709999999999999823e-04	3.301422992713723978e-04
-1.699999999999999851e-04	3.388164442432239432e-04
-1.689999999999999879e-04	3.467718601978158136e-04
-1.679999999999999907e-04	3.540007647985845282e-04
-1.669999999999999935e-04	3.604953757089667150e-04
-1.659999999999999963e-04	3.662479105923986764e-04
-1.649999999999999991e-04	3.712505871123166065e-04
-1.640000000000000019e-04	3.754956229321574582e-04
-1.630000000000000047e-04	3.789752357153575342e-04
-1.619999999999999804e-04	3.816816431253531911e-04
-1.609999999999999832e-04	3.836070628255809482e-04
-1.599999999999999860e-04	3.847437124794769996e-04
-1.589999999999999888e-04	3.850838097504780816e-04
-1.579999999999999916e-04	3.846195723020206050e-04
-1.569999999999999944e-04	3.833432177975409807e-04
-1.559999999999999972e-04	3.812469639004757282e-04
-1.550000000000000000e-04	3.783230282742613667e-04
-1.540000000000000028e-04	3.745636285823340361e-04
-1.530000000000000056e-04	3.699609824881306894e-04
-1.519999999999999813e-04	3.645073076550870328e-04
-1.509999999999999841e-04	3.581948217466403989e-04
-1.499999999999999869e-04	3.510157424262269274e-04
-1.489999999999999897e-04	3.429622873572825957e-04
-1.479999999999999925e-04	3.340266742032446277e-04
-1.469999999999999953e-04	3.242011206275488382e-04
-1.459999999999999981e-04	3.134778442936320174e-04
-1.450000000000000009e-04	3.018490628649306848e-04
-1.440000000000000036e-04	2.893069940048811428e-04
-1.430000000000000064e-04	2.758438553769195856e-04
-1.419999999999999821e-04	2.614518646444826408e-04
-1.409999999999999849e-04	2.461232394710072616e-04
-1.399999999999999877e-04	2.298501975199290998e-04
-1.389999999999999905e-04	2.126249564546853254e-04
-1.379999999999999933e-04	1.944397339387122408e-04
-1.369999999999999961e-04	1.752867476354460401e-04
-1.359999999999999989e-04	1.551582152083231343e-04
-1.350000000000000017e-04	1.340463543207803679e-04
-1.340000000000000045e-04	1.119433826362536098e-04
-1.330000000000000073e-04	8.884151781818024670e-05
-1.319999999999999830e-04	6.473297752999484633e-05
-1.309999999999999858e-04	3.960997943513642171e-05
-1.299999999999999886e-04	1.346474119703975746e-05
-1.289999999999999914e-04	-1.371051952085808497e-05
-1.279999999999999942e-04	-4.192358505512101992e-05
-1.269999999999999970e-04	-7.118223774231187753e-05
-1.259999999999999998e-04	-1.014942599189953311e-04
-1.250000000000000026e-04	-1.328674339217338855e-04
-1.240000000000000054e-04	-1.653095420870917803e-04
-1.229999999999999811e-04	-1.988283667516330382e-04
-1.219999999999999974e-04	-2.334316902519192969e-04
-1.210000000000000002e-04	-2.691272949245154464e-04
-1.199999999999999895e-04	-3.059229631059855094e-04
-1.189999999999999923e-04	-3.438264771328919910e-04
-1.179999999999999951e-04	-3.828456193417986968e-04
-1.169999999999999979e-04	-4.229881720692696499e-04
-1.160000000000000007e-04	-4.642619176518675717e-04
-1.149999999999999899e-04	-5.066746384261571357e-04
-1.139999999999999927e-04	-5.502341167287004130e-04
-1.129999999999999955e-04	-5.949481348960622938e-04
-1.119999999999999983e-04	-6.408244752648057166e-04
-1.110000000000000011e-04	-6.878709201714934031e-04
-1.099999999999999904e-04	-7.360952519526913276e-04
-1.089999999999999932e-04	-7.855052529449609109e-04
-1.079999999999999960e-04	-8.361087054848661757e-04
-1.069999999999999988e-04	-8.879133919089709278e-04
-1.060000000000000016e-04	-9.409270945538376722e-04
-1.049999999999999908e-04	-9.951575957560321664e-04
-1.039999999999999936e-04	-1.050612677852116048e-03
-1.029999999999999964e-04	-1.107300123178653339e-03
-1.019999999999999992e-04	-1.165227714072207413e-03
-1.010000000000000020e-04	-1.224403232869342292e-03
-9.999999999999999124e-05	-1.284834461906622432e-03
-9.899999999999999404e-05	-1.346529183520609038e-03
-9.799999999999999684e-05	-1.409495180047867216e-03
-9.699999999999999963e-05	-1.473740233824959688e-03
-9.600000000000000243e-05	-1.539264086914836046e-03
-9.499999999999999168e-05	-1.606034320285990762e-03
-9.399999999999999448e-05	-1.674010474633298891e-03
-9.299999999999999727e-05	-1.743152090651637438e-03
-9.200000000000000007e-05	-1.813418709035889698e-03
-9.099999999999998932e-05	-1.884769870480928989e-03
-8.999999999999999212e-05	-1.957165115681634704e-03
-8.899999999999999491e-05	-2.030563985332885582e-03
-8.799999999999999771e-05	-2.104926020129559497e-03
-8.700000000000000051e-05	-2.180210760766533671e-03
-8.599999999999998976e-05	-2.256377747938687495e-03
-8.499999999999999255e-05	-2.333386522340899060e-03
-8.399999999999999535e-05	-2.411196624668042118e-03
-8.299999999999999815e-05	-2.489767595615001699e-03
-8.200000000000000095e-05	-2.569058975876650688e-03
-8.099999999999999019e-05	-2.649030306147870644e-03
-7.999999999999999299e-05	-2.729641127123536622e-03
-7.899999999999999579e-05	-2.810850979498528447e-03
-7.799999999999999859e-05	-2.892619403967722474e-03
-7.700000000000000139e-05	-2.974905941225998527e-03
-7.599999999999999063e-05	-3.057670131968235998e-03
-7.499999999999999343e-05	-3.140871516889307338e-03
-7.399999999999999623e-05	-3.224469636684098011e-03
-7.299999999999999903e-05	-3.308424032047479167e-03
-7.200000000000000182e-05	-3.392694243674334535e-03
-7.099999999999999107e-05	-3.477239812259538300e-03
-6.999999999999999387e-05	-3.562020278497970288e-03
-6.899999999999999667e-05	-3.646995183084507288e-03
-6.799999999999999946e-05	-3.732124066714027823e-03
-6.700000000000000226e-05	-3.817366470081412586e-03
-6.599999999999999151e-05	-3.902681933881538365e-03
-6.499999999999999431e-05	-3.988029998809280649e-03
-6.399999999999999710e-05	-4.073370205559517961e-03
-6.299999999999999990e-05	-4.158662094827130992e-03
-6.200000000000000270e-05	-4.243865207306993063e-03
-6.099999999999999872e-05	-4.328939083693991371e-03
-5.999999999999999474e-05	-4.413843264682994899e-03
-5.899999999999999754e-05	-4.498537290968883905e-03
-5.800000000000000034e-05	-4.582980703246538647e-03
-5.699999999999999636e-05	-4.667133042210836781e-03
-5.599999999999999916e-05	-4.750953848556653362e-03
-5.499999999999999518e-05	-4.834402662978870384e-03
-5.399999999999999798e-05	-4.917439026172364634e-03
-5.300000000000000078e-05	-5.000022478832012035e-03
-5.199999999999999680e-05	-5.082112561652693712e-03
-5.099999999999999960e-05	-5.163668815329286454e-03
-4.999999999999999562e-05	-5.244650780556667918e-03
-4.899999999999999842e-05	-5.325017998029715760e-03
-4.800000000000000122e-05	-5.404730008443308503e-03
-4.699999999999999724e-05	-5.483746352492324672e-03
-4.600000000000000004e-05	-5.562026570871642789e-03
-4.499999999999999606e-05	-5.639530204276143113e-03
-4.399999999999999886e-05	-5.716216793400695495e-03
-4.299999999999999488e-05	-5.792045878940186264e-03
-4.199999999999999768e-05	-5.866977001589487872e-03
-4.100000000000000047e-05	-5.940969702043483180e-03
-3.999999999999999650e-05	-6.013983520997047243e-03
-3.899999999999999929e-05	-6.085977999145062052e-03
-3.799999999999999532e-05	-6.156912677182400061e-03
-3.699999999999999811e-05	-6.226747095803939792e-03
-3.600000000000000091e-05	-6.295440795704562373e-03
-3.499999999999999693e-05	-6.362953317579144591e-03
-3.399999999999999973e-05	-6.429244202122569307e-03
-3.299999999999999575e-05	-6.494272990029708106e-03
-3.199999999999999855e-05	-6.557999221995439512e-03
-3.100000000000000135e-05	-6.620382438714642048e-03
-2.999999999999999737e-05	-6.681382180882195106e-03
-2.900000000000000017e-05	-6.740957989192978075e-03
-2.799999999999999958e-05	-6.799069404341865144e-03
-2.699999999999999899e-05	-6.855675967023739173e-03
-2.599999999999999840e-05	-6.910737217933473481e-03
-2.499999999999999781e-05	-6.964212697765950061e-03
-2.400000000000000061e-05	-7.016061947216043100e-03
-2.300000000000000002e-05	-7.066244506978633724e-03
-2.199999999999999943e-05	-7.114719917748600457e-03
-2.099999999999999884e-05	-7.161447720220819220e-03
-1.999999999999999825e-05	-7.206387455090167669e-03
-1.899999999999999766e-05	-7.249498663051524329e-03
-1.800000000000000046e-05	-7.290740884799768590e-03
-1.699999999999999987e-05	-7.330073661029778108e-03
-1.599999999999999928e-05	-7.367456532436432275e-03
-1.499999999999999869e-05	-7.402849039714605277e-03
-1.399999999999999979e-05	-7.436210723559179975e-03
-1.299999999999999920e-05	-7.467501124665030555e-03
-1.200000000000000030e-05	-7.496679783727035543e-03
-1.099999999999999971e-05	-7.523706241440072592e-03
-9.999999999999999124e-06	-7.548540038499023698e-03
-9.000000000000000228e-06	-7.571140715598762179e-03
-7.999999999999999638e-06	-7.591467813434169161e-03
-6.999999999999999895e-06	-7.609480872700120566e-03
-6.000000000000000152e-06	-7.625139434091498386e-03
-4.999999999999999562e-06	-7.638403038303176809e-03
-3.999999999999999819e-06	-7.649231226030032624e-03
-3.000000000000000076e-06	-7.657583537966949558e-03
-1.999999999999999909e-06	-7.663419514808798329e-03
-9.999999999999999547e-07	-7.666698697250464399e-03
0.000000000000000000e+00	-7.667380625986820221e-03
9.999999999999999547e-07	-7.665424841712746920e-03
1.999999999999999909e-06	-7.660790885123123888e-03
3.000000000000000076e-06	-7.653438296912823575e-03
3.999999999999999819e-06	-7.643326617776727977e-03
4.999999999999999562e-06	-7.630415388409717350e-03
6.000000000000000152e-06	-7.614664149506662413e-03
6.999999999999999895e-06	-7.596032441762448628e-03
7.999999999999999638e-06	-7.574479805871951917e-03
9.000000000000000228e-06	-7.549965782530049067e-03
9.999999999999999124e-06	-7.522449912431618604e-03
1.099999999999999971e-05	-7.491891736271537316e-03
1.200000000000000030e-05	-7.458250794744683727e-03
1.299999999999999920e-05	-7.421486628545942432e-03
1.399999999999999979e-05	-7.381558778370183281e-03
1.499999999999999869e-05	-7.338426784912286532e-03
1.599999999999999928e-05	-7.292050188867128975e-03
1.699999999999999987e-05	-7.242388530929594337e-03
1.800000000000000046e-05	-7.189401351794553335e-03
1.899999999999999766e-05	-7.133048192156887096e-03
1.999999999999999825e-05	-7.073288592711477613e-03
2.099999999999999884e-05	-7.010082094153193867e-03
2.199999999999999943e-05	-6.943388237176922190e-03
2.300000000000000002e-05	-6.873186436234107743e-03
2.400000000000000061e-05	-6.799535600802465718e-03
2.499999999999999781e-05	-6.722514514116283146e-03
2.599999999999999840e-05	-6.642201959409848797e-03
2.699999999999999899e-05	-6.558676719917448834e-03
2.799999999999999958e-05	-6.472017578873365089e-03
2.900000000000000017e-05	-6.382303319511893266e-03
2.999999999999999737e-05	-6.289612725067313462e-03
3.100000000000000135e-05	-6.194024578773915310e-03
3.199999999999999855e-05	-6.095617663865980640e-03
3.299999999999999575e-05	-5.994470763577799954e-03
3.399999999999999973e-05	-5.890662661143659419e-03
3.499999999999999693e-05	-5.784272139797847802e-03
3.600000000000000091e-05	-5.675377982774644330e-03
3.699999999999999811e-05	-5.564058973308343842e-03
3.799999999999999532e-05	-5.450393894633229035e-03
3.899999999999999929e-05	-5.334461529983586942e-03
3.999999999999999650e-05	-5.216340662593704595e-03
4.100000000000000047e-05	-5.096110075697868162e-03
4.199999999999999768e-05	-4.973848552530364675e-03
4.299999999999999488e-05	-4.849634876325481167e-03
4.399999999999999886e-05	-4.723547830317502069e-03
4.499999999999999606e-05	-4.595666197740716150e-03
4.600000000000000004e-05	-4.466068761829408706e-03
4.699999999999999724e-05	-4.334834305817868508e-03
4.800000000000000122e-05	-4.202041612940379117e-03
4.899999999999999842e-05	-4.067769466431229303e-03
4.999999999999999562e-05	-3.932096649524704363e-03
5.099999999999999960e-05	-3.795101945455092631e-03
5.199999999999999680e-05	-3.656864137456679840e-03
5.300000000000000078e-05	-3.517462008763749554e-03
5.399999999999999798e-05	-3.376974342610593576e-03
5.499999999999999518e-05	-3.235479922231496771e-03
5.599999999999999916e-05	-3.093057530860741401e-03
5.699999999999999636e-05	-2.949785951732621005e-03
5.800000000000000034e-05	-2.805743968081417412e-03
5.899999999999999754e-05	-2.661010363141420691e-03
5.999999999999999474e-05	-2.515663920146914406e-03
6.099999999999999872e-05	-2.369783422332185155e-03
6.200000000000000270e-05	-2.223447652931519972e-03
6.299999999999999990e-05	-2.076735395179208059e-03
6.399999999999999710e-05	-1.929725432309533414e-03
6.499999999999999431e-05	-1.782496547556783068e-03
6.599999999999999151e-05	-1.635127524155244490e-03
6.700000000000000226e-05	-1.487697145339201242e-03
6.799999999999999946e-05	-1.340284194342944912e-03
6.899999999999999667e-05	-1.192967454400758629e-03
6.999999999999999387e-05	-1.045825708746929861e-03
7.099999999999999107e-05	-8.989377406157454242e-04
7.200000000000000182e-05	-7.523823332414906161e-04
7.299999999999999903e-05	-6.062382698584536629e-04
7.399999999999999623e-05	-4.605843337009209474e-04
7.499999999999999343e-05	-3.154993080031788522e-04
7.599999999999999063e-05	-1.710619759995141934e-04
7.700000000000000139e-05	-2.735112092421031812e-05
7.799999999999999859e-05	1.155544739884402112e-04
7.899999999999999579e-05	2.575760255041552402e-04
7.999999999999999299e-05	3.986347503886461096e-04
8.099999999999999019e-05	5.386518654076266534e-04
8.200000000000000095e-05	6.775485873268124407e-04
8.299999999999999815e-05	8.152588565737674481e-04
8.399999999999999535e-05	9.517675082234828936e-04
8.499999999999999255e-05	1.087072101012800029e-03
8.599999999999998976e-05	1.221170193678562492e-03
8.700000000000000051e-05	1.354059344957615329e-03
8.799999999999999771e-05	1.485737113586794913e-03
8.899999999999999491e-05	1.616201058302948242e-03
8.999999999999999212e-05	1.745448737842917111e-03
9.099999999999998932e-05	1.873477710943544832e-03
9.200000000000000007e-05	2.000285536341674282e-03
9.299999999999999727e-05	2.125869772774147473e-03
9.399999999999999448e-05	2.250227978977807717e-03
9.499999999999999168e-05	2.373357713689495940e-03
9.600000000000000243e-05	2.495256535646060009e-03
9.699999999999999963e-05	2.615922003584335211e-03
9.799999999999999684e-05	2.735351676241169414e-03
9.899999999999999404e-05	2.853543112353402675e-03
9.999999999999999124e-05	2.970493870657880259e-03
1.010000000000000020e-04	3.086201509891443526e-03
1.019999999999999992e-04	3.200663588790934704e-03
1.029999999999999964e-04	3.313877666093196887e-03
1.039999999999999936e-04	3.425841300535073606e-03
1.049999999999999908e-04	3.536552050853406220e-03
1.060000000000000016e-04	3.646007475785040426e-03
1.069999999999999988e-04	3.754205134066815417e-03
1.079999999999999960e-04	3.861142584435574721e-03
1.089999999999999932e-04	3.966817385628161434e-03
1.099999999999999904e-04	4.071227096381417783e-03
1.110000000000000011e-04	4.174369275432189032e-03
1.119999999999999983e-04	4.276241481517315673e-03
1.129999999999999955e-04	4.376841273373639936e-03
1.139999999999999927e-04	4.476166209738004914e-03
1.149999999999999899e-04	4.574213849347255438e-03
1.160000000000000007e-04	4.670981750938232868e-03
1.169999999999999979e-04	4.766467473247778565e-03
1.179999999999999951e-04	4.860668575012735623e-03
1.189999999999999923e-04	4.953582614969948006e-03
1.199999999999999895e-04	5.045207151856257073e-03
1.210000000000000002e-04	5.135539744408507655e-03
1.219999999999999974e-04	5.224577951363541979e-03
1.229999999999999811e-04	5.312319331458199671e-03
1.240000000000000054e-04	5.398761443429329898e-03
1.250000000000000026e-04	5.483901846013767081e-03
1.259999999999999998e-04	5.567738097948357785e-03
1.269999999999999970e-04	5.650267757969947707e-03
1.279999999999999942e-04	5.731488384815376473e-03
1.289999999999999914e-04	5.811397537221488045e-03
1.299999999999999886e-04	5.889992773925121182e-03
1.309999999999999858e-04	5.967271653663123315e-03
1.319999999999999830e-04	6.043231735172337540e-03
1.330000000000000073e-04	6.117870577189603483e-03
1.340000000000000045e-04	6.191185738451765973e-03
1.350000000000000017e-04	6.263174777695664636e-03
1.359999999999999989e-04	6.333835253658144301e-03
1.369999999999999961e-04	6.403164725076050667e-03
1.379999999999999933e-04	6.471160750686220757e-03
1.389999999999999905e-04	6.537820889225500268e-03
1.399999999999999877e-04	6.603142699430733162e-03
1.409999999999999849e-04	6.667123740038760800e-03
1.419999999999999821e-04	6.729761569786425410e-03
1.430000000000000064e-04	6.791055993755376434e-03
1.440000000000000036e-04	6.851015802406476563e-03
1.450000000000000009e-04	6.909652032545400037e-03
1.459999999999999981e-04	6.966975720977818497e-03
1.469999999999999953e-04	7.022997904509400979e-03
1.479999999999999925e-04	7.077729619945818257e-03
1.489999999999999897e-04	7.131181904092743704e-03
1.499999999999999869e-04	7.183365793755848959e-03
1.509999999999999841e-04	7.234292325740803060e-03
1.519999999999999813e-04	7.283972536853277648e-03
1.530000000000000056e-04	7.332417463898946094e-03
1.540000000000000028e-04	7.379638143683475704e-03
1.550000000000000000e-04	7.425645613012543320e-03
1.559999999999999972e-04	7.470450908691811040e-03
1.569999999999999944e-04	7.514065067526960913e-03
1.579999999999999916e-04	7.556499126323656772e-03
1.589999999999999888e-04	7.597764121887570256e-03
1.599999999999999860e-04	7.637871091024377342e-03
1.609999999999999832e-04	7.676831070539744464e-03
1.619999999999999804e-04	7.714655097239343264e-03
1.630000000000000047e-04	7.751354207928851450e-03
1.640000000000000019e-04	7.786939439413931123e-03
1.649999999999999991e-04	7.821421828500256523e-03
1.659999999999999963e-04	7.854812411993501026e-03
1.669999999999999935e-04	7.887122226699332800e-03
1.679999999999999907e-04	7.918362309423427822e-03
1.689999999999999879e-04	7.948543696971449926e-03
1.699999999999999851e-04	7.977677426149078557e-03
1.709999999999999823e-04	8.005774533761979284e-03
1.719999999999999795e-04	8.032846056615822877e-03
1.730000000000000038e-04	8.058903031516287049e-03
1.740000000000000010e-04	8.083956495269035633e-03
1.749999999999999982e-04	8.108017484679744605e-03
1.759999999999999954e-04	8.131097036554081267e-03
1.769999999999999926e-04	8.153206187697718127e-03
1.779999999999999898e-04	8.174355974916325956e-03
1.789999999999999870e-04	8.194557435015580732e-03
1.799999999999999842e-04	8.213821604801146287e-03
1.809999999999999814e-04	8.232159521078702066e-03
1.819999999999999786e-04	8.249582220653910170e-03
1.830000000000000029e-04	8.266100740332450042e-03
1.840000000000000001e-04	8.281726116919988986e-03
1.849999999999999973e-04	8.296469387222194306e-03
1.859999999999999945e-04	8.310341588044747180e-03
1.869999999999999917e-04	8.323353756193309708e-03
1.879999999999999890e-04	8.335516928473556131e-03
1.889999999999999862e-04	8.346842141691160691e-03
1.899999999999999834e-04	8.357340432651785486e-03
1.909999999999999806e-04	8.367022838161113432e-03
1.920000000000000049e-04	8.375900395024806627e-03
1.930000000000000021e-04	8.383984140048541048e-03
1.939999999999999993e-04	8.391285110037990935e-03
1.949999999999999965e-04	8.397814341798820123e-03
1.959999999999999937e-04	8.403582872136701118e-03
1.969999999999999909e-04	8.408601737857306427e-03
1.979999999999999881e-04	8.412881975766306822e-03
1.989999999999999853e-04	8.416434622669380014e-03
1.999999999999999825e-04	8.419270715372188102e-03
2.009999999999999797e-04	8.421401290680405327e-03
2.020000000000000040e-04	8.422837385399704196e-03
2.030000000000000012e-04	8.423590036335755482e-03
2.039999999999999984e-04	8.423670280294231691e-03
2.049999999999999956e-04	8.423089154080800126e-03
2.059999999999999928e-04	8.421857694501133293e-03
2.069999999999999900e-04	8.419986938360908904e-03
2.079999999999999872e-04	8.417487922465787323e-03
2.089999999999999844e-04	8.414371683621446260e-03
2.099999999999999816e-04	8.410649258633553019e-03
2.109999999999999788e-04	8.406331684307787044e-03
2.120000000000000031e-04	8.401429997449808701e-03
2.130000000000000003e-04	8.395955234865295699e-03
2.139999999999999975e-04	8.389918433359918812e-03
2.149999999999999947e-04	8.383330629739345341e-03
2.159999999999999919e-04	8.376202860809252998e-03
2.169999999999999891e-04	8.368546163375309085e-03
2.179999999999999863e-04	8.360371574243182641e-03
2.189999999999999835e-04	8.351690130218547906e-03
2.199999999999999807e-04	8.342512868107077387e-03
2.209999999999999779e-04	8.332850824714440122e-03
2.220000000000000022e-04	8.322715036846308617e-03
2.229999999999999994e-04	8.312116541308351911e-03
2.239999999999999966e-04	8.301066374906239040e-03
2.249999999999999938e-04	8.289575574445649450e-03
2.259999999999999910e-04	8.277655176732246975e-03
2.269999999999999882e-04	8.265316218571705856e-03
2.279999999999999854e-04	8.252569736769695130e-03
2.289999999999999826e-04	8.239426768131889040e-03
2.299999999999999799e-04	8.225898349463961826e-03
2.309999999999999771e-04	8.211995517571572117e-03
2.320000000000000014e-04	8.197729309260402830e-03
2.329999999999999986e-04	8.183110761336119532e-03
2.339999999999999958e-04	8.168150910604396464e-03
2.349999999999999930e-04	8.152860793870906134e-03
2.359999999999999902e-04	8.137251447941317578e-03
2.369999999999999874e-04	8.121333909621299835e-03
2.379999999999999846e-04	8.105119215716525410e-03
2.389999999999999818e-04	8.088618403032666812e-03
2.399999999999999790e-04	8.071842508375394812e-03
2.409999999999999762e-04	8.054802568550376712e-03
2.420000000000000005e-04	8.037509620363290225e-03
2.429999999999999977e-04	8.019974700619804386e-03
2.439999999999999949e-04	8.002208846125591704e-03
2.449999999999999921e-04	7.984223093686319481e-03
2.459999999999999622e-04	7.966028480107660223e-03
2.469999999999999865e-04	7.947636042195281234e-03
2.480000000000000108e-04	7.929056816754867162e-03
2.489999999999999809e-04	7.910301840592076639e-03
2.500000000000000052e-04	7.891382150512582169e-03
2.509999999999999753e-04	7.872308783322056261e-03
2.519999999999999996e-04	7.853092775826171421e-03
2.529999999999999697e-04	7.833745164830600155e-03
2.539999999999999940e-04	7.814276987141011502e-03
2.549999999999999641e-04	7.794699279563079702e-03
2.559999999999999884e-04	7.775023078902471192e-03
2.570000000000000127e-04	7.755259421964858478e-03
2.579999999999999828e-04	7.735419345555914934e-03
2.590000000000000071e-04	7.715513886481309598e-03
2.599999999999999772e-04	7.695554081546714109e-03
2.610000000000000015e-04	7.675550967557800107e-03
2.619999999999999716e-04	7.655513802962907177e-03
2.629999999999999959e-04	7.635444732781030211e-03
2.639999999999999660e-04	7.615344123673842454e-03
2.649999999999999903e-04	7.595212342303005876e-03
2.660000000000000146e-04	7.575049755330191988e-03
2.669999999999999847e-04	7.554856729417063627e-03
2.680000000000000090e-04	7.534633631225287967e-03
2.689999999999999791e-04	7.514380827416532183e-03
2.700000000000000035e-04	7.494098684652466050e-03
2.709999999999999735e-04	7.473787569594755008e-03
2.719999999999999979e-04	7.453447848905061027e-03
2.729999999999999680e-04	7.433079889245059087e-03
2.739999999999999923e-04	7.412684057276410290e-03
2.749999999999999624e-04	7.392260719660780945e-03
2.759999999999999867e-04	7.371810243059844295e-03
2.770000000000000110e-04	7.351332994135259709e-03
2.779999999999999811e-04	7.330829339548699565e-03
2.790000000000000054e-04	7.310299645961827568e-03
2.799999999999999755e-04	7.289744280036310892e-03
2.809999999999999998e-04	7.269163608433817578e-03
2.819999999999999699e-04	7.248557997816013065e-03
2.829999999999999942e-04	7.227927814844566264e-03
2.839999999999999643e-04	7.207273426181140877e-03
2.849999999999999886e-04	7.186595198487405814e-03
2.860000000000000129e-04	7.165893498425029116e-03
2.869999999999999830e-04	7.145168692655674489e-03
2.880000000000000073e-04	7.124421147841012575e-03
2.889999999999999774e-04	7.103651230642707946e-03
2.900000000000000017e-04	7.082859307722425175e-03
2.909999999999999718e-04	7.062045745741835773e-03
2.919999999999999961e-04	7.041210911362602576e-03
2.929999999999999662e-04	7.020355171246396228e-03
2.939999999999999905e-04	6.999478892054879567e-03
2.949999999999999606e-04	6.978582440449724970e-03
2.959999999999999849e-04	6.957666183092591806e-03
2.970000000000000092e-04	6.936730486645153321e-03
2.979999999999999793e-04	6.915775717769070616e-03
2.990000000000000036e-04	6.894802243126018672e-03
2.999999999999999737e-04	6.873810429377656857e-03
3.009999999999999980e-04	6.852800643185653212e-03
3.019999999999999681e-04	6.831773251211678381e-03
3.029999999999999924e-04	6.810728620117396936e-03
3.039999999999999625e-04	6.789667116564475184e-03
3.049999999999999868e-04	6.768589107214579431e-03
3.060000000000000111e-04	6.747494958729377719e-03
3.069999999999999812e-04	6.726385037770538089e-03
3.080000000000000055e-04	6.705259710999725113e-03
3.089999999999999756e-04	6.684119345078605966e-03
3.099999999999999999e-04	6.662964306668846086e-03
3.109999999999999700e-04	6.641794962432116985e-03
3.119999999999999944e-04	6.620611679030083234e-03
3.129999999999999644e-04	6.599414823124409406e-03
3.139999999999999888e-04	6.578204761376765276e-03
3.149999999999999589e-04	6.556981860448818020e-03
3.159999999999999832e-04	6.535746487002230473e-03
3.170000000000000075e-04	6.514499007698672413e-03
3.179999999999999776e-04	6.493239789199811013e-03
3.190000000000000019e-04	6.471969198167311713e-03
3.199999999999999720e-04	6.450687601262844288e-03
3.209999999999999963e-04	6.429395365148071577e-03
3.219999999999999664e-04	6.408092856484662488e-03
3.229999999999999907e-04	6.386780441934283327e-03
3.239999999999999608e-04	6.365458488158602136e-03
3.249999999999999851e-04	6.344127361819282621e-03
3.260000000000000094e-04	6.322787429577994556e-03
3.269999999999999795e-04	6.301439058096405116e-03
3.280000000000000038e-04	6.280082614036179740e-03
3.289999999999999739e-04	6.258718464058986471e-03
3.299999999999999982e-04	6.237346974826490746e-03
3.309999999999999683e-04	6.215968513000359741e-03
3.319999999999999926e-04	6.194583445242259762e-03
3.329999999999999627e-04	6.173192138213861452e-03
3.339999999999999870e-04	6.151794958576824179e-03
3.350000000000000113e-04	6.130392272992820323e-03
3.359999999999999814e-04	6.108984448123516188e-03
3.370000000000000057e-04	6.087571850630579817e-03
3.379999999999999758e-04	6.066154847175674047e-03
3.390000000000000001e-04	6.044733804420468655e-03
3.399999999999999702e-04	6.023309089026631681e-03
3.409999999999999945e-04	6.001881067655825963e-03
3.419999999999999646e-04	5.980450106969722145e-03
3.429999999999999889e-04	5.959016573629983930e-03
3.439999999999999590e-04	5.937580834298279361e-03
3.449999999999999833e-04	5.916143255636275612e-03
3.460000000000000076e-04	5.894704204305639857e-03
3.469999999999999777e-04	5.873264046968040136e-03
3.480000000000000020e-04	5.851823150285139288e-03
3.489999999999999721e-04	5.830381880918609691e-03
3.499999999999999964e-04	5.808940605530111580e-03
3.509999999999999665e-04	5.787499690781317332e-03
3.519999999999999908e-04	5.766059503333889787e-03
3.529999999999999609e-04	5.744620409849501320e-03
3.539999999999999853e-04	5.723182776989811302e-03
3.550000000000000096e-04	5.701746971416493844e-03
3.559999999999999797e-04	5.680313359791210048e-03
3.570000000000000040e-04	5.658882308775630560e-03
3.579999999999999741e-04	5.637454185031419950e-03
3.589999999999999984e-04	5.616029355220246259e-03
3.599999999999999685e-04	5.594608186003776663e-03
3.609999999999999928e-04	5.573191044043676601e-03
3.619999999999999629e-04	5.551778296001615848e-03
3.629999999999999872e-04	5.530370308539255507e-03
3.639999999999999573e-04	5.508967448318268824e-03
3.649999999999999816e-04	5.487570082000316034e-03
3.660000000000000059e-04	5.466178576247072117e-03
3.669999999999999760e-04	5.444793297720197309e-03
3.680000000000000003e-04	5.423414613081359650e-03
3.689999999999999704e-04	5.402042888992228918e-03
3.699999999999999947e-04	5.380678492114469684e-03
3.709999999999999648e-04	5.359321789109749989e-03
3.719999999999999891e-04	5.337973146639734406e-03
3.729999999999999592e-04	5.316632931366092711e-03
3.739999999999999835e-04	5.295301509950489476e-03
3.750000000000000078e-04	5.273979249054591874e-03
3.759999999999999779e-04	5.252666515340067947e-03
3.770000000000000022e-04	5.231363675468584003e-03
3.779999999999999723e-04	5.210071096101806347e-03
3.789999999999999966e-04	5.188789143901402154e-03
3.799999999999999667e-04	5.167518185529038598e-03
3.809999999999999910e-04	5.146258587646381118e-03
3.819999999999999611e-04	5.125010716915098623e-03
3.829999999999999854e-04	5.103774939996857420e-03
3.840000000000000097e-04	5.082551623553321213e-03
3.849999999999999798e-04	5.061341134246162381e-03
3.860000000000000041e-04	5.040143838737045495e-03
3.869999999999999742e-04	5.018960103687635128e-03
3.879999999999999985e-04	4.997790295759600189e-03
3.889999999999999686e-04	4.976634781614607851e-03
3.899999999999999929e-04	4.955493927914324422e-03
3.909999999999999630e-04	4.934368101320416207e-03
3.919999999999999873e-04	4.913257668494549514e-03
3.929999999999999574e-04	4.892162996098394986e-03
3.939999999999999817e-04	4.871084450793611992e-03
3.950000000000000061e-04	4.850022399241875511e-03
3.959999999999999762e-04	4.828977208104847513e-03
3.970000000000000005e-04	4.807949244044197774e-03
3.979999999999999706e-04	4.786938873721590000e-03
3.989999999999999949e-04	4.765946463798692231e-03
3.999999999999999650e-04	4.744972380937173377e-03
4.009999999999999893e-04	4.724016991798698009e-03
4.019999999999999594e-04	4.703080663044934169e-03
4.029999999999999837e-04	4.682163761337546429e-03
4.040000000000000080e-04	4.661266653338203697e-03
4.049999999999999781e-04	4.640389705708573148e-03
4.060000000000000024e-04	4.619533285110320221e-03
4.069999999999999725e-04	4.598697758205113825e-03
4.079999999999999968e-04	4.577883491654617665e-03
4.089999999999999669e-04	4.557090852120502383e-03
4.099999999999999912e-04	4.536320206264430818e-03
4.109999999999999613e-04	4.515571920748071878e-03
4.119999999999999856e-04	4.494846362233093605e-03
4.129999999999999557e-04	4.474143897381160570e-03
4.139999999999999800e-04	4.453464892853941683e-03
4.150000000000000043e-04	4.432809715313102382e-03
4.159999999999999744e-04	4.412178731420308975e-03
4.169999999999999987e-04	4.391572307837229502e-03
4.179999999999999688e-04	4.370990811225531139e-03
4.189999999999999931e-04	4.350434608246877589e-03
4.199999999999999632e-04	4.329904065562942099e-03
4.209999999999999875e-04	4.309399549835384036e-03
4.219999999999999576e-04	4.288921427725877512e-03
4.229999999999999819e-04	4.268470065896081897e-03
4.240000000000000062e-04	4.248045831007669568e-03
4.249999999999999763e-04	4.227649089722305964e-03
4.260000000000000006e-04	4.207280208701656525e-03
4.269999999999999707e-04	4.186939554607389292e-03
4.279999999999999950e-04	4.166627494101170573e-03
4.289999999999999651e-04	4.146344393844668408e-03
4.299999999999999894e-04	4.126090620499549971e-03
4.309999999999999595e-04	4.105866540727479835e-03
4.319999999999999838e-04	4.085672521190123439e-03
4.329999999999999539e-04	4.065508928549154896e-03
4.339999999999999782e-04	4.045376129466233574e-03
4.350000000000000026e-04	4.025274490603028381e-03
4.359999999999999726e-04	4.005204378621208226e-03
4.369999999999999970e-04	3.985166160182437682e-03
4.379999999999999671e-04	3.965160201948385657e-03
4.389999999999999914e-04	3.945186870580717590e-03
4.399999999999999615e-04	3.925246532741099789e-03
4.409999999999999858e-04	3.905339555091200295e-03
4.419999999999999559e-04	3.885466304292685847e-03
4.429999999999999802e-04	3.865627147007221018e-03
4.440000000000000045e-04	3.845822449896476019e-03
4.449999999999999746e-04	3.826052579622117589e-03
4.459999999999999989e-04	3.806317902845808999e-03
4.469999999999999690e-04	3.786618786229220893e-03
4.479999999999999933e-04	3.766955596434017409e-03
4.489999999999999634e-04	3.747328700121867889e-03
4.499999999999999877e-04	3.727738463954437340e-03
4.509999999999999578e-04	3.708185254593392936e-03
4.519999999999999821e-04	3.688669438700401416e-03
4.530000000000000064e-04	3.669191382937128654e-03
4.539999999999999765e-04	3.649751453965245293e-03
4.550000000000000008e-04	3.630350018446414605e-03
4.559999999999999709e-04	3.610987443042304630e-03
4.569999999999999952e-04	3.591664094414582110e-03
4.579999999999999653e-04	3.572380339224913350e-03
4.589999999999999896e-04	3.553136544134965959e-03
4.599999999999999597e-04	3.533933075806406678e-03
4.609999999999999840e-04	3.514770300900900944e-03
4.619999999999999541e-04	3.495648586080118969e-03
4.629999999999999784e-04	3.476568298005723590e-03
4.640000000000000027e-04	3.457529803339384582e-03
4.649999999999999728e-04	3.438533468742766518e-03
4.659999999999999971e-04	3.419579660877538306e-03
4.669999999999999672e-04	3.400668746405366687e-03
4.679999999999999915e-04	3.381801091987915800e-03
4.689999999999999616e-04	3.362977064286857155e-03
4.699999999999999859e-04	3.344197029963852721e-03
4.709999999999999560e-04	3.325461355680573144e-03
4.719999999999999803e-04	3.306770408098681259e-03
4.730000000000000046e-04	3.288124553879846843e-03
4.739999999999999747e-04	3.269524159685738372e-03
4.749999999999999990e-04	3.250969592178018248e-03
4.759999999999999691e-04	3.232461218018356248e-03
4.769999999999999934e-04	3.213999403868418678e-03
4.779999999999999635e-04	3.195584516389872714e-03
4.789999999999999879e-04	3.177216922244383360e-03
4.799999999999999580e-04	3.158896988093620826e-03
4.809999999999999823e-04	3.140625080599247949e-03
4.819999999999999524e-04	3.122401566422935808e-03
4.829999999999999767e-04	3.104226812226347238e-03
4.840000000000000010e-04	3.086101184671149848e-03
4.849999999999999711e-04	3.068025050419013414e-03
4.859999999999999954e-04	3.049998776131601641e-03
4.869999999999999655e-04	3.032022728470584304e-03
4.879999999999999898e-04	3.014097274097625543e-03
4.889999999999999599e-04	2.996222779674393832e-03
4.899999999999999842e-04	2.978399611862553743e-03
4.910000000000000085e-04	2.960628137323774618e-03
4.919999999999999244e-04	2.942908722719724500e-03
4.929999999999999487e-04	2.925241734712064924e-03
4.939999999999999730e-04	2.907627539962467401e-03
4.949999999999999973e-04	2.890066505132596504e-03
4.960000000000000216e-04	2.872558996884120707e-03
4.969999999999999375e-04	2.855105381878708052e-03
4.979999999999999618e-04	2.837706026778020942e-03
4.989999999999999861e-04	2.820361298243728287e-03
5.000000000000000104e-04	2.803071562937497693e-03
5.009999999999999263e-04	2.785837187520998504e-03
5.019999999999999506e-04	2.768658538655892256e-03
5.029999999999999749e-04	2.751535983003847857e-03
5.039999999999999992e-04	2.734469887226532916e-03
5.050000000000000235e-04	2.717460617985613305e-03
5.059999999999999394e-04	2.700508541942759234e-03
5.069999999999999637e-04	2.683614025759632673e-03
5.079999999999999880e-04	2.666777436097902097e-03
5.090000000000000123e-04	2.649999139619235548e-03
5.099999999999999282e-04	2.633279502985300200e-03
5.109999999999999525e-04	2.616618892857760191e-03
5.119999999999999768e-04	2.600017675898284430e-03
5.130000000000000011e-04	2.583476218768539657e-03
5.140000000000000254e-04	2.566994888130191312e-03
5.149999999999999413e-04	2.550574050644910471e-03
5.159999999999999656e-04	2.534214072974357804e-03
5.169999999999999899e-04	2.517915321780204389e-03
5.180000000000000143e-04	2.501678163724115229e-03
5.189999999999999301e-04	2.485502965467759669e-03
5.199999999999999544e-04	2.469390093672800546e-03
5.209999999999999788e-04	2.453339915000907635e-03
5.220000000000000031e-04	2.437352796113746809e-03
5.230000000000000274e-04	2.421429103672984810e-03
5.239999999999999433e-04	2.405569204340290979e-03
5.249999999999999676e-04	2.389773464777327720e-03
5.259999999999999919e-04	2.374042251645764375e-03
5.270000000000000162e-04	2.358375931607268119e-03
5.279999999999999321e-04	2.342774871323506126e-03
5.289999999999999564e-04	2.327239437456143402e-03
5.299999999999999807e-04	2.311769996666846686e-03
5.310000000000000050e-04	2.296366915617284888e-03
5.320000000000000293e-04	2.281030560969123447e-03
5.329999999999999452e-04	2.265761299384031272e-03
5.339999999999999695e-04	2.250559497523671633e-03
5.349999999999999938e-04	2.235425522049713440e-03
5.360000000000000181e-04	2.220359739623823433e-03
5.369999999999999340e-04	2.205362516907669653e-03
5.379999999999999583e-04	2.190434220562916673e-03
5.389999999999999826e-04	2.175575217251231666e-03
5.400000000000000069e-04	2.160785873634283108e-03
5.409999999999999228e-04	2.146066556373737739e-03
5.419999999999999471e-04	2.131417632131260131e-03
5.429999999999999714e-04	2.116839467568519192e-03
5.439999999999999957e-04	2.102332429347180363e-03
5.450000000000000200e-04	2.087896884128911251e-03
5.459999999999999359e-04	2.073533198575380331e-03
5.469999999999999602e-04	2.059241739348251308e-03
5.479999999999999845e-04	2.045022873109192656e-03
5.490000000000000088e-04	2.030876966519871117e-03
5.499999999999999247e-04	2.016804386241955165e-03
5.509999999999999490e-04	2.002805498937108505e-03
5.519999999999999733e-04	1.988880671267000046e-03
5.529999999999999976e-04	1.975030269893294360e-03
5.540000000000000219e-04	1.961254661477661657e-03
5.549999999999999378e-04	1.947554212681767809e-03
5.559999999999999621e-04	1.933929290167278256e-03
5.569999999999999864e-04	1.920380260595859739e-03
5.580000000000000107e-04	1.906907490629179865e-03
5.589999999999999266e-04	1.893511346928907543e-03
5.599999999999999509e-04	1.880192196156705827e-03
5.609999999999999752e-04	1.866950404974243626e-03
5.619999999999999996e-04	1.853786340043187464e-03
5.630000000000000239e-04	1.840700368025203863e-03
5.639999999999999397e-04	1.827692855581961734e-03
5.649999999999999641e-04	1.814764169375124997e-03
5.659999999999999884e-04	1.801914676066361260e-03
5.670000000000000127e-04	1.789144742317338565e-03
5.679999999999999286e-04	1.776454734789723652e-03
5.689999999999999529e-04	1.763845020145181960e-03
5.699999999999999772e-04	1.751315965045380663e-03
5.710000000000000015e-04	1.738867936151987370e-03
5.720000000000000258e-04	1.726501300126668170e-03
5.729999999999999417e-04	1.714216423631092405e-03
5.739999999999999660e-04	1.702013673326923130e-03
5.749999999999999903e-04	1.689893415875828604e-03
5.760000000000000146e-04	1.677856017939476649e-03
5.769999999999999305e-04	1.665901846179534658e-03
5.779999999999999548e-04	1.654031267257666336e-03
5.789999999999999791e-04	1.642244647835540807e-03
5.800000000000000034e-04	1.630542354574824595e-03
5.810000000000000277e-04	1.618924754137184875e-03
5.819999999999999436e-04	1.607392213184288821e-03
5.829999999999999679e-04	1.595945098377801871e-03
5.839999999999999922e-04	1.584583776379391200e-03
5.850000000000000165e-04	1.573308613850724416e-03
5.859999999999999324e-04	1.562119977453468910e-03
5.869999999999999567e-04	1.551018233849289253e-03
5.879999999999999810e-04	1.540003749699854138e-03
5.890000000000000053e-04	1.529076891666829871e-03
5.899999999999999212e-04	1.518238026411884061e-03
5.909999999999999455e-04	1.507487520596681929e-03
5.919999999999999698e-04	1.496825740882891083e-03
5.929999999999999941e-04	1.486253053932178698e-03
5.940000000000000184e-04	1.475769826406211297e-03
5.949999999999999343e-04	1.465376424966657138e-03
5.959999999999999586e-04	1.455073216275180794e-03
5.969999999999999829e-04	1.444860566993449655e-03
5.980000000000000072e-04	1.434738843783131546e-03
5.989999999999999231e-04	1.424708413305893423e-03
5.999999999999999474e-04	1.414769642223400728e-03
6.009999999999999717e-04	1.404922897197321066e-03
6.019999999999999961e-04	1.395168544889321179e-03
6.030000000000000204e-04	1.385506951961067807e-03
6.039999999999999362e-04	1.375938485074229209e-03
6.049999999999999606e-04	1.366463510890469956e-03
6.059999999999999849e-04	1.357082396071457872e-03
6.070000000000000092e-04	1.347795507278860133e-03
6.079999999999999251e-04	1.338603211174344346e-03
6.089999999999999494e-04	1.329505874419575299e-03
6.099999999999999737e-04	1.320503863676220817e-03
6.109999999999999980e-04	1.311597545605947641e-03
6.120000000000000223e-04	1.302787286870422945e-03
6.129999999999999382e-04	1.294073454131314336e-03
6.139999999999999625e-04	1.285456414050287037e-03
6.149999999999999868e-04	1.276936533289008656e-03
6.160000000000000111e-04	1.268514178509145716e-03
6.169999999999999270e-04	1.260189716372366476e-03
6.179999999999999513e-04	1.251963513540335290e-03
6.189999999999999756e-04	1.243835936674720852e-03
6.199999999999999999e-04	1.235807352437189033e-03
6.210000000000000242e-04	1.227878127489407441e-03
6.219999999999999401e-04	1.220048628493043468e-03
6.229999999999999644e-04	1.212319222109762120e-03
6.239999999999999887e-04	1.204690275001231436e-03
6.250000000000000130e-04	1.197162153829118159e-03
6.259999999999999289e-04	1.189735225255089462e-03
6.269999999999999532e-04	1.182409855940811001e-03
6.279999999999999775e-04	1.175186412547950601e-03
6.290000000000000018e-04	1.168065261738174786e-03
6.299999999999999177e-04	1.161046770173151379e-03
6.309999999999999420e-04	1.154131304514545387e-03
6.319999999999999663e-04	1.147319231424024852e-03
6.329999999999999906e-04	1.140610917563256296e-03
6.340000000000000149e-04	1.134006729593906460e-03
6.349999999999999308e-04	1.127507034177643386e-03
6.359999999999999551e-04	1.121112197976132079e-03
6.369999999999999794e-04	1.114822587651040147e-03
6.380000000000000037e-04	1.108638569864034765e-03
6.389999999999999196e-04	1.102560511276782888e-03
6.399999999999999439e-04	1.096588778550950608e-03
6.409999999999999682e-04	1.090723738348204665e-03
6.419999999999999925e-04	1.084965757330212666e-03
6.430000000000000169e-04	1.079315202158641351e-03
6.439999999999999327e-04	1.073772439495157896e-03
6.449999999999999570e-04	1.068337836001428173e-03
6.459999999999999814e-04	1.063011758339119355e-03
6.470000000000000057e-04	1.057794573169898184e-03
6.479999999999999215e-04	1.052686647155432701e-03
6.489999999999999459e-04	1.047688346957388128e-03
6.499999999999999702e-04	1.042800039237432074e-03
6.509999999999999945e-04	1.038022090657231278e-03
6.520000000000000188e-04	1.033354867878452264e-03
6.529999999999999347e-04	1.028798737562763074e-03
6.539999999999999590e-04	1.024354066371829146e-03
6.549999999999999833e-04	1.020021220967317656e-03
6.560000000000000076e-04	1.015800568010895993e-03
6.569999999999999235e-04	1.011692474164231116e-03
6.579999999999999478e-04	1.007697306088988897e-03
6.589999999999999721e-04	1.003815430446836510e-03
6.599999999999999964e-04	1.000047213899440913e-03
6.610000000000000207e-04	9.963930231084692796e-04
6.619999999999999366e-04	9.928532247355887838e-04
6.629999999999999609e-04	9.894281854424648651e-04
6.639999999999999852e-04	9.861182718907655648e-04
6.650000000000000095e-04	9.829238507421574067e-04
6.659999999999999254e-04	9.798452886583071311e-04
6.669999999999999497e-04	9.768829523008816951e-04
6.679999999999999740e-04	9.740372083315476225e-04
6.689999999999999983e-04	9.713084234119723041e-04
6.700000000000000226e-04	9.686969642038221551e-04
6.709999999999999385e-04	9.662031973687644579e-04
6.719999999999999628e-04	9.638274895684654110e-04
6.729999999999999871e-04	9.615702074645922966e-04
6.740000000000000114e-04	9.594317177188120722e-04
6.749999999999999273e-04	9.574123869927912613e-04
6.759999999999999516e-04	9.555125819481967127e-04
6.769999999999999759e-04	9.537326692466957089e-04
6.780000000000000002e-04	9.520730155499546651e-04
6.789999999999999161e-04	9.505339875196405384e-04
6.799999999999999404e-04	9.491159518174201778e-04
6.809999999999999647e-04	9.478192751049604320e-04
6.819999999999999890e-04	9.466443240439280414e-04
6.830000000000000134e-04	9.455914652959902886e-04
6.839999999999999292e-04	9.446610655228131551e-04
6.849999999999999535e-04	9.438534913860643569e-04
6.859999999999999779e-04	9.431691095474103092e-04
6.870000000000000022e-04	9.426082866685180778e-04
6.879999999999999180e-04	9.421713894110542945e-04
6.889999999999999424e-04	9.418587844366856998e-04
6.899999999999999667e-04	9.416708384070795763e-04
6.909999999999999910e-04	9.416079179839025558e-04
6.920000000000000153e-04	9.416703898288212703e-04
6.929999999999999312e-04	9.418586206035026772e-04
6.939999999999999555e-04	9.421729769696138420e-04
6.949999999999999798e-04	9.426138255888213968e-04
6.960000000000000041e-04	9.431815331227922988e-04
6.969999999999999200e-04	9.438764662331932884e-04
6.979999999999999443e-04	9.446989915816912144e-04
6.989999999999999686e-04	9.456494758299530340e-04
6.999999999999999929e-04	9.467282856396455962e-04
7.010000000000000172e-04	9.479357876724355328e-04
7.019999999999999331e-04	9.492723485899894759e-04
7.029999999999999574e-04	9.507383350539750332e-04
7.039999999999999817e-04	9.523341137260588367e-04
7.050000000000000060e-04	9.540600512679071931e-04
7.059999999999999219e-04	9.559165143411872765e-04
7.069999999999999462e-04	9.579038696075662610e-04
7.079999999999999705e-04	9.600224837287103449e-04
7.089999999999999948e-04	9.622727233662869192e-04
7.100000000000000191e-04	9.646549551819623989e-04
7.109999999999999350e-04	9.671695458374038497e-04
7.119999999999999593e-04	9.698168619942781205e-04
7.129999999999999836e-04	9.725972703142522768e-04
7.140000000000000079e-04	9.755111374589927340e-04
7.149999999999999238e-04	9.785588300901663407e-04
7.159999999999999481e-04	9.817407148694405963e-04
7.169999999999999724e-04	9.850571584584814824e-04
7.179999999999999967e-04	9.885085275189563897e-04
7.190000000000000210e-04	9.920951887125320588e-04
7.199999999999999369e-04	9.958175087008750131e-04
7.209999999999999612e-04	9.996758541456526436e-04
7.219999999999999855e-04	1.003670591708531691e-03
7.230000000000000098e-04	1.007802088051178895e-03
7.239999999999999257e-04	1.012070709835260346e-03
7.249999999999999500e-04	1.016476823722443868e-03
7.259999999999999743e-04	1.021020796374396203e-03
7.269999999999999987e-04	1.025702994452784090e-03
7.279999999999999145e-04	1.030523784619273835e-03
7.289999999999999388e-04	1.035483533535533482e-03
7.299999999999999632e-04	1.040582607863228468e-03
7.309999999999999875e-04	1.045821374264026618e-03
7.320000000000000118e-04	1.051200199399594890e-03
7.329999999999999277e-04	1.056719449931598507e-03
7.339999999999999520e-04	1.062379492521706593e-03
7.349999999999999763e-04	1.068180693831584588e-03
7.360000000000000006e-04	1.074123420522899884e-03
7.369999999999999165e-04	1.080208039257318352e-03
7.379999999999999408e-04	1.086434916696508036e-03
