-8.089999999999999318e-04	3.065035143711853098e-04
-8.080000000000000160e-04	3.048442527549131606e-04
-8.069999999999999916e-04	3.031869059086797166e-04
-8.059999999999999673e-04	3.015314741718256209e-04
-8.049999999999999430e-04	2.998779578836913541e-04
-8.039999999999999187e-04	2.982263573836179934e-04
-8.030000000000000028e-04	2.965766730109464528e-04
-8.019999999999999785e-04	2.949289051050168337e-04
-8.009999999999999542e-04	2.932830540051702671e-04
-7.999999999999999299e-04	2.916391200507476131e-04
-7.990000000000000140e-04	2.899971035810896777e-04
-7.979999999999999897e-04	2.883570049355365619e-04
-7.969999999999999654e-04	2.867188244534297223e-04
-7.959999999999999411e-04	2.850825624741096394e-04
-7.949999999999999168e-04	2.834482193369168481e-04
-7.940000000000000009e-04	2.818157953811925337e-04
-7.929999999999999766e-04	2.801852909462770685e-04
-7.919999999999999523e-04	2.785567063715113124e-04
-7.909999999999999280e-04	2.769300419962358547e-04
-7.900000000000000121e-04	2.753052981597921517e-04
-7.889999999999999878e-04	2.736824752015198708e-04
-7.879999999999999635e-04	2.720615734607603601e-04
-7.869999999999999392e-04	2.704425932768543170e-04
-7.859999999999999149e-04	2.688255349891425475e-04
-7.849999999999999990e-04	2.672103989369656405e-04
-7.839999999999999747e-04	2.655971854596645104e-04
-7.829999999999999504e-04	2.639858948965796920e-04
-7.819999999999999261e-04	2.623765275870518828e-04
-7.810000000000000102e-04	2.607690838704221597e-04
-7.799999999999999859e-04	2.591635640860310034e-04
-7.789999999999999616e-04	2.575599685732191113e-04
-7.779999999999999373e-04	2.559582976713272893e-04
-7.769999999999999130e-04	2.543585517196965602e-04
-7.759999999999999971e-04	2.527607310576674587e-04
-7.749999999999999728e-04	2.511648360245804655e-04
-7.739999999999999485e-04	2.495708669597766576e-04
-7.729999999999999242e-04	2.479788242025968408e-04
-7.720000000000000083e-04	2.463887080923814416e-04
-7.709999999999999840e-04	2.448005189684714284e-04
-7.699999999999999597e-04	2.432142571702074717e-04
-7.689999999999999353e-04	2.416299230369301876e-04
-7.680000000000000195e-04	2.400475169079806801e-04
-7.669999999999999951e-04	2.384670391226993214e-04
-7.659999999999999708e-04	2.368884900204269988e-04
-7.649999999999999465e-04	2.353118699405043284e-04
-7.639999999999999222e-04	2.337371792222722245e-04
-7.630000000000000063e-04	2.321644182050716285e-04
-7.619999999999999820e-04	2.305935872282427771e-04
-7.609999999999999577e-04	2.290246866311267473e-04
-7.599999999999999334e-04	2.274577167530642636e-04
-7.590000000000000175e-04	2.258926779333959693e-04
-7.579999999999999932e-04	2.243295705114626973e-04
-7.569999999999999689e-04	2.227683948266051181e-04
-7.559999999999999446e-04	2.212091512181638478e-04
-7.549999999999999203e-04	2.196518400254798007e-04
-7.540000000000000044e-04	2.180964615878939995e-04
-7.529999999999999801e-04	2.165430162447466538e-04
-7.519999999999999558e-04	2.149915043353787321e-04
-7.509999999999999315e-04	2.134419261991310404e-04
-7.500000000000000156e-04	2.118942821753443844e-04
-7.489999999999999913e-04	2.103485726033591636e-04
-7.479999999999999670e-04	2.088047978225164548e-04
-7.469999999999999427e-04	2.072629581721569013e-04
-7.459999999999999184e-04	2.057230539916211464e-04
-7.450000000000000025e-04	2.041850856202502942e-04
-7.439999999999999782e-04	2.026490533973846083e-04
-7.429999999999999539e-04	2.011149576623648947e-04
-7.419999999999999296e-04	1.995827987545321491e-04
-7.410000000000000137e-04	1.980525770132273127e-04
-7.399999999999999894e-04	1.965242927777904327e-04
-7.389999999999999651e-04	1.949979463875627214e-04
-7.379999999999999408e-04	1.934735381818849034e-04
-7.369999999999999165e-04	1.919510685000975949e-04
-7.360000000000000006e-04	1.904305376815417102e-04
-7.349999999999999763e-04	1.889119460655577841e-04
-7.339999999999999520e-04	1.873952939914868394e-04
-7.329999999999999277e-04	1.858805817986692482e-04
-7.320000000000000118e-04	1.843678098264461417e-04
-7.309999999999999875e-04	1.828569784141578650e-04
-7.299999999999999632e-04	1.813480879011453867e-04
-7.289999999999999388e-04	1.798411386267494041e-04
-7.279999999999999145e-04	1.783361309303107775e-04
-7.269999999999999987e-04	1.768330651511702584e-04
-7.259999999999999743e-04	1.753319416286682733e-04
-7.249999999999999500e-04	1.738327607021458178e-04
-7.239999999999999257e-04	1.723355227109436166e-04
-7.230000000000000098e-04	1.708402279944024483e-04
-7.219999999999999855e-04	1.693468768918630104e-04
-7.209999999999999612e-04	1.678554697426660276e-04
-7.199999999999999369e-04	1.663660068861520347e-04
-7.190000000000000210e-04	1.648784886616623253e-04
-7.179999999999999967e-04	1.633929154085371092e-04
-7.169999999999999724e-04	1.619092874661173006e-04
-7.159999999999999481e-04	1.604276051737435970e-04
-7.149999999999999238e-04	1.589478688707569398e-04
-7.140000000000000079e-04	1.574700788964979994e-04
-7.129999999999999836e-04	1.559942355903073919e-04
-7.119999999999999593e-04	1.545203392915259503e-04
-7.109999999999999350e-04	1.530483903394943993e-04
-7.100000000000000191e-04	1.515783890735534361e-04
-7.089999999999999948e-04	1.501103358330439482e-04
-7.079999999999999705e-04	1.486442309573064431e-04
-7.069999999999999462e-04	1.471800747856818353e-04
-7.059999999999999219e-04	1.457178676575107137e-04
-7.050000000000000060e-04	1.442576099121342095e-04
-7.039999999999999817e-04	1.427993018888926949e-04
-7.029999999999999574e-04	1.413429439271268674e-04
-7.019999999999999331e-04	1.398885363661776684e-04
-7.010000000000000172e-04	1.384360795453860123e-04
-6.999999999999999929e-04	1.369855738040921898e-04
-6.989999999999999686e-04	1.355370194816371695e-04
-6.979999999999999443e-04	1.340904169173617573e-04
-6.969999999999999200e-04	1.326457664506065694e-04
-6.960000000000000041e-04	1.312030684207126285e-04
-6.949999999999999798e-04	1.297623231670202526e-04
-6.939999999999999555e-04	1.283235310288703560e-04
-6.929999999999999312e-04	1.268866923456037446e-04
-6.920000000000000153e-04	1.254518074565614139e-04
-6.909999999999999910e-04	1.240188767010835195e-04
-6.899999999999999667e-04	1.225879004185111653e-04
-6.889999999999999424e-04	1.211588789481850216e-04
-6.879999999999999180e-04	1.197318126294459351e-04
-6.870000000000000022e-04	1.183067018016346032e-04
-6.859999999999999779e-04	1.168835468040916692e-04
-6.849999999999999535e-04	1.154623479761579253e-04
-6.839999999999999292e-04	1.140431056571740420e-04
-6.830000000000000134e-04	1.126258201864810556e-04
-6.819999999999999890e-04	1.112104919034194466e-04
-6.809999999999999647e-04	1.097971211473298584e-04
-6.799999999999999404e-04	1.083857082575531781e-04
-6.789999999999999161e-04	1.069762535734303200e-04
-6.780000000000000002e-04	1.055687574343019004e-04
-6.769999999999999759e-04	1.041632201795083997e-04
-6.759999999999999516e-04	1.027596421483910306e-04
-6.749999999999999273e-04	1.013580236802901109e-04
-6.740000000000000114e-04	9.995836511454671768e-05
-6.729999999999999871e-04	9.856066679050135861e-05
-6.719999999999999628e-04	9.716492904749483958e-05
-6.709999999999999385e-04	9.577115222486788518e-05
-6.700000000000000226e-04	9.437933666196145037e-05
-6.689999999999999983e-04	9.298948269811600222e-05
-6.679999999999999740e-04	9.160159067267226532e-05
-6.669999999999999497e-04	9.021566092497116751e-05
-6.659999999999999254e-04	8.883169379435347404e-05
-6.650000000000000095e-04	8.744968962015985526e-05
-6.639999999999999852e-04	8.606964874173091379e-05
-6.629999999999999609e-04	8.469157149840756391e-05
-6.619999999999999366e-04	8.331545822953050312e-05
-6.610000000000000207e-04	8.194130927444053729e-05
-6.599999999999999964e-04	8.056912497247829613e-05
-6.589999999999999721e-04	7.919890566298458552e-05
-6.579999999999999478e-04	7.783065168530003519e-05
-6.569999999999999235e-04	7.646436337876553232e-05
-6.560000000000000076e-04	7.510004108272201834e-05
-6.549999999999999833e-04	7.373768513650968926e-05
-6.539999999999999590e-04	7.237729587946963559e-05
-6.529999999999999347e-04	7.101887365094258189e-05
-6.520000000000000188e-04	6.966241879026942893e-05
-6.509999999999999945e-04	6.830793163679046759e-05
-6.499999999999999702e-04	6.695541252984680192e-05
-6.489999999999999459e-04	6.560486180877911583e-05
-6.479999999999999215e-04	6.425627981292809324e-05
-6.470000000000000057e-04	6.290966688163452650e-05
-6.459999999999999814e-04	6.156502335423914016e-05
-6.449999999999999570e-04	6.022234957008257750e-05
-6.439999999999999327e-04	5.888164586850566472e-05
-6.430000000000000169e-04	5.754291258884940423e-05
-6.419999999999999925e-04	5.620615007045400561e-05
-6.409999999999999682e-04	5.487135865266057290e-05
-6.399999999999999439e-04	5.353853867480979679e-05
-6.389999999999999196e-04	5.220769047624240864e-05
-6.380000000000000037e-04	5.087881439629920077e-05
-6.369999999999999794e-04	4.955191077432076903e-05
-6.359999999999999551e-04	4.822697994964794639e-05
-6.349999999999999308e-04	4.690402226162141677e-05
-6.340000000000000149e-04	4.558303804958211482e-05
-6.329999999999999906e-04	4.426402765287055504e-05
-6.319999999999999663e-04	4.294699141082749589e-05
-6.309999999999999420e-04	4.163192966279378391e-05
-6.299999999999999177e-04	4.031884274811016401e-05
-6.290000000000000018e-04	3.900773100611742175e-05
-6.279999999999999775e-04	3.769859477615613940e-05
-6.269999999999999532e-04	3.639143439756716350e-05
-6.259999999999999289e-04	3.508625020969119830e-05
-6.250000000000000130e-04	3.378304255186913101e-05
-6.239999999999999887e-04	3.248181176344140837e-05
-6.229999999999999644e-04	3.118255818374902601e-05
-6.219999999999999401e-04	2.988528215213256958e-05
-6.210000000000000242e-04	2.858998400793308215e-05
-6.199999999999999999e-04	2.729666409049089188e-05
-6.189999999999999756e-04	2.600532273914686225e-05
-6.179999999999999513e-04	2.471596029324187030e-05
-6.169999999999999270e-04	2.342857709211661351e-05
-6.160000000000000111e-04	2.214317347511196213e-05
-6.149999999999999868e-04	2.085974978156828838e-05
-6.139999999999999625e-04	1.957830635082660821e-05
-6.129999999999999382e-04	1.829884352222768684e-05
-6.120000000000000223e-04	1.702136163511225902e-05
-6.109999999999999980e-04	1.574586102882083926e-05
-6.099999999999999737e-04	1.447234204269444182e-05
-6.089999999999999494e-04	1.320080501607365574e-05
-6.079999999999999251e-04	1.193125028829921068e-05
-6.070000000000000092e-04	1.066367819871212090e-05
-6.059999999999999849e-04	9.398089086652663737e-06
-6.049999999999999606e-04	8.134483291461917830e-06
-6.039999999999999362e-04	6.872861152480604362e-06
-6.030000000000000204e-04	5.613223009049447907e-06
-6.019999999999999961e-04	4.355569200509091724e-06
-6.009999999999999717e-04	3.099900066200278597e-06
-5.999999999999999474e-04	1.846215945463851897e-06
-5.989999999999999231e-04	5.945171776404667405e-07
-5.980000000000000072e-04	-6.551958979289183053e-07
-5.969999999999999829e-04	-1.902922941903844000e-06
-5.959999999999999586e-04	-3.148663614943493443e-06
-5.949999999999999343e-04	-4.392417577707104155e-06
-5.940000000000000184e-04	-5.634184490853683478e-06
-5.929999999999999941e-04	-6.873964015042988799e-06
-5.919999999999999698e-04	-8.111755810933938944e-06
-5.909999999999999455e-04	-9.347559539185818655e-06
-5.899999999999999212e-04	-1.058137486045797959e-05
-5.890000000000000053e-04	-1.181320143540948373e-05
-5.879999999999999810e-04	-1.304303892469984536e-05
-5.869999999999999567e-04	-1.427088698898824842e-05
-5.859999999999999324e-04	-1.549674528893387856e-05
-5.850000000000000165e-04	-1.672061348519589770e-05
-5.839999999999999922e-04	-1.794249123843375576e-05
-5.829999999999999679e-04	-1.916237820930674171e-05
-5.819999999999999436e-04	-2.038027405847396835e-05
-5.810000000000000277e-04	-2.159617844659458575e-05
-5.800000000000000034e-04	-2.281009103432813699e-05
-5.789999999999999791e-04	-2.402201148233375520e-05
-5.779999999999999548e-04	-2.523193945127070903e-05
-5.769999999999999305e-04	-2.643987460179817903e-05
-5.760000000000000146e-04	-2.764581659457541015e-05
-5.749999999999999903e-04	-2.884976509026178961e-05
-5.739999999999999660e-04	-3.005171974951655219e-05
-5.729999999999999417e-04	-3.125168023299891909e-05
-5.720000000000000258e-04	-3.244964620136803023e-05
-5.710000000000000015e-04	-3.364561731528327622e-05
-5.699999999999999772e-04	-3.483959323540399347e-05
-5.689999999999999529e-04	-3.603157362238935577e-05
-5.679999999999999286e-04	-3.722155813689850980e-05
-5.670000000000000127e-04	-3.840954643959077841e-05
-5.659999999999999884e-04	-3.959553819112549802e-05
-5.649999999999999641e-04	-4.077953305216192373e-05
-5.639999999999999397e-04	-4.196153068335919543e-05
-5.630000000000000239e-04	-4.314153074537658856e-05
-5.619999999999999996e-04	-4.431953289887350050e-05
-5.609999999999999752e-04	-4.549553680450907117e-05
-5.599999999999999509e-04	-4.666954212294260310e-05
-5.589999999999999266e-04	-4.784154851483335137e-05
-5.580000000000000107e-04	-4.901155564084040168e-05
-5.569999999999999864e-04	-5.017956316162334795e-05
-5.559999999999999621e-04	-5.134557073784123520e-05
-5.549999999999999378e-04	-5.250957803015335242e-05
-5.540000000000000219e-04	-5.367158469921877852e-05
-5.529999999999999976e-04	-5.483159040569710740e-05
-5.519999999999999733e-04	-5.598959481024747898e-05
-5.509999999999999490e-04	-5.714559757352900604e-05
-5.499999999999999247e-04	-5.829959835620111987e-05
-5.490000000000000088e-04	-5.945159681892290616e-05
-5.479999999999999845e-04	-6.060159262235376908e-05
-5.469999999999999602e-04	-6.174958542715297050e-05
-5.459999999999999359e-04	-6.289557489397967066e-05
-5.450000000000000200e-04	-6.403956068349308400e-05
-5.439999999999999957e-04	-6.518154245635264857e-05
-5.429999999999999714e-04	-6.632151987321759914e-05
-5.419999999999999471e-04	-6.745949259474704851e-05
-5.409999999999999228e-04	-6.859546028160031276e-05
-5.400000000000000069e-04	-6.972942259443659955e-05
-5.389999999999999826e-04	-7.086137919391533339e-05
-5.379999999999999583e-04	-7.199132974069561352e-05
-5.369999999999999340e-04	-7.311927389543679669e-05
-5.360000000000000181e-04	-7.424521131879796858e-05
-5.349999999999999938e-04	-7.536914167143863501e-05
-5.339999999999999695e-04	-7.649106461401790878e-05
-5.329999999999999452e-04	-7.761097980719510597e-05
-5.320000000000000293e-04	-7.872888691162927162e-05
-5.310000000000000050e-04	-7.984478558798003352e-05
-5.299999999999999807e-04	-8.095867549690635538e-05
-5.289999999999999564e-04	-8.207055629906767527e-05
-5.279999999999999321e-04	-8.318042765512309242e-05
-5.270000000000000162e-04	-8.428828922573185516e-05
-5.259999999999999919e-04	-8.539414067155344219e-05
-5.249999999999999676e-04	-8.649798165324697988e-05
-5.239999999999999433e-04	-8.759981183147167588e-05
-5.230000000000000274e-04	-8.869963086688669720e-05
-5.220000000000000031e-04	-8.979743842015160387e-05
-5.209999999999999788e-04	-9.089323415192548158e-05
-5.199999999999999544e-04	-9.198701772286751088e-05
-5.189999999999999301e-04	-9.307878879363710274e-05
-5.180000000000000143e-04	-9.416854702489330217e-05
-5.169999999999999899e-04	-9.525629207729557435e-05
-5.159999999999999656e-04	-9.634202361150315404e-05
-5.149999999999999413e-04	-9.742574128817520825e-05
-5.140000000000000254e-04	-9.850744476797094465e-05
-5.130000000000000011e-04	-9.958713371154981483e-05
-5.119999999999999768e-04	-1.006648077795709587e-04
-5.109999999999999525e-04	-1.017404666326936788e-04
-5.099999999999999282e-04	-1.028141099315771828e-04
-5.090000000000000123e-04	-1.038857373368806377e-04
-5.079999999999999880e-04	-1.049553485092635357e-04
-5.069999999999999637e-04	-1.060229431093849490e-04
-5.059999999999999394e-04	-1.070885207979042209e-04
-5.050000000000000235e-04	-1.081520812354804775e-04
-5.039999999999999992e-04	-1.092136240827731706e-04
-5.029999999999999749e-04	-1.102731490004414536e-04
-5.019999999999999506e-04	-1.113306556491446155e-04
-5.009999999999999263e-04	-1.123861436895419317e-04
-5.000000000000000104e-04	-1.134396127822924201e-04
-4.989999999999999861e-04	-1.144910625880556543e-04
-4.979999999999999618e-04	-1.155404927674908827e-04
-4.969999999999999375e-04	-1.165879029812571637e-04
-4.960000000000000216e-04	-1.176332928900137323e-04
-4.949999999999999973e-04	-1.186766621544201213e-04
-4.939999999999999730e-04	-1.197180104351353757e-04
-4.929999999999999487e-04	-1.207573373928187710e-04
-4.919999999999999244e-04	-1.217946426881296368e-04
-4.910000000000000085e-04	-1.228299259817270588e-04
-4.899999999999999842e-04	-1.238631869342706241e-04
-4.889999999999999599e-04	-1.248944252064193507e-04
-4.879999999999999898e-04	-1.259236404588324598e-04
-4.869999999999999655e-04	-1.269508323521692809e-04
-4.859999999999999954e-04	-1.279760005470891168e-04
-4.849999999999999711e-04	-1.289991447042511071e-04
-4.840000000000000010e-04	-1.300202644843146630e-04
-4.829999999999999767e-04	-1.310393595479389514e-04
-4.819999999999999524e-04	-1.320564295557832477e-04
-4.809999999999999823e-04	-1.330714741685066918e-04
-4.799999999999999580e-04	-1.340844930467687760e-04
-4.789999999999999879e-04	-1.350954858512285590e-04
-4.779999999999999635e-04	-1.361044522425454786e-04
-4.769999999999999934e-04	-1.371113918813784852e-04
-4.759999999999999691e-04	-1.381163044283872335e-04
-4.749999999999999990e-04	-1.391191895442306467e-04
-4.739999999999999747e-04	-1.401200468895682171e-04
-4.730000000000000046e-04	-1.411188761250590303e-04
-4.719999999999999803e-04	-1.421156769113624972e-04
-4.709999999999999560e-04	-1.431104489091377307e-04
-4.699999999999999859e-04	-1.441031917790440604e-04
-4.689999999999999616e-04	-1.450939051817406805e-04
-4.679999999999999915e-04	-1.460825887778869475e-04
-4.669999999999999672e-04	-1.470692422281421642e-04
-4.659999999999999971e-04	-1.480538651931653620e-04
-4.649999999999999728e-04	-1.490364573336159788e-04
-4.640000000000000027e-04	-1.500170183101532360e-04
-4.629999999999999784e-04	-1.509955477834363277e-04
-4.619999999999999541e-04	-1.519720454141246647e-04
-4.609999999999999840e-04	-1.529465108628772787e-04
-4.599999999999999597e-04	-1.539189437903536889e-04
-4.589999999999999896e-04	-1.548893438572128726e-04
-4.579999999999999653e-04	-1.558577107241143221e-04
-4.569999999999999952e-04	-1.568240440517171502e-04
-4.559999999999999709e-04	-1.577883435006806865e-04
-4.550000000000000008e-04	-1.587506087316641523e-04
-4.539999999999999765e-04	-1.597108394053268229e-04
-4.530000000000000064e-04	-1.606690351823280010e-04
-4.519999999999999821e-04	-1.616251957233267450e-04
-4.509999999999999578e-04	-1.625793206889826828e-04
-4.499999999999999877e-04	-1.635314097399546832e-04
-4.489999999999999634e-04	-1.644814625369022656e-04
-4.479999999999999933e-04	-1.654294787404845429e-04
-4.469999999999999690e-04	-1.663754580113608174e-04
-4.459999999999999989e-04	-1.673194000101903105e-04
-4.449999999999999746e-04	-1.682613043976323246e-04
-4.440000000000000045e-04	-1.692011708343461624e-04
-4.429999999999999802e-04	-1.701389989809910450e-04
-4.419999999999999559e-04	-1.710747884982262207e-04
-4.409999999999999858e-04	-1.720085390467109108e-04
-4.399999999999999615e-04	-1.729402502871043906e-04
-4.389999999999999914e-04	-1.738699218800658273e-04
-4.379999999999999671e-04	-1.747975534862546859e-04
-4.369999999999999970e-04	-1.757231447663301605e-04
-4.359999999999999726e-04	-1.766466953809514454e-04
-4.350000000000000026e-04	-1.775682049907777616e-04
-4.339999999999999782e-04	-1.784876732564684659e-04
-4.329999999999999539e-04	-1.794050998386827254e-04
-4.319999999999999838e-04	-1.803204843980798426e-04
-4.309999999999999595e-04	-1.812338265953191199e-04
-4.299999999999999894e-04	-1.821451260910597787e-04
-4.289999999999999651e-04	-1.830543825459610401e-04
-4.279999999999999950e-04	-1.839615956206821254e-04
-4.269999999999999707e-04	-1.848667649758824996e-04
-4.260000000000000006e-04	-1.857698902722210860e-04
-4.249999999999999763e-04	-1.866709711703575122e-04
-4.240000000000000062e-04	-1.875700073309507013e-04
-4.229999999999999819e-04	-1.884669984146601456e-04
-4.219999999999999576e-04	-1.893619440821450663e-04
-4.209999999999999875e-04	-1.902548439940645220e-04
-4.199999999999999632e-04	-1.911456978110780862e-04
-4.189999999999999931e-04	-1.920345051938447635e-04
-4.179999999999999688e-04	-1.929212658030239646e-04
-4.169999999999999987e-04	-1.938059792992748024e-04
-4.159999999999999744e-04	-1.946886453432566336e-04
-4.150000000000000043e-04	-1.955692635956287337e-04
-4.139999999999999800e-04	-1.964478337170502968e-04
-4.129999999999999557e-04	-1.973243553681805441e-04
-4.119999999999999856e-04	-1.981988282096788865e-04
-4.109999999999999613e-04	-1.990712519022043827e-04
-4.099999999999999912e-04	-1.999416261064165248e-04
-4.089999999999999669e-04	-2.008099504829742631e-04
-4.079999999999999968e-04	-2.016762246925372253e-04
-4.069999999999999725e-04	-2.025404483957643888e-04
-4.060000000000000024e-04	-2.034026212533150289e-04
-4.049999999999999781e-04	-2.042627429258485837e-04
-4.040000000000000080e-04	-2.051208130740241390e-04
-4.029999999999999837e-04	-2.059768313585010784e-04
-4.019999999999999594e-04	-2.068307974399385149e-04
-4.009999999999999893e-04	-2.076827109789958323e-04
-3.999999999999999650e-04	-2.085325716363321162e-04
-3.989999999999999949e-04	-2.093803790726068590e-04
-3.979999999999999706e-04	-2.102261329484792006e-04
-3.970000000000000005e-04	-2.110698329246082808e-04
-3.959999999999999762e-04	-2.119114786616535919e-04
-3.950000000000000061e-04	-2.127510698202742195e-04
-3.939999999999999817e-04	-2.135886060611295748e-04
-3.929999999999999574e-04	-2.144240870448787704e-04
-3.919999999999999873e-04	-2.152575124321810546e-04
-3.909999999999999630e-04	-2.160888818836958385e-04
-3.899999999999999929e-04	-2.169181950600821806e-04
-3.889999999999999686e-04	-2.177454516219994919e-04
-3.879999999999999985e-04	-2.185706512301069664e-04
-3.869999999999999742e-04	-2.193937935450638525e-04
-3.860000000000000041e-04	-2.202148782275294527e-04
-3.849999999999999798e-04	-2.210339049381629341e-04
-3.840000000000000097e-04	-2.218508733376236262e-04
-3.829999999999999854e-04	-2.226657830865708587e-04
-3.819999999999999611e-04	-2.234786338456637444e-04
-3.809999999999999910e-04	-2.242894252755616130e-04
-3.799999999999999667e-04	-2.250981570369237669e-04
-3.789999999999999966e-04	-2.259048287904092918e-04
-3.779999999999999723e-04	-2.267094401966777072e-04
-3.770000000000000022e-04	-2.275119909163879361e-04
-3.759999999999999779e-04	-2.283124806101996334e-04
-3.750000000000000078e-04	-2.291109089387717221e-04
-3.739999999999999835e-04	-2.299072755627635590e-04
-3.729999999999999592e-04	-2.307015801428345279e-04
-3.719999999999999891e-04	-2.314938223396436874e-04
-3.709999999999999648e-04	-2.322840018138504757e-04
-3.699999999999999947e-04	-2.330721182261140053e-04
-3.689999999999999704e-04	-2.338581712370936332e-04
-3.680000000000000003e-04	-2.346421605074485264e-04
-3.669999999999999760e-04	-2.354240856978380143e-04
-3.660000000000000059e-04	-2.362039464689213455e-04
-3.649999999999999816e-04	-2.369817424813577410e-04
-3.639999999999999573e-04	-2.377574733958065306e-04
-3.629999999999999872e-04	-2.385311388729268811e-04
-3.619999999999999629e-04	-2.393027385733780953e-04
-3.609999999999999928e-04	-2.400722721578194213e-04
-3.599999999999999685e-04	-2.408397392869101347e-04
-3.589999999999999984e-04	-2.416051396213094295e-04
-3.579999999999999741e-04	-2.423684728216767166e-04
-3.570000000000000040e-04	-2.431297385486710547e-04
-3.559999999999999797e-04	-2.438889364629518006e-04
-3.550000000000000096e-04	-2.446460662251782295e-04
-3.539999999999999853e-04	-2.454011274960095899e-04
-3.529999999999999609e-04	-2.461541199361052114e-04
-3.519999999999999908e-04	-2.469050432061240712e-04
-3.509999999999999665e-04	-2.476538969667256888e-04
-3.499999999999999964e-04	-2.484006808785692581e-04
-3.489999999999999721e-04	-2.491453946023140819e-04
-3.480000000000000020e-04	-2.498880377986192457e-04
-3.469999999999999777e-04	-2.506286101281441606e-04
-3.460000000000000076e-04	-2.513671112515481290e-04
-3.449999999999999833e-04	-2.521035408294902908e-04
-3.439999999999999590e-04	-2.528378985226300028e-04
-3.429999999999999889e-04	-2.535701839916264049e-04
-3.419999999999999646e-04	-2.543003968971388538e-04
-3.409999999999999945e-04	-2.550285368998263811e-04
-3.399999999999999702e-04	-2.557546036603486144e-04
-3.390000000000000001e-04	-2.564785968393644227e-04
-3.379999999999999758e-04	-2.572005160975334879e-04
-3.370000000000000057e-04	-2.579203610955147332e-04
-3.359999999999999814e-04	-2.586381314939675152e-04
-3.350000000000000113e-04	-2.593538269535510280e-04
-3.339999999999999870e-04	-2.600674471349247912e-04
-3.329999999999999627e-04	-2.607789916987477818e-04
-3.319999999999999926e-04	-2.614884603056793566e-04
-3.309999999999999683e-04	-2.621958526163786015e-04
-3.299999999999999982e-04	-2.629011682915051982e-04
-3.289999999999999739e-04	-2.636044069917180157e-04
-3.280000000000000038e-04	-2.643055683776764108e-04
-3.269999999999999795e-04	-2.650046521100396860e-04
-3.260000000000000094e-04	-2.657016578494670353e-04
-3.249999999999999851e-04	-2.663965852566178155e-04
-3.239999999999999608e-04	-2.670894339921512208e-04
-3.229999999999999907e-04	-2.677802037167264452e-04
-3.219999999999999664e-04	-2.684688940910029539e-04
-3.209999999999999963e-04	-2.691555047756397242e-04
-3.199999999999999720e-04	-2.698400354312962754e-04
-3.190000000000000019e-04	-2.705224857186316932e-04
-3.179999999999999776e-04	-2.712028552983051176e-04
-3.170000000000000075e-04	-2.718811438309762306e-04
-3.159999999999999832e-04	-2.725573509773039551e-04
-3.149999999999999589e-04	-2.732314763979475938e-04
-3.139999999999999888e-04	-2.739035197535665575e-04
-3.129999999999999644e-04	-2.745734807048196609e-04
-3.119999999999999944e-04	-2.752413589123666945e-04
-3.109999999999999700e-04	-2.759071540368666898e-04
-3.099999999999999999e-04	-2.765708657389788407e-04
-3.089999999999999756e-04	-2.772324936793628294e-04
-3.080000000000000055e-04	-2.778920375186770368e-04
-3.069999999999999812e-04	-2.785494969175816328e-04
-3.060000000000000111e-04	-2.792048715367352694e-04
-3.049999999999999868e-04	-2.798581610367974659e-04
-3.039999999999999625e-04	-2.805093650784275792e-04
-3.029999999999999924e-04	-2.811584833222845864e-04
-3.019999999999999681e-04	-2.818055154290278986e-04
-3.009999999999999980e-04	-2.824504610593168183e-04
-2.999999999999999737e-04	-2.830933198738103769e-04
-2.990000000000000036e-04	-2.837340915331682564e-04
-2.979999999999999793e-04	-2.843727756980491089e-04
-2.970000000000000092e-04	-2.850093720291127248e-04
-2.959999999999999849e-04	-2.856438801870183524e-04
-2.949999999999999606e-04	-2.862762998324248063e-04
-2.939999999999999905e-04	-2.869066306259917686e-04
-2.929999999999999662e-04	-2.875348722283782707e-04
-2.919999999999999961e-04	-2.881610243002435067e-04
-2.909999999999999718e-04	-2.887850865022471045e-04
-2.900000000000000017e-04	-2.894070584950478786e-04
-2.889999999999999774e-04	-2.900269399393053484e-04
-2.880000000000000073e-04	-2.906447304956788166e-04
-2.869999999999999830e-04	-2.912604298248270976e-04
-2.860000000000000129e-04	-2.918740375874100362e-04
-2.849999999999999886e-04	-2.924855534440867722e-04
-2.839999999999999643e-04	-2.930949770555161746e-04
-2.829999999999999942e-04	-2.937023080823578710e-04
-2.819999999999999699e-04	-2.943075461852708388e-04
-2.809999999999999998e-04	-2.949106910249147057e-04
-2.799999999999999755e-04	-2.955117422619483948e-04
-2.790000000000000054e-04	-2.961106995570312629e-04
-2.779999999999999811e-04	-2.967075625708227209e-04
-2.770000000000000110e-04	-2.973023309639818003e-04
-2.759999999999999867e-04	-2.978950043971679120e-04
-2.749999999999999624e-04	-2.984855825310401959e-04
-2.739999999999999923e-04	-2.990740650262579004e-04
-2.729999999999999680e-04	-2.996604515434805991e-04
-2.719999999999999979e-04	-3.002447417433671607e-04
-2.709999999999999735e-04	-3.008269352865769420e-04
-2.700000000000000035e-04	-3.014070318337692457e-04
-2.689999999999999791e-04	-3.019850310456031572e-04
-2.680000000000000090e-04	-3.025609325827384130e-04
-2.669999999999999847e-04	-3.031347361058337733e-04
-2.660000000000000146e-04	-3.037064412755486492e-04
-2.649999999999999903e-04	-3.042760477525426684e-04
-2.639999999999999660e-04	-3.048435551974743203e-04
-2.629999999999999959e-04	-3.054089632710034496e-04
-2.619999999999999716e-04	-3.059722716337891419e-04
-2.610000000000000015e-04	-3.065334799464906998e-04
-2.599999999999999772e-04	-3.070925878697674258e-04
-2.590000000000000071e-04	-3.076495950642784056e-04
-2.579999999999999828e-04	-3.082045011906828875e-04
-2.570000000000000127e-04	-3.087573059096404451e-04
-2.559999999999999884e-04	-3.093080088818098389e-04
-2.549999999999999641e-04	-3.098566097678510760e-04
-2.539999999999999940e-04	-3.104031082284224290e-04
-2.529999999999999697e-04	-3.109475039241839053e-04
-2.519999999999999996e-04	-3.114897965157944820e-04
-2.509999999999999753e-04	-3.120299856639133533e-04
-2.500000000000000052e-04	-3.125680710292000927e-04
-2.489999999999999809e-04	-3.131040522723136776e-04
-2.480000000000000108e-04	-3.136379290539133562e-04
-2.469999999999999865e-04	-3.141697010346587021e-04
-2.459999999999999622e-04	-3.146993678752083674e-04
-2.449999999999999921e-04	-3.152269292362223051e-04
-2.439999999999999949e-04	-3.157523847783594382e-04
-2.429999999999999977e-04	-3.162757341622786898e-04
-2.420000000000000005e-04	-3.167969770486399588e-04
-2.409999999999999762e-04	-3.173161130981021140e-04
-2.399999999999999790e-04	-3.178331419713246748e-04
-2.389999999999999818e-04	-3.183480633289664558e-04
-2.379999999999999846e-04	-3.188608768316870848e-04
-2.369999999999999874e-04	-3.193715821401457559e-04
-2.359999999999999902e-04	-3.198801789150016090e-04
-2.349999999999999930e-04	-3.203866668169140551e-04
-2.339999999999999958e-04	-3.208910455065423425e-04
-2.329999999999999986e-04	-3.213933146445454485e-04
-2.320000000000000014e-04	-3.218934738915830008e-04
-2.309999999999999771e-04	-3.223915229083140852e-04
-2.299999999999999799e-04	-3.228874613553979500e-04
-2.289999999999999826e-04	-3.233812888934938976e-04
-2.279999999999999854e-04	-3.238730051832610138e-04
-2.269999999999999882e-04	-3.243626098853589265e-04
-2.259999999999999910e-04	-3.248501026604465585e-04
-2.249999999999999938e-04	-3.253354831691832125e-04
-2.239999999999999966e-04	-3.258187510722282995e-04
-2.229999999999999994e-04	-3.262999060302410135e-04
-2.220000000000000022e-04	-3.267789477038806028e-04
-2.209999999999999779e-04	-3.272558757538062617e-04
-2.199999999999999807e-04	-3.277306898406771841e-04
-2.189999999999999835e-04	-3.282033896251528894e-04
-2.179999999999999863e-04	-3.286739747678924634e-04
-2.169999999999999891e-04	-3.291424449295552086e-04
-2.159999999999999919e-04	-3.296087997708003732e-04
-2.149999999999999947e-04	-3.300730389522870973e-04
-2.139999999999999975e-04	-3.305351621346747917e-04
-2.130000000000000003e-04	-3.309951689786225964e-04
-2.120000000000000031e-04	-3.314530591447898138e-04
-2.109999999999999788e-04	-3.319088322938359634e-04
-2.099999999999999816e-04	-3.323624880864198055e-04
-2.089999999999999844e-04	-3.328140261832009139e-04
-2.079999999999999872e-04	-3.332634462448385909e-04
-2.069999999999999900e-04	-3.337107479319917054e-04
-2.059999999999999928e-04	-3.341559309053201022e-04
-2.049999999999999956e-04	-3.345989948254826500e-04
-2.039999999999999984e-04	-3.350399393531386513e-04
-2.030000000000000012e-04	-3.354787641489474629e-04
-2.020000000000000040e-04	-3.359154688735681163e-04
-2.009999999999999797e-04	-3.363500531876601309e-04
-1.999999999999999825e-04	-3.367825167518826465e-04
-1.989999999999999853e-04	-3.372128592268950199e-04
-1.979999999999999881e-04	-3.376410802733563910e-04
-1.969999999999999909e-04	-3.380671795519258997e-04
-1.959999999999999937e-04	-3.384911567232631196e-04
-1.949999999999999965e-04	-3.389130114480271906e-04
-1.939999999999999993e-04	-3.393327433868770899e-04
-1.930000000000000021e-04	-3.397503522004724453e-04
-1.920000000000000049e-04	-3.401658375494724510e-04
-1.909999999999999806e-04	-3.405791990945361927e-04
-1.899999999999999834e-04	-3.409904364963230270e-04
-1.889999999999999862e-04	-3.413995494154920939e-04
-1.879999999999999890e-04	-3.418065375127030754e-04
-1.869999999999999917e-04	-3.422114004486147320e-04
-1.859999999999999945e-04	-3.426141378838865287e-04
-1.849999999999999973e-04	-3.430147494791776597e-04
-1.840000000000000001e-04	-3.434132348951474275e-04
-1.830000000000000029e-04	-3.438095937924551346e-04
-1.819999999999999786e-04	-3.442038258317599753e-04
-1.809999999999999814e-04	-3.445959306737211435e-04
-1.799999999999999842e-04	-3.449859079789981586e-04
-1.789999999999999870e-04	-3.453737574082498354e-04
-1.779999999999999898e-04	-3.457594786221358557e-04
-1.769999999999999926e-04	-3.461430712813153053e-04
-1.759999999999999954e-04	-3.465245350464473241e-04
-1.749999999999999982e-04	-3.469038695781914315e-04
-1.740000000000000010e-04	-3.472810745372066047e-04
-1.730000000000000038e-04	-3.476561495841523088e-04
-1.719999999999999795e-04	-3.480290943796878465e-04
-1.709999999999999823e-04	-3.483999085844721407e-04
-1.699999999999999851e-04	-3.487685918591648193e-04
-1.689999999999999879e-04	-3.491351438644249138e-04
-1.679999999999999907e-04	-3.494995642609118893e-04
-1.669999999999999935e-04	-3.498618527092848857e-04
-1.659999999999999963e-04	-3.502220088702028260e-04
-1.649999999999999991e-04	-3.505800324043255550e-04
-1.640000000000000019e-04	-3.509359229723119956e-04
-1.630000000000000047e-04	-3.512896802348213421e-04
-1.619999999999999804e-04	-3.516413038525133304e-04
-1.609999999999999832e-04	-3.519907934860465586e-04
-1.599999999999999860e-04	-3.523381487960806544e-04
-1.589999999999999888e-04	-3.526833694432748119e-04
-1.579999999999999916e-04	-3.530264550882882251e-04
-1.569999999999999944e-04	-3.533674053917803593e-04
-1.559999999999999972e-04	-3.537062200144102460e-04
-1.550000000000000000e-04	-3.540428986168372419e-04
-1.540000000000000028e-04	-3.543774408597206494e-04
-1.530000000000000056e-04	-3.547098464037195544e-04
-1.519999999999999813e-04	-3.550401149094933135e-04
-1.509999999999999841e-04	-3.553682460377012293e-04
-1.499999999999999869e-04	-3.556942394490025501e-04
-1.489999999999999897e-04	-3.560180948040565785e-04
-1.479999999999999925e-04	-3.563398117635222374e-04
-1.469999999999999953e-04	-3.566593899880592632e-04
-1.459999999999999981e-04	-3.569768291383266330e-04
-1.450000000000000009e-04	-3.572921288749835410e-04
-1.440000000000000036e-04	-3.576052888586895608e-04
-1.430000000000000064e-04	-3.579163087501036696e-04
-1.419999999999999821e-04	-3.582251882098852242e-04
-1.409999999999999849e-04	-3.585319268986935271e-04
-1.399999999999999877e-04	-3.588365244771876640e-04
-1.389999999999999905e-04	-3.591389806060270458e-04
-1.379999999999999933e-04	-3.594392949458708668e-04
-1.369999999999999961e-04	-3.597374671573784293e-04
-1.359999999999999989e-04	-3.600334969012091444e-04
-1.350000000000000017e-04	-3.603273838380218266e-04
-1.340000000000000045e-04	-3.606191276284761581e-04
-1.330000000000000073e-04	-3.609087279332311160e-04
-1.319999999999999830e-04	-3.611961844129461655e-04
-1.309999999999999858e-04	-3.614814967282805008e-04
-1.299999999999999886e-04	-3.617646645398932617e-04
-1.289999999999999914e-04	-3.620456875084438050e-04
-1.279999999999999942e-04	-3.623245652945914874e-04
-1.269999999999999970e-04	-3.626012975589952320e-04
-1.259999999999999998e-04	-3.628758839623148292e-04
-1.250000000000000026e-04	-3.631483241652090394e-04
-1.240000000000000054e-04	-3.634186178283373820e-04
-1.229999999999999811e-04	-3.636867646123591053e-04
-1.219999999999999974e-04	-3.639527641779332951e-04
-1.210000000000000002e-04	-3.642166161857192538e-04
-1.199999999999999895e-04	-3.644783202963764466e-04
-1.189999999999999923e-04	-3.647378761705638507e-04
-1.179999999999999951e-04	-3.649952834689410941e-04
-1.169999999999999979e-04	-3.652505418521670454e-04
-1.160000000000000007e-04	-3.655036509809010074e-04
-1.149999999999999899e-04	-3.657546105158024450e-04
-1.139999999999999927e-04	-3.660034201175304982e-04
-1.129999999999999955e-04	-3.662500794467445238e-04
-1.119999999999999983e-04	-3.664945881641035533e-04
-1.110000000000000011e-04	-3.667369459302672143e-04
-1.099999999999999904e-04	-3.669771524058943217e-04
-1.089999999999999932e-04	-3.672152072516443404e-04
-1.079999999999999960e-04	-3.674511101281766274e-04
-1.069999999999999988e-04	-3.676848606961503766e-04
-1.060000000000000016e-04	-3.679164586162247280e-04
-1.049999999999999908e-04	-3.681459035490591467e-04
-1.039999999999999936e-04	-3.683731951553127185e-04
-1.029999999999999964e-04	-3.685983330956446916e-04
-1.019999999999999992e-04	-3.688213170307144771e-04
-1.010000000000000020e-04	-3.690421466211811605e-04
-9.999999999999999124e-05	-3.692608215277041529e-04
-9.899999999999999404e-05	-3.694773414109425399e-04
-9.799999999999999684e-05	-3.696917059315557325e-04
-9.699999999999999963e-05	-3.699039147502028706e-04
-9.600000000000000243e-05	-3.701139675275432026e-04
-9.499999999999999168e-05	-3.703218639242362477e-04
-9.399999999999999448e-05	-3.705276036009410375e-04
-9.299999999999999727e-05	-3.707311862183169287e-04
-9.200000000000000007e-05	-3.709326114370228443e-04
-9.099999999999998932e-05	-3.711318789177184122e-04
-8.999999999999999212e-05	-3.713289883210628807e-04
-8.899999999999999491e-05	-3.715239393077153897e-04
-8.799999999999999771e-05	-3.717167315383351875e-04
-8.700000000000000051e-05	-3.719073646735816308e-04
-8.599999999999998976e-05	-3.720958383741137512e-04
-8.499999999999999255e-05	-3.722821523005910137e-04
-8.399999999999999535e-05	-3.724663061136727210e-04
-8.299999999999999815e-05	-3.726482994740180129e-04
-8.200000000000000095e-05	-3.728281320422860293e-04
-8.099999999999999019e-05	-3.730058034791362896e-04
-7.999999999999999299e-05	-3.731813134452279337e-04
-7.899999999999999579e-05	-3.733546616012202099e-04
-7.799999999999999859e-05	-3.735258476077722039e-04
-7.700000000000000139e-05	-3.736948711255436519e-04
-7.599999999999999063e-05	-3.738617318151932602e-04
-7.499999999999999343e-05	-3.740264293373806023e-04
-7.399999999999999623e-05	-3.741889633527649807e-04
-7.299999999999999903e-05	-3.743493335220053186e-04
-7.200000000000000182e-05	-3.745075395057612436e-04
-7.099999999999999107e-05	-3.746635809646917331e-04
-6.999999999999999387e-05	-3.748174575594563607e-04
-6.899999999999999667e-05	-3.749691689507141036e-04
-6.799999999999999946e-05	-3.751187147991242644e-04
-6.700000000000000226e-05	-3.752660947653460913e-04
-6.599999999999999151e-05	-3.754113085100390496e-04
-6.499999999999999431e-05	-3.755543556938622249e-04
-6.399999999999999710e-05	-3.756952359774747572e-04
-6.299999999999999990e-05	-3.758339490215361115e-04
-6.200000000000000270e-05	-3.759704944867055362e-04
-6.099999999999999872e-05	-3.761048720336420629e-04
-5.999999999999999474e-05	-3.762370813230051024e-04
-5.899999999999999754e-05	-3.763671220154541199e-04
-5.800000000000000034e-05	-3.764949937716480927e-04
-5.699999999999999636e-05	-3.766206962522463233e-04
-5.599999999999999916e-05	-3.767442291179081684e-04
-5.499999999999999518e-05	-3.768655920292926596e-04
-5.399999999999999798e-05	-3.769847846470593703e-04
-5.300000000000000078e-05	-3.771018066318673322e-04
-5.199999999999999680e-05	-3.772166576443759562e-04
-5.099999999999999960e-05	-3.773293373452442194e-04
-4.999999999999999562e-05	-3.774398453951318040e-04
-4.899999999999999842e-05	-3.775481814546976329e-04
-4.800000000000000122e-05	-3.776543451846010088e-04
-4.699999999999999724e-05	-3.777583362455012883e-04
-4.600000000000000004e-05	-3.778601542980578282e-04
-4.499999999999999606e-05	-3.779597990029295515e-04
-4.399999999999999886e-05	-3.780572700207759777e-04
-4.299999999999999488e-05	-3.781525670122563008e-04
-4.199999999999999768e-05	-3.782456896380297150e-04
-4.100000000000000047e-05	-3.783366375587556311e-04
-3.999999999999999650e-05	-3.784254104350931350e-04
-3.899999999999999929e-05	-3.785120079277016374e-04
-3.799999999999999532e-05	-3.785964296972402243e-04
-3.699999999999999811e-05	-3.786786754043683606e-04
-3.600000000000000091e-05	-3.787587447097450237e-04
-3.499999999999999693e-05	-3.788366372740298413e-04
-3.399999999999999973e-05	-3.789123527578816823e-04
-3.299999999999999575e-05	-3.789858908219600120e-04
-3.199999999999999855e-05	-3.790572511269241327e-04
-3.100000000000000135e-05	-3.791264333334332386e-04
-2.999999999999999737e-05	-3.791934371021464696e-04
-2.900000000000000017e-05	-3.792582620937232909e-04
-2.799999999999999958e-05	-3.793209079688228424e-04
-2.699999999999999899e-05	-3.793813743881043724e-04
-2.599999999999999840e-05	-3.794396610122272376e-04
-2.499999999999999781e-05	-3.794957675018505237e-04
-2.400000000000000061e-05	-3.795496935176336959e-04
-2.300000000000000002e-05	-3.796014387202358399e-04
-2.199999999999999943e-05	-3.796510027703161498e-04
-2.099999999999999884e-05	-3.796983853285341992e-04
-1.999999999999999825e-05	-3.797435860555491280e-04
-1.899999999999999766e-05	-3.797866046120198591e-04
-1.800000000000000046e-05	-3.798274406586060205e-04
-1.699999999999999987e-05	-3.798660938559668605e-04
-1.599999999999999928e-05	-3.799025638647613020e-04
-1.499999999999999869e-05	-3.799368503456490814e-04
-1.399999999999999979e-05	-3.799689529592890132e-04
-1.299999999999999920e-05	-3.799988713663406169e-04
-1.200000000000000030e-05	-3.800266052274631949e-04
-1.099999999999999971e-05	-3.800521542033157788e-04
-9.999999999999999124e-06	-3.800755179545578337e-04
-9.000000000000000228e-06	-3.800966961418483911e-04
-7.999999999999999638e-06	-3.801156884258469161e-04
-6.999999999999999895e-06	-3.801324944672126028e-04
-6.000000000000000152e-06	-3.801471139266046455e-04
-4.999999999999999562e-06	-3.801595464646824007e-04
-3.999999999999999819e-06	-3.801697917421050627e-04
-3.000000000000000076e-06	-3.801778494195318255e-04
-1.999999999999999909e-06	-3.801837191576222085e-04
-9.999999999999999547e-07	-3.801874006170351348e-04
0.000000000000000000e+00	-3.801888934584300153e-04
9.999999999999999547e-07	-3.801881973424660983e-04
1.999999999999999909e-06	-3.801853119298027406e-04
3.000000000000000076e-06	-3.801802368810990279e-04
3.999999999999999819e-06	-3.801729718570142627e-04
4.999999999999999562e-06	-3.801635165182078017e-04
6.000000000000000152e-06	-3.801518705253387849e-04
6.999999999999999895e-06	-3.801380335390665147e-04
7.999999999999999638e-06	-3.801220052200502937e-04
9.000000000000000228e-06	-3.801037852289492077e-04
9.999999999999999124e-06	-3.800833732264227759e-04
1.099999999999999971e-05	-3.800607688731300841e-04
1.200000000000000030e-05	-3.800359718297304889e-04
1.299999999999999920e-05	-3.800089817568831846e-04
1.399999999999999979e-05	-3.799797983152472568e-04
1.499999999999999869e-05	-3.799484211654823333e-04
1.599999999999999928e-05	-3.799148499682473371e-04
1.699999999999999987e-05	-3.798790843842016251e-04
1.800000000000000046e-05	-3.798411240740047165e-04
1.899999999999999766e-05	-3.798009686983155344e-04
1.999999999999999825e-05	-3.797586179177932729e-04
2.099999999999999884e-05	-3.797140713930976142e-04
2.199999999999999943e-05	-3.796673287848874811e-04
2.300000000000000002e-05	-3.796183897538221762e-04
2.400000000000000061e-05	-3.795672539605610021e-04
2.499999999999999781e-05	-3.795139210657631529e-04
2.599999999999999840e-05	-3.794583907300880395e-04
2.699999999999999899e-05	-3.794006626141946934e-04
2.799999999999999958e-05	-3.793407363787425798e-04
2.900000000000000017e-05	-3.792786116843910012e-04
2.999999999999999737e-05	-3.792142881917989349e-04
3.100000000000000135e-05	-3.791477655616256833e-04
3.199999999999999855e-05	-3.790790434545307660e-04
3.299999999999999575e-05	-3.790081215311732685e-04
3.399999999999999973e-05	-3.789349994522123307e-04
3.499999999999999693e-05	-3.788596768783075264e-04
3.600000000000000091e-05	-3.787821534701178868e-04
3.699999999999999811e-05	-3.787024288883027146e-04
3.799999999999999532e-05	-3.786205027935211497e-04
3.899999999999999929e-05	-3.785363748464326572e-04
3.999999999999999650e-05	-3.784500447076963770e-04
4.100000000000000047e-05	-3.783615120379715574e-04
4.199999999999999768e-05	-3.782707764979175553e-04
4.299999999999999488e-05	-3.781778377481935646e-04
4.399999999999999886e-05	-3.780826954494588337e-04
4.499999999999999606e-05	-3.779853492623725568e-04
4.600000000000000004e-05	-3.778857988475940906e-04
4.699999999999999724e-05	-3.777840438657825749e-04
4.800000000000000122e-05	-3.776800839775974750e-04
4.899999999999999842e-05	-3.775739188436979307e-04
4.999999999999999562e-05	-3.774655481247431903e-04
5.099999999999999960e-05	-3.773549714813923396e-04
5.199999999999999680e-05	-3.772421885743051147e-04
5.300000000000000078e-05	-3.771271990641402220e-04
5.399999999999999798e-05	-3.770100026115572349e-04
5.499999999999999518e-05	-3.768905988772154017e-04
5.599999999999999916e-05	-3.767689875217738083e-04
5.699999999999999636e-05	-3.766451682058918654e-04
5.800000000000000034e-05	-3.765191405902288215e-04
5.899999999999999754e-05	-3.763909043354438165e-04
5.999999999999999474e-05	-3.762604591021963697e-04
6.099999999999999872e-05	-3.761278045511454041e-04
6.200000000000000270e-05	-3.759929403429503308e-04
6.299999999999999990e-05	-3.758558661382703980e-04
6.399999999999999710e-05	-3.757165815977649625e-04
6.499999999999999431e-05	-3.755750863820931100e-04
6.599999999999999151e-05	-3.754313801519141972e-04
6.700000000000000226e-05	-3.752854625678875809e-04
6.799999999999999946e-05	-3.751373332906721841e-04
6.899999999999999667e-05	-3.749869919809275262e-04
6.999999999999999387e-05	-3.748344382993129640e-04
7.099999999999999107e-05	-3.746796719064875289e-04
7.200000000000000182e-05	-3.745226924631105776e-04
7.299999999999999903e-05	-3.743634996298412501e-04
7.399999999999999623e-05	-3.742020930673390115e-04
7.499999999999999343e-05	-3.740384724362628933e-04
7.599999999999999063e-05	-3.738726373972724149e-04
7.700000000000000139e-05	-3.737045876110266077e-04
7.799999999999999859e-05	-3.735343227381849370e-04
7.899999999999999579e-05	-3.733618424394062715e-04
7.999999999999999299e-05	-3.731871463753503476e-04
8.099999999999999019e-05	-3.730102342066761423e-04
8.200000000000000095e-05	-3.728311055940429042e-04
8.299999999999999815e-05	-3.726497601981100440e-04
8.399999999999999535e-05	-3.724661976795367018e-04
8.499999999999999255e-05	-3.722804176989820716e-04
8.599999999999998976e-05	-3.720924199171056186e-04
8.700000000000000051e-05	-3.719022039945664828e-04
8.799999999999999771e-05	-3.717097695920238581e-04
8.899999999999999491e-05	-3.715151163701371556e-04
8.999999999999999212e-05	-3.713182439895654609e-04
9.099999999999998932e-05	-3.711191521109682935e-04
9.200000000000000007e-05	-3.709178403950045763e-04
9.299999999999999727e-05	-3.707143085023336662e-04
9.399999999999999448e-05	-3.705085560936149740e-04
9.499999999999999168e-05	-3.703005828295076397e-04
9.600000000000000243e-05	-3.700903883706710201e-04
9.699999999999999963e-05	-3.698779723777642007e-04
9.799999999999999684e-05	-3.696633345114465384e-04
9.899999999999999404e-05	-3.694464744323772815e-04
9.999999999999999124e-05	-3.692273918012156241e-04
1.010000000000000020e-04	-3.690060862786209228e-04
1.019999999999999992e-04	-3.687825575252525888e-04
1.029999999999999964e-04	-3.685568052017695992e-04
1.039999999999999936e-04	-3.683288289688310940e-04
1.049999999999999908e-04	-3.680986284870967551e-04
1.060000000000000016e-04	-3.678662034172255598e-04
1.069999999999999988e-04	-3.676315534198768649e-04
1.079999999999999960e-04	-3.673946781557098102e-04
1.089999999999999932e-04	-3.671555772853838610e-04
1.099999999999999904e-04	-3.669142504695579944e-04
1.110000000000000011e-04	-3.666706973688916757e-04
1.119999999999999983e-04	-3.664249176440442617e-04
1.129999999999999955e-04	-3.661769109556745668e-04
1.139999999999999927e-04	-3.659266769644423274e-04
1.149999999999999899e-04	-3.656742153310066292e-04
1.160000000000000007e-04	-3.654195257160267204e-04
1.169999999999999979e-04	-3.651626077801616867e-04
1.179999999999999951e-04	-3.649034611840708850e-04
1.189999999999999923e-04	-3.646420855884139429e-04
1.199999999999999895e-04	-3.643784806538496210e-04
1.210000000000000002e-04	-3.641126460410374385e-04
1.219999999999999974e-04	-3.638445814106364812e-04
1.229999999999999811e-04	-3.635742864233062685e-04
1.240000000000000054e-04	-3.633017607397057776e-04
1.250000000000000026e-04	-3.630270040204943652e-04
1.259999999999999998e-04	-3.627500159263312256e-04
1.269999999999999970e-04	-3.624707961178759864e-04
1.279999999999999942e-04	-3.621893442557873538e-04
1.289999999999999914e-04	-3.619056600007248474e-04
1.299999999999999886e-04	-3.616197430133477695e-04
1.309999999999999858e-04	-3.613315929543152601e-04
1.319999999999999830e-04	-3.610412094842868386e-04
1.330000000000000073e-04	-3.607485922639213738e-04
1.340000000000000045e-04	-3.604537409538783850e-04
1.350000000000000017e-04	-3.601566552148170665e-04
1.359999999999999989e-04	-3.598573347073965581e-04
1.369999999999999961e-04	-3.595557790922764875e-04
1.379999999999999933e-04	-3.592519880301156695e-04
1.389999999999999905e-04	-3.589459611815735691e-04
1.399999999999999877e-04	-3.586376982073096516e-04
1.409999999999999849e-04	-3.583271987679825690e-04
1.419999999999999821e-04	-3.580144625242520575e-04
1.430000000000000064e-04	-3.576994891367773653e-04
1.440000000000000036e-04	-3.573822782662175782e-04
1.450000000000000009e-04	-3.570628295732321614e-04
1.459999999999999981e-04	-3.567411427184800378e-04
1.469999999999999953e-04	-3.564172173626207270e-04
1.479999999999999925e-04	-3.560910531663134771e-04
1.489999999999999897e-04	-3.557626497902173740e-04
1.499999999999999869e-04	-3.554320068949919369e-04
1.509999999999999841e-04	-3.550991241412962515e-04
1.519999999999999813e-04	-3.547640011897895663e-04
1.530000000000000056e-04	-3.544266377011311836e-04
1.540000000000000028e-04	-3.540870333359804061e-04
1.550000000000000000e-04	-3.537451877549962652e-04
1.559999999999999972e-04	-3.534011006188383886e-04
1.569999999999999944e-04	-3.530547715881658622e-04
1.579999999999999916e-04	-3.527062003236377716e-04
1.589999999999999888e-04	-3.523553864859134735e-04
1.599999999999999860e-04	-3.520023297356523789e-04
1.609999999999999832e-04	-3.516470297335135735e-04
1.619999999999999804e-04	-3.512894861401564140e-04
1.630000000000000047e-04	-3.509296986162402029e-04
1.640000000000000019e-04	-3.505676668224239176e-04
1.649999999999999991e-04	-3.502033904193671858e-04
1.659999999999999963e-04	-3.498368690677290389e-04
1.669999999999999935e-04	-3.494681024281686170e-04
1.679999999999999907e-04	-3.490970901613457103e-04
1.689999999999999879e-04	-3.487238319279189168e-04
1.699999999999999851e-04	-3.483483273885477015e-04
1.709999999999999823e-04	-3.479705762038918550e-04
1.719999999999999795e-04	-3.475905780346098665e-04
1.730000000000000038e-04	-3.472083325413613639e-04
1.740000000000000010e-04	-3.468238393848055412e-04
1.749999999999999982e-04	-3.464370982256015385e-04
1.759999999999999954e-04	-3.460481087244090376e-04
1.769999999999999926e-04	-3.456568705418867991e-04
1.779999999999999898e-04	-3.452633833386943964e-04
1.789999999999999870e-04	-3.448676467754908611e-04
1.799999999999999842e-04	-3.444696605129355499e-04
1.809999999999999814e-04	-3.440694242116880365e-04
1.819999999999999786e-04	-3.436669375324068643e-04
1.830000000000000029e-04	-3.432622001357518238e-04
1.840000000000000001e-04	-3.428552116823820549e-04
1.849999999999999973e-04	-3.424459718329568602e-04
1.859999999999999945e-04	-3.420344802481355964e-04
1.869999999999999917e-04	-3.416207365885771323e-04
1.879999999999999890e-04	-3.412047405149409873e-04
1.889999999999999862e-04	-3.407864916878865723e-04
1.899999999999999834e-04	-3.403659897680727563e-04
1.909999999999999806e-04	-3.399432344161591670e-04
1.920000000000000049e-04	-3.395182252928047816e-04
1.930000000000000021e-04	-3.390909620586689027e-04
1.939999999999999993e-04	-3.386614443744111040e-04
1.949999999999999965e-04	-3.382296719006901999e-04
1.959999999999999937e-04	-3.377956442981656557e-04
1.969999999999999909e-04	-3.373593612274967740e-04
1.979999999999999881e-04	-3.369208223493428030e-04
1.989999999999999853e-04	-3.364800273243629368e-04
1.999999999999999825e-04	-3.360369758132164780e-04
2.009999999999999797e-04	-3.355916674765625123e-04
2.020000000000000040e-04	-3.351441019750606132e-04
2.030000000000000012e-04	-3.346942789693697039e-04
2.039999999999999984e-04	-3.342421981201494120e-04
2.049999999999999956e-04	-3.337878590880584981e-04
2.059999999999999928e-04	-3.333312615337566441e-04
2.069999999999999900e-04	-3.328724051179031526e-04
2.079999999999999872e-04	-3.324112895011569467e-04
2.089999999999999844e-04	-3.319479143441773287e-04
2.099999999999999816e-04	-3.314822793076238183e-04
2.109999999999999788e-04	-3.310143840521554467e-04
2.120000000000000031e-04	-3.305442282384315708e-04
2.130000000000000003e-04	-3.300718115271113304e-04
2.139999999999999975e-04	-3.295971335788542992e-04
2.149999999999999947e-04	-3.291201940543192917e-04
2.159999999999999919e-04	-3.286409926141658274e-04
2.169999999999999891e-04	-3.281595289190531546e-04
2.179999999999999863e-04	-3.276758026296403047e-04
2.189999999999999835e-04	-3.271898134065868513e-04
2.199999999999999807e-04	-3.267015609105520428e-04
2.209999999999999779e-04	-3.262110448021949107e-04
2.220000000000000022e-04	-3.257182647421749200e-04
2.229999999999999994e-04	-3.252232203911510481e-04
2.239999999999999966e-04	-3.247259114097827601e-04
2.249999999999999938e-04	-3.242263374587294128e-04
2.259999999999999910e-04	-3.237244981986500377e-04
2.269999999999999882e-04	-3.232203932902039914e-04
2.279999999999999854e-04	-3.227140223940504139e-04
2.289999999999999826e-04	-3.222053851708487704e-04
2.299999999999999799e-04	-3.216944812812583634e-04
2.309999999999999771e-04	-3.211813103859381159e-04
2.320000000000000014e-04	-3.206658721455474389e-04
2.329999999999999986e-04	-3.201481662207457976e-04
2.339999999999999958e-04	-3.196281922721922234e-04
2.349999999999999930e-04	-3.191059499605461273e-04
2.359999999999999902e-04	-3.185814389464664323e-04
2.369999999999999874e-04	-3.180546588906127121e-04
2.379999999999999846e-04	-3.175256094536442692e-04
2.389999999999999818e-04	-3.169942902962202434e-04
2.399999999999999790e-04	-3.164607010789998289e-04
2.409999999999999762e-04	-3.159248414626422198e-04
2.420000000000000005e-04	-3.153867111078068270e-04
2.429999999999999977e-04	-3.148463096751529531e-04
2.439999999999999949e-04	-3.143036368253397379e-04
2.449999999999999921e-04	-3.137586922190264299e-04
2.459999999999999622e-04	-3.132114755168724399e-04
2.469999999999999865e-04	-3.126619863795368536e-04
2.480000000000000108e-04	-3.121102244676790278e-04
2.489999999999999809e-04	-3.115561894419581024e-04
2.500000000000000052e-04	-3.109998809630334883e-04
2.509999999999999753e-04	-3.104412986915642712e-04
2.519999999999999996e-04	-3.098804422882099705e-04
2.529999999999999697e-04	-3.093173114136296177e-04
2.539999999999999940e-04	-3.087519057284824069e-04
2.549999999999999641e-04	-3.081842248934278574e-04
2.559999999999999884e-04	-3.076142685691250550e-04
2.570000000000000127e-04	-3.070420364162331937e-04
2.579999999999999828e-04	-3.064675280954117387e-04
2.590000000000000071e-04	-3.058907432673198300e-04
2.599999999999999772e-04	-3.053116815926166074e-04
2.610000000000000015e-04	-3.047303427319616445e-04
2.619999999999999716e-04	-3.041467263460139727e-04
2.629999999999999959e-04	-3.035608320954327863e-04
2.639999999999999660e-04	-3.029726596408774961e-04
2.649999999999999903e-04	-3.023822086430071878e-04
2.660000000000000146e-04	-3.017894787624813809e-04
2.669999999999999847e-04	-3.011944696599591067e-04
2.680000000000000090e-04	-3.005971809960996137e-04
2.689999999999999791e-04	-2.999976124315624753e-04
2.700000000000000035e-04	-2.993957636270066147e-04
2.709999999999999735e-04	-2.987916342430912259e-04
2.719999999999999979e-04	-2.981852239404759368e-04
2.729999999999999680e-04	-2.975765323798198331e-04
2.739999999999999923e-04	-2.969655592217820004e-04
2.749999999999999624e-04	-2.963523041270218496e-04
2.759999999999999867e-04	-2.957367667561986834e-04
2.770000000000000110e-04	-2.951189467699716416e-04
2.779999999999999811e-04	-2.944988438290000268e-04
2.790000000000000054e-04	-2.938764575939431414e-04
2.799999999999999755e-04	-2.932517877254602339e-04
2.809999999999999998e-04	-2.926248338842103356e-04
2.819999999999999699e-04	-2.919955957308532912e-04
2.829999999999999942e-04	-2.913640729260475902e-04
2.839999999999999643e-04	-2.907302651304531312e-04
2.849999999999999886e-04	-2.900941720047287833e-04
2.860000000000000129e-04	-2.894557932095340657e-04
2.869999999999999830e-04	-2.888151284055279558e-04
2.880000000000000073e-04	-2.881721772533698102e-04
2.889999999999999774e-04	-2.875269394137191484e-04
2.900000000000000017e-04	-2.868794145472347849e-04
2.909999999999999718e-04	-2.862296023145762935e-04
2.919999999999999961e-04	-2.855775023764028139e-04
2.929999999999999662e-04	-2.849231143933737571e-04
2.939999999999999905e-04	-2.842664380261481546e-04
2.949999999999999606e-04	-2.836074729353854173e-04
2.959999999999999849e-04	-2.829462187817445768e-04
2.970000000000000092e-04	-2.822826752258852066e-04
2.979999999999999793e-04	-2.816168419284664466e-04
2.990000000000000036e-04	-2.809487185501475452e-04
2.999999999999999737e-04	-2.802783047515875880e-04
3.009999999999999980e-04	-2.796056001934459859e-04
3.019999999999999681e-04	-2.789306045363821500e-04
3.029999999999999924e-04	-2.782533174410550033e-04
3.039999999999999625e-04	-2.775737385681241193e-04
3.049999999999999868e-04	-2.768918675782485296e-04
3.060000000000000111e-04	-2.762077041320875909e-04
3.069999999999999812e-04	-2.755212478903004973e-04
3.080000000000000055e-04	-2.748324985135467140e-04
3.089999999999999756e-04	-2.741414556624852182e-04
3.099999999999999999e-04	-2.734481189977754209e-04
3.109999999999999700e-04	-2.727524881800766246e-04
3.119999999999999944e-04	-2.720545628700479692e-04
3.129999999999999644e-04	-2.713543427283487573e-04
3.139999999999999888e-04	-2.706518274156380745e-04
3.149999999999999589e-04	-2.699470165925756029e-04
3.159999999999999832e-04	-2.692399099198201028e-04
3.170000000000000075e-04	-2.685305070580310937e-04
3.179999999999999776e-04	-2.678188076678680949e-04
3.190000000000000019e-04	-2.671048114099898126e-04
3.199999999999999720e-04	-2.663885179450558747e-04
3.209999999999999963e-04	-2.656699269337253668e-04
3.219999999999999664e-04	-2.649490380366576457e-04
3.229999999999999907e-04	-2.642258509145119596e-04
3.239999999999999608e-04	-2.635003652279473943e-04
3.249999999999999851e-04	-2.627725806376235776e-04
3.260000000000000094e-04	-2.620424968041993783e-04
3.269999999999999795e-04	-2.613101133883343158e-04
3.280000000000000038e-04	-2.605754300506875299e-04
3.289999999999999739e-04	-2.598384464519182149e-04
3.299999999999999982e-04	-2.590991622526857816e-04
3.309999999999999683e-04	-2.583575771136494242e-04
3.319999999999999926e-04	-2.576136906954683368e-04
3.329999999999999627e-04	-2.568675026588018761e-04
3.339999999999999870e-04	-2.561190126643092362e-04
3.350000000000000113e-04	-2.553682203726497196e-04
3.359999999999999814e-04	-2.546151254444825205e-04
3.370000000000000057e-04	-2.538597275404668873e-04
3.379999999999999758e-04	-2.531020263212622307e-04
3.390000000000000001e-04	-2.523420214475276366e-04
3.399999999999999702e-04	-2.515797125799224074e-04
3.409999999999999945e-04	-2.508150993791058458e-04
3.419999999999999646e-04	-2.500481815057372000e-04
3.429999999999999889e-04	-2.492789586204756098e-04
3.439999999999999590e-04	-2.485074303839805948e-04
3.449999999999999833e-04	-2.477335964569111321e-04
3.460000000000000076e-04	-2.469574564999266328e-04
3.469999999999999777e-04	-2.461790101736863450e-04
3.480000000000000020e-04	-2.453982571388494088e-04
3.489999999999999721e-04	-2.446151970560751809e-04
3.499999999999999964e-04	-2.438298295860230180e-04
3.509999999999999665e-04	-2.430421543893519787e-04
3.519999999999999908e-04	-2.422521711267213926e-04
3.529999999999999609e-04	-2.414598794587905352e-04
3.539999999999999853e-04	-2.406652790462186818e-04
3.550000000000000096e-04	-2.398683695496650267e-04
3.559999999999999797e-04	-2.390691506297888723e-04
3.570000000000000040e-04	-2.382676219472495754e-04
3.579999999999999741e-04	-2.374637831627061674e-04
3.589999999999999984e-04	-2.366576339368181407e-04
3.599999999999999685e-04	-2.358491739302445267e-04
3.609999999999999928e-04	-2.350384028036447905e-04
3.619999999999999629e-04	-2.342253202176780992e-04
3.629999999999999872e-04	-2.334099258330035655e-04
3.639999999999999573e-04	-2.325922193102806547e-04
3.649999999999999816e-04	-2.317722003101685066e-04
3.660000000000000059e-04	-2.309498684933265051e-04
3.669999999999999760e-04	-2.301252235204138985e-04
3.680000000000000003e-04	-2.292982650520897182e-04
3.689999999999999704e-04	-2.284689927490134295e-04
3.699999999999999947e-04	-2.276374062718442806e-04
3.709999999999999648e-04	-2.268035052812414929e-04
3.719999999999999891e-04	-2.259672894378642331e-04
3.729999999999999592e-04	-2.251287584023719396e-04
3.739999999999999835e-04	-2.242879118354237250e-04
3.750000000000000078e-04	-2.234447493976788376e-04
3.759999999999999779e-04	-2.225992707497966071e-04
3.770000000000000022e-04	-2.217514755524363631e-04
3.779999999999999723e-04	-2.209013634662571914e-04
3.789999999999999966e-04	-2.200489341519183944e-04
3.799999999999999667e-04	-2.191941872700794102e-04
3.809999999999999910e-04	-2.183371224813992161e-04
3.819999999999999611e-04	-2.174777394465372501e-04
3.829999999999999854e-04	-2.166160378261527335e-04
3.840000000000000097e-04	-2.157520172809049145e-04
3.849999999999999798e-04	-2.148856774714531228e-04
3.860000000000000041e-04	-2.140170180584563629e-04
3.869999999999999742e-04	-2.131460387025742352e-04
3.879999999999999985e-04	-2.122727390644656902e-04
3.889999999999999686e-04	-2.113971188047902199e-04
3.899999999999999929e-04	-2.105191775842069372e-04
3.909999999999999630e-04	-2.096389150633752802e-04
3.919999999999999873e-04	-2.087563309029541990e-04
3.929999999999999574e-04	-2.078714247636032401e-04
3.939999999999999817e-04	-2.069841963059815162e-04
3.950000000000000061e-04	-2.060946451907483029e-04
3.959999999999999762e-04	-2.052027710785629298e-04
3.970000000000000005e-04	-2.043085736300845638e-04
3.979999999999999706e-04	-2.034120525059724804e-04
3.989999999999999949e-04	-2.025132073668859008e-04
3.999999999999999650e-04	-2.016120378734842359e-04
4.009999999999999893e-04	-2.007085436864266257e-04
4.019999999999999594e-04	-1.998027244663723727e-04
4.029999999999999837e-04	-1.988945798739805355e-04
4.040000000000000080e-04	-1.979841095699106334e-04
4.049999999999999781e-04	-1.970713132148218063e-04
4.060000000000000024e-04	-1.961561904693733568e-04
4.069999999999999725e-04	-1.952387409942245603e-04
4.079999999999999968e-04	-1.943189644500346110e-04
4.089999999999999669e-04	-1.933968604974627570e-04
4.099999999999999912e-04	-1.924724287971683011e-04
4.109999999999999613e-04	-1.915456690098105456e-04
4.119999999999999856e-04	-1.906165807960485221e-04
4.129999999999999557e-04	-1.896851638165418313e-04
4.139999999999999800e-04	-1.887514177319494775e-04
4.150000000000000043e-04	-1.878153422029306819e-04
4.159999999999999744e-04	-1.868769368901449911e-04
4.169999999999999987e-04	-1.859362014542513823e-04
4.179999999999999688e-04	-1.849931355559092123e-04
4.189999999999999931e-04	-1.840477388557778377e-04
4.199999999999999632e-04	-1.831000110145163443e-04
4.209999999999999875e-04	-1.821499516927840346e-04
4.219999999999999576e-04	-1.811975605512402112e-04
4.229999999999999819e-04	-1.802428372505441494e-04
4.240000000000000062e-04	-1.792857814513550705e-04
4.249999999999999763e-04	-1.783263928143321957e-04
4.260000000000000006e-04	-1.773646710001348275e-04
4.269999999999999707e-04	-1.764006156694222414e-04
4.279999999999999950e-04	-1.754342264828535772e-04
4.289999999999999651e-04	-1.744655031010882730e-04
4.299999999999999894e-04	-1.734944451847854146e-04
4.309999999999999595e-04	-1.725210523946044670e-04
4.319999999999999838e-04	-1.715453243912044346e-04
4.329999999999999539e-04	-1.705672608352447827e-04
4.339999999999999782e-04	-1.695868613873846781e-04
4.350000000000000026e-04	-1.686041257082832609e-04
4.359999999999999726e-04	-1.676190534586000504e-04
4.369999999999999970e-04	-1.666316442989941593e-04
4.379999999999999671e-04	-1.656418978901248089e-04
4.389999999999999914e-04	-1.646498138926512475e-04
4.399999999999999615e-04	-1.636553919672328861e-04
4.409999999999999858e-04	-1.626586317745288104e-04
4.419999999999999559e-04	-1.616595329751984312e-04
4.429999999999999802e-04	-1.606580952299008073e-04
4.440000000000000045e-04	-1.596543181992953766e-04
4.449999999999999746e-04	-1.586482015440412790e-04
4.459999999999999989e-04	-1.576397449247978985e-04
4.469999999999999690e-04	-1.566289480022244019e-04
4.479999999999999933e-04	-1.556158104369799835e-04
4.489999999999999634e-04	-1.546003318897240812e-04
4.499999999999999877e-04	-1.535825120211157537e-04
4.509999999999999578e-04	-1.525623504918143577e-04
4.519999999999999821e-04	-1.515398469624792228e-04
4.530000000000000064e-04	-1.505150010937694348e-04
4.539999999999999765e-04	-1.494878125463444045e-04
4.550000000000000008e-04	-1.484582809808632990e-04
4.559999999999999709e-04	-1.474264060579854208e-04
4.569999999999999952e-04	-1.463921874383700182e-04
4.579999999999999653e-04	-1.453556247826763397e-04
4.589999999999999896e-04	-1.443167177515636604e-04
4.599999999999999597e-04	-1.432754660056912289e-04
4.609999999999999840e-04	-1.422318692057181850e-04
4.619999999999999541e-04	-1.411859270123040481e-04
4.629999999999999784e-04	-1.401376390861077412e-04
4.640000000000000027e-04	-1.390870050877888379e-04
4.649999999999999728e-04	-1.380340246780064782e-04
4.659999999999999971e-04	-1.369786975174198289e-04
4.669999999999999672e-04	-1.359210232666882741e-04
4.679999999999999915e-04	-1.348610015864709806e-04
4.689999999999999616e-04	-1.337986321374272781e-04
4.699999999999999859e-04	-1.327339145802163608e-04
4.709999999999999560e-04	-1.316668485754975311e-04
4.719999999999999803e-04	-1.305974337839300374e-04
4.730000000000000046e-04	-1.295256698661730196e-04
4.739999999999999747e-04	-1.284515564828859970e-04
4.749999999999999990e-04	-1.273750932947279469e-04
4.759999999999999691e-04	-1.262962799623582803e-04
4.769999999999999934e-04	-1.252151161464362455e-04
4.779999999999999635e-04	-1.241316015076211450e-04
4.789999999999999879e-04	-1.230457357065720917e-04
4.799999999999999580e-04	-1.219575184039484151e-04
4.809999999999999823e-04	-1.208669492604093636e-04
4.819999999999999524e-04	-1.197740279366143345e-04
4.829999999999999767e-04	-1.186787540932223459e-04
4.840000000000000010e-04	-1.175811273908927544e-04
4.849999999999999711e-04	-1.164811474902849303e-04
4.859999999999999954e-04	-1.153788140520579594e-04
4.869999999999999655e-04	-1.142741267368712255e-04
4.879999999999999898e-04	-1.131670852053838142e-04
4.889999999999999599e-04	-1.120576891182552314e-04
4.899999999999999842e-04	-1.109459381361445086e-04
4.910000000000000085e-04	-1.098318319197110431e-04
4.919999999999999244e-04	-1.087153701296141375e-04
4.929999999999999487e-04	-1.075965524265128640e-04
4.939999999999999730e-04	-1.064753784710665522e-04
4.949999999999999973e-04	-1.053518479239345181e-04
4.960000000000000216e-04	-1.042259604457758610e-04
4.969999999999999375e-04	-1.030977156972502087e-04
4.979999999999999618e-04	-1.019671133390164300e-04
4.989999999999999861e-04	-1.008341530317338411e-04
5.000000000000000104e-04	-9.969883443606185282e-05
5.009999999999999263e-04	-9.856115721265975421e-05
5.019999999999999506e-04	-9.742112102218656320e-05
5.029999999999999749e-04	-9.627872552530166361e-05
5.039999999999999992e-04	-9.513397038266434443e-05
5.050000000000000235e-04	-9.398685525493384043e-05
5.059999999999999394e-04	-9.283737980276946769e-05
5.069999999999999637e-04	-9.168554368683036612e-05
5.079999999999999880e-04	-9.053134656777582468e-05
5.090000000000000123e-04	-8.937478810626511882e-05
5.099999999999999282e-04	-8.821586796295761881e-05
5.109999999999999525e-04	-8.705458579851239680e-05
5.119999999999999768e-04	-8.589094127358875533e-05
5.130000000000000011e-04	-8.472493404884601047e-05
5.140000000000000254e-04	-8.355656378494336989e-05
5.149999999999999413e-04	-8.238583014254019033e-05
5.159999999999999656e-04	-8.121273278229563879e-05
5.169999999999999899e-04	-8.003727136486886874e-05
5.180000000000000143e-04	-7.885944555091931821e-05
5.189999999999999301e-04	-7.767925500110631687e-05
5.199999999999999544e-04	-7.649669937608878775e-05
5.209999999999999788e-04	-7.531177833652622313e-05
5.220000000000000031e-04	-7.412449154307788489e-05
5.230000000000000274e-04	-7.293483865640295358e-05
5.239999999999999433e-04	-7.174281933716082659e-05
5.249999999999999676e-04	-7.054843324601057608e-05
5.259999999999999919e-04	-6.935168004361147746e-05
5.270000000000000162e-04	-6.815255939062292813e-05
5.279999999999999321e-04	-6.695107094770418998e-05
5.289999999999999564e-04	-6.574721437551432157e-05
5.299999999999999807e-04	-6.454098933471269321e-05
5.310000000000000050e-04	-6.333239548595853967e-05
5.320000000000000293e-04	-6.212143248991112282e-05
5.329999999999999452e-04	-6.090810000722988071e-05
5.339999999999999695e-04	-5.969239769857381773e-05
5.349999999999999938e-04	-5.847432522460220929e-05
5.360000000000000181e-04	-5.725388224597442570e-05
5.369999999999999340e-04	-5.603106842334978303e-05
5.379999999999999583e-04	-5.480588341738728566e-05
5.389999999999999826e-04	-5.357832688874642586e-05
5.400000000000000069e-04	-5.234839849808635708e-05
5.409999999999999228e-04	-5.111609790606647672e-05
5.419999999999999471e-04	-4.988142477334576205e-05
5.429999999999999714e-04	-4.864437876058366468e-05
5.439999999999999957e-04	-4.740495952843940583e-05
5.450000000000000200e-04	-4.616316673757223381e-05
5.459999999999999359e-04	-4.491900004864155958e-05
5.469999999999999602e-04	-4.367245912230633331e-05
5.479999999999999845e-04	-4.242354361922602015e-05
5.490000000000000088e-04	-4.117225320005986843e-05
5.499999999999999247e-04	-3.991858752546712647e-05
5.509999999999999490e-04	-3.866254625610694772e-05
5.519999999999999733e-04	-3.740412905263872957e-05
5.529999999999999976e-04	-3.614333557572157129e-05
5.540000000000000219e-04	-3.488016548601482959e-05
5.549999999999999378e-04	-3.361461844417795611e-05
5.559999999999999621e-04	-3.234669411086987388e-05
5.569999999999999864e-04	-3.107639214674991256e-05
5.580000000000000107e-04	-2.980371221247740177e-05
5.589999999999999266e-04	-2.852865396871179314e-05
5.599999999999999509e-04	-2.725121707611195549e-05
5.609999999999999752e-04	-2.597140119533731335e-05
5.619999999999999996e-04	-2.468920598704718279e-05
5.630000000000000239e-04	-2.340463111190075793e-05
5.639999999999999397e-04	-2.211767623055744972e-05
5.649999999999999641e-04	-2.082834100367628963e-05
5.659999999999999884e-04	-1.953662509191658020e-05
5.670000000000000127e-04	-1.824252815593762397e-05
5.679999999999999286e-04	-1.694604985639880477e-05
5.689999999999999529e-04	-1.564718985395916763e-05
5.699999999999999772e-04	-1.434594780927801511e-05
5.710000000000000015e-04	-1.304232338301470392e-05
5.720000000000000258e-04	-1.173631623582837397e-05
5.729999999999999417e-04	-1.042792602837851754e-05
5.739999999999999660e-04	-9.117152421324111887e-06
5.749999999999999903e-04	-7.803995075324473099e-06
5.760000000000000146e-04	-6.488453651038876601e-06
5.769999999999999305e-04	-5.170527809126787555e-06
5.779999999999999548e-04	-3.850217210247115470e-06
5.789999999999999791e-04	-2.527521515059284849e-06
5.800000000000000034e-04	-1.202440384222598223e-06
5.810000000000000277e-04	1.250265216037909537e-07
5.819999999999999436e-04	1.454879541760390415e-06
5.829999999999999679e-04	2.787119015588277100e-06
5.839999999999999922e-04	4.121745282427999400e-06
5.850000000000000165e-04	5.458758681620349651e-06
5.859999999999999324e-04	6.798159552505957559e-06
5.869999999999999567e-04	8.139948234425791644e-06
5.879999999999999810e-04	9.484125066720454507e-06
5.890000000000000053e-04	1.083069038873068427e-05
5.899999999999999212e-04	1.217964453979712420e-05
5.909999999999999455e-04	1.353098785926078347e-05
5.919999999999999698e-04	1.488472068646225113e-05
5.929999999999999941e-04	1.624084336074231951e-05
5.940000000000000184e-04	1.759935622144163188e-05
5.949999999999999343e-04	1.896025960790083148e-05
5.959999999999999586e-04	2.032355385946102238e-05
5.969999999999999829e-04	2.168923931546268519e-05
5.980000000000000072e-04	2.305731631524666645e-05
5.989999999999999231e-04	2.442778519815350102e-05
5.999999999999999474e-04	2.580064630352422517e-05
6.009999999999999717e-04	2.717589997069944151e-05
6.019999999999999961e-04	2.855354653901995591e-05
6.030000000000000204e-04	2.993358634782639809e-05
6.039999999999999362e-04	3.131601973645945197e-05
6.049999999999999606e-04	3.270084704426014027e-05
6.059999999999999849e-04	3.408806861056903849e-05
6.070000000000000092e-04	3.547768477472684409e-05
6.079999999999999251e-04	3.686969587607424100e-05
6.089999999999999494e-04	3.826410225395226550e-05
6.099999999999999737e-04	3.966090424770141176e-05
6.109999999999999980e-04	4.106010219666249923e-05
6.120000000000000223e-04	4.246169644017630670e-05
6.129999999999999382e-04	4.386568731758331478e-05
6.139999999999999625e-04	4.527207516822465464e-05
6.149999999999999868e-04	4.668086033144091531e-05
6.160000000000000111e-04	4.809204314657283493e-05
6.169999999999999270e-04	4.950562395296090768e-05
6.179999999999999513e-04	5.092160308994634601e-05
6.189999999999999756e-04	5.233998089686963057e-05
6.199999999999999999e-04	5.376075771307152658e-05
6.210000000000000242e-04	5.518393387789271795e-05
6.219999999999999401e-04	5.660950973067399702e-05
6.229999999999999644e-04	5.803748561075615614e-05
6.239999999999999887e-04	5.946786185747994697e-05
6.250000000000000130e-04	6.090063881018605344e-05
6.259999999999999289e-04	6.233581680821509170e-05
6.269999999999999532e-04	6.377339619090807092e-05
6.279999999999999775e-04	6.521337729760566147e-05
6.290000000000000018e-04	6.665576046764853371e-05
6.299999999999999177e-04	6.810054604037724959e-05
6.309999999999999420e-04	6.954773435513295380e-05
6.319999999999999663e-04	7.099732575125618120e-05
6.329999999999999906e-04	7.244932056808762923e-05
6.340000000000000149e-04	7.390371914496813091e-05
6.349999999999999308e-04	7.536052182123826172e-05
6.359999999999999551e-04	7.681972893623900374e-05
6.369999999999999794e-04	7.828134082931100023e-05
6.380000000000000037e-04	7.974535783979504351e-05
6.389999999999999196e-04	8.121178030703156002e-05
6.399999999999999439e-04	8.268060857036172156e-05
6.409999999999999682e-04	8.415184296912617138e-05
6.419999999999999925e-04	8.562548384266553919e-05
6.430000000000000169e-04	8.710153153032060378e-05
6.439999999999999327e-04	8.857998637143194064e-05
6.449999999999999570e-04	9.006084870534066737e-05
6.459999999999999814e-04	9.154411887138723749e-05
6.470000000000000057e-04	9.302979720891251111e-05
6.479999999999999215e-04	9.451788405725710437e-05
6.489999999999999459e-04	9.600837975576198579e-05
6.499999999999999702e-04	9.750128464376770377e-05
6.509999999999999945e-04	9.899659906061513196e-05
6.520000000000000188e-04	1.004943233456449678e-04
6.529999999999999347e-04	1.019944578381976649e-04
6.539999999999999590e-04	1.034970028776144898e-04
6.549999999999999833e-04	1.050019588032359368e-04
6.560000000000000076e-04	1.065093259544026762e-04
6.569999999999999235e-04	1.080191046704553784e-04
6.579999999999999478e-04	1.095312952907350932e-04
6.589999999999999721e-04	1.110458981545823690e-04
6.599999999999999964e-04	1.125629136013379711e-04
6.610000000000000207e-04	1.140823419703427324e-04
6.619999999999999366e-04	1.156041836009370386e-04
6.629999999999999609e-04	1.171284388324620888e-04
6.639999999999999852e-04	1.186551080042584584e-04
6.650000000000000095e-04	1.201841914556669262e-04
6.659999999999999254e-04	1.217156895260279186e-04
6.669999999999999497e-04	1.232496025546826887e-04
6.679999999999999740e-04	1.247859308809717036e-04
6.689999999999999983e-04	1.263246748442356743e-04
6.700000000000000226e-04	1.278658347838154067e-04
6.709999999999999385e-04	1.294094110390515712e-04
6.719999999999999628e-04	1.309554039492850821e-04
6.729999999999999871e-04	1.325038138538565285e-04
6.740000000000000114e-04	1.340546410921067703e-04
6.749999999999999273e-04	1.356078860033762884e-04
6.759999999999999516e-04	1.371635489270062137e-04
6.769999999999999759e-04	1.387216302023371083e-04
6.780000000000000002e-04	1.402821301687096967e-04
6.789999999999999161e-04	1.418450491654644867e-04
6.799999999999999404e-04	1.434103875319427178e-04
6.809999999999999647e-04	1.449781456074848707e-04
