-1.939999999999999993e-04	-7.390200991196066828e-04
-1.930000000000000021e-04	-7.168812229571810881e-04
-1.920000000000000049e-04	-6.959550521895987258e-04
-1.909999999999999806e-04	-6.762215970533090982e-04
-1.899999999999999834e-04	-6.576608677847648517e-04
-1.889999999999999862e-04	-6.402528746204162475e-04
-1.879999999999999890e-04	-6.239776277967140888e-04
-1.869999999999999917e-04	-6.088151375501091788e-04
-1.859999999999999945e-04	-5.947454141170529715e-04
-1.849999999999999973e-04	-5.817484677339957279e-04
-1.840000000000000001e-04	-5.698043086373886850e-04
-1.830000000000000029e-04	-5.588929470636828630e-04
-1.819999999999999786e-04	-5.489943932493289566e-04
-1.809999999999999814e-04	-5.400886574307780944e-04
-1.799999999999999842e-04	-5.321557498444810796e-04
-1.789999999999999870e-04	-5.251756807268890409e-04
-1.779999999999999898e-04	-5.191284603144528898e-04
-1.769999999999999926e-04	-5.139940988436231045e-04
-1.759999999999999954e-04	-5.097526065508510302e-04
-1.749999999999999982e-04	-5.063839936725875786e-04
-1.740000000000000010e-04	-5.038682704452835531e-04
-1.730000000000000038e-04	-5.021854471053897569e-04
-1.719999999999999795e-04	-5.013155338893574269e-04
-1.709999999999999823e-04	-5.012385410336372580e-04
-1.699999999999999851e-04	-5.019344787746802703e-04
-1.689999999999999879e-04	-5.033833573489373756e-04
-1.679999999999999907e-04	-5.055651869928593769e-04
-1.669999999999999935e-04	-5.084599779428972946e-04
-1.659999999999999963e-04	-5.120477404355022570e-04
-1.649999999999999991e-04	-5.163084847071249591e-04
-1.640000000000000019e-04	-5.212222209942162041e-04
-1.630000000000000047e-04	-5.267689595332272290e-04
-1.619999999999999804e-04	-5.329287105606088371e-04
-1.609999999999999832e-04	-5.396814843128118315e-04
-1.599999999999999860e-04	-5.470072910262872325e-04
-1.589999999999999888e-04	-5.548861409374861685e-04
-1.579999999999999916e-04	-5.632980442828590091e-04
-1.569999999999999944e-04	-5.722230112988572082e-04
-1.559999999999999972e-04	-5.816410522219315690e-04
-1.550000000000000000e-04	-5.915321772885327864e-04
-1.540000000000000028e-04	-6.018763967351120972e-04
-1.530000000000000056e-04	-6.126537207981203048e-04
-1.519999999999999813e-04	-6.238441597140086461e-04
-1.509999999999999841e-04	-6.354277237192273824e-04
-1.499999999999999869e-04	-6.473844230502276420e-04
-1.489999999999999897e-04	-6.596942679434605536e-04
-1.479999999999999925e-04	-6.723372686353770288e-04
-1.469999999999999953e-04	-6.852934353624278710e-04
-1.459999999999999981e-04	-6.985427783610641001e-04
-1.450000000000000009e-04	-7.120653078677367364e-04
-1.440000000000000036e-04	-7.258410341188963662e-04
-1.430000000000000064e-04	-7.398499673509943350e-04
-1.419999999999999821e-04	-7.540721178004816628e-04
-1.409999999999999849e-04	-7.684874957038085024e-04
-1.399999999999999877e-04	-7.830761112974263076e-04
-1.389999999999999905e-04	-7.978179748177860985e-04
-1.379999999999999933e-04	-8.126930965013383530e-04
-1.369999999999999961e-04	-8.276814865845346335e-04
-1.359999999999999989e-04	-8.427631553038252010e-04
-1.350000000000000017e-04	-8.579181128956616179e-04
-1.340000000000000045e-04	-8.731263695964943620e-04
-1.330000000000000073e-04	-8.883693060964099018e-04
-1.319999999999999830e-04	-9.036337849000359570e-04
-1.309999999999999858e-04	-9.189080389656347197e-04
-1.299999999999999886e-04	-9.341803012514692493e-04
-1.289999999999999914e-04	-9.494388047158028223e-04
-1.279999999999999942e-04	-9.646717823168979560e-04
-1.269999999999999970e-04	-9.798674670130178184e-04
-1.259999999999999998e-04	-9.950140917624249268e-04
-1.250000000000000026e-04	-1.010099889523382232e-03
-1.240000000000000054e-04	-1.025113093254152686e-03
-1.229999999999999811e-04	-1.040041935912999456e-03
-1.219999999999999974e-04	-1.054874650458184192e-03
-1.210000000000000002e-04	-1.069599469847970713e-03
-1.199999999999999895e-04	-1.084204627040622404e-03
-1.189999999999999923e-04	-1.098678354994400697e-03
-1.179999999999999951e-04	-1.113008886667569411e-03
-1.169999999999999979e-04	-1.127184455018391280e-03
-1.160000000000000007e-04	-1.141193293005129039e-03
-1.149999999999999899e-04	-1.155023633586045421e-03
-1.139999999999999927e-04	-1.168663709719403596e-03
-1.129999999999999955e-04	-1.182101754363466080e-03
-1.119999999999999983e-04	-1.195326000476496040e-03
-1.110000000000000011e-04	-1.208324681016755778e-03
-1.099999999999999904e-04	-1.221086028942509330e-03
-1.089999999999999932e-04	-1.233598277212017910e-03
-1.079999999999999960e-04	-1.245849658783545555e-03
-1.069999999999999988e-04	-1.257828406615354999e-03
-1.060000000000000016e-04	-1.269522753665708542e-03
-1.049999999999999908e-04	-1.280920932892869787e-03
-1.039999999999999936e-04	-1.292011177255101033e-03
-1.029999999999999964e-04	-1.302781719710665014e-03
-1.019999999999999992e-04	-1.313220793217824900e-03
-1.010000000000000020e-04	-1.323316630734843423e-03
-9.999999999999999124e-05	-1.333057465219983969e-03
-9.899999999999999404e-05	-1.342431529631508405e-03
-9.799999999999999684e-05	-1.351427056927680549e-03
-9.699999999999999963e-05	-1.360032280066762701e-03
-9.600000000000000243e-05	-1.368235432007017813e-03
-9.499999999999999168e-05	-1.376024745706708836e-03
-9.399999999999999448e-05	-1.383388454124097854e-03
-9.299999999999999727e-05	-1.390314790217449335e-03
-9.200000000000000007e-05	-1.396791986945024929e-03
-9.099999999999998932e-05	-1.402808277265087805e-03
-8.999999999999999212e-05	-1.408351894135900263e-03
-8.899999999999999491e-05	-1.413411070515726339e-03
-8.799999999999999771e-05	-1.417974039362828115e-03
-8.700000000000000051e-05	-1.422029033635468327e-03
-8.599999999999998976e-05	-1.425564286291910142e-03
-8.499999999999999255e-05	-1.428568030290416077e-03
-8.399999999999999535e-05	-1.431028498589249735e-03
-8.299999999999999815e-05	-1.432933924146673416e-03
-8.200000000000000095e-05	-1.434272539920949637e-03
-8.099999999999999019e-05	-1.435032578870341566e-03
-7.999999999999999299e-05	-1.435202273953112588e-03
-7.899999999999999579e-05	-1.434769858127525003e-03
-7.799999999999999859e-05	-1.433723564351841329e-03
-7.700000000000000139e-05	-1.432051625584325168e-03
-7.599999999999999063e-05	-1.429742274783239470e-03
-7.499999999999999343e-05	-1.426783744906845886e-03
-7.399999999999999623e-05	-1.423164268913408668e-03
-7.299999999999999903e-05	-1.418953993566313999e-03
-7.200000000000000182e-05	-1.414550720849444901e-03
-7.099999999999999107e-05	-1.410434166551808493e-03
-6.999999999999999387e-05	-1.407084046462411895e-03
-6.899999999999999667e-05	-1.404980076370262662e-03
-6.799999999999999946e-05	-1.404601972064367047e-03
-6.700000000000000226e-05	-1.406429449333732387e-03
-6.599999999999999151e-05	-1.410942223967366019e-03
-6.499999999999999431e-05	-1.418620011754274848e-03
-6.399999999999999710e-05	-1.429942528483465775e-03
-6.299999999999999990e-05	-1.445389489943945923e-03
-6.200000000000000270e-05	-1.465440611924723061e-03
-6.099999999999999872e-05	-1.490575610214803226e-03
-5.999999999999999474e-05	-1.521274200603193755e-03
-5.899999999999999754e-05	-1.558016098878902203e-03
-5.800000000000000034e-05	-1.601281020830935039e-03
-5.699999999999999636e-05	-1.651548682248299817e-03
-5.599999999999999916e-05	-1.709298798920003658e-03
-5.499999999999999518e-05	-1.775011086635053682e-03
-5.399999999999999798e-05	-1.849165261182455708e-03
-5.300000000000000078e-05	-1.932241038351217941e-03
-5.199999999999999680e-05	-2.024718133930348586e-03
-5.099999999999999960e-05	-2.127076263708851944e-03
-4.999999999999999562e-05	-2.239795143475737087e-03
-4.899999999999999842e-05	-2.363354489020010919e-03
-4.800000000000000122e-05	-2.498234016130679476e-03
-4.699999999999999724e-05	-2.644913440596751396e-03
-4.600000000000000004e-05	-2.803872478207231414e-03
-4.499999999999999606e-05	-2.975590844751130337e-03
-4.399999999999999886e-05	-3.160548256017450732e-03
-4.299999999999999488e-05	-3.358986485612018916e-03
-4.199999999999999768e-05	-3.570195538407907633e-03
-4.100000000000000047e-05	-3.793227477095013813e-03
-3.999999999999999650e-05	-4.027134364363233951e-03
-3.899999999999999929e-05	-4.270968262902452399e-03
-3.799999999999999532e-05	-4.523781235402570856e-03
-3.699999999999999811e-05	-4.784625344553477579e-03
-3.600000000000000091e-05	-5.052552653045066025e-03
-3.499999999999999693e-05	-5.326615223567231390e-03
-3.399999999999999973e-05	-5.605865118809865398e-03
-3.299999999999999575e-05	-5.889354401462862376e-03
-3.199999999999999855e-05	-6.176135134216113182e-03
-3.100000000000000135e-05	-6.465259379759513009e-03
-2.999999999999999737e-05	-6.755779200782954450e-03
-2.900000000000000017e-05	-7.046746659976330096e-03
-2.799999999999999958e-05	-7.337213820029532541e-03
-2.699999999999999899e-05	-7.626232743632457844e-03
-2.599999999999999840e-05	-7.912855493474995131e-03
-2.499999999999999781e-05	-8.196134132247042195e-03
-2.400000000000000061e-05	-8.475120722638484691e-03
-2.300000000000000002e-05	-8.748867327339227354e-03
-2.199999999999999943e-05	-9.016426009039150632e-03
-2.099999999999999884e-05	-9.276848830428157527e-03
-1.999999999999999825e-05	-9.529187854196133692e-03
-1.899999999999999766e-05	-9.772495143032973453e-03
-1.800000000000000046e-05	-1.000582275962857808e-02
-1.699999999999999987e-05	-1.022822276667283148e-02
-1.599999999999999928e-05	-1.043874722685563319e-02
-1.499999999999999869e-05	-1.063644820286687234e-02
-1.399999999999999979e-05	-1.082037775739644152e-02
-1.299999999999999920e-05	-1.098979240506792361e-02
-1.200000000000000030e-05	-1.114476646823965057e-02
-1.099999999999999971e-05	-1.128557872120364465e-02
-9.999999999999999124e-06	-1.141250793825192116e-02
-9.000000000000000228e-06	-1.152583289367649887e-02
-7.999999999999999638e-06	-1.162583236176940350e-02
-6.999999999999999895e-06	-1.171278511682265037e-02
-6.000000000000000152e-06	-1.178696993312826173e-02
-4.999999999999999562e-06	-1.184866558497825635e-02
-3.999999999999999819e-06	-1.189815084666465475e-02
-3.000000000000000076e-06	-1.193570449247947571e-02
-1.999999999999999909e-06	-1.196160529671474321e-02
-9.999999999999999547e-07	-1.197613203366247082e-02
0.000000000000000000e+00	-1.197956347761468254e-02
9.999999999999999547e-07	-1.197217840286339714e-02
1.999999999999999909e-06	-1.195425558370063167e-02
3.000000000000000076e-06	-1.192607379441841010e-02
3.999999999999999819e-06	-1.188791180930875643e-02
4.999999999999999562e-06	-1.184004840266367729e-02
6.000000000000000152e-06	-1.178276234877520187e-02
6.999999999999999895e-06	-1.171633242193534895e-02
7.999999999999999638e-06	-1.164103739643614598e-02
9.000000000000000228e-06	-1.155715604656959439e-02
9.999999999999999124e-06	-1.146496714662772684e-02
1.099999999999999971e-05	-1.136474947090256385e-02
1.200000000000000030e-05	-1.125678179368611899e-02
1.299999999999999920e-05	-1.114134288927041971e-02
1.399999999999999979e-05	-1.101871153194747613e-02
1.499999999999999869e-05	-1.088916649600932263e-02
1.599999999999999928e-05	-1.075298655574796064e-02
1.699999999999999987e-05	-1.061045048545542456e-02
1.800000000000000046e-05	-1.046183705942372449e-02
1.899999999999999766e-05	-1.030742505194489136e-02
1.999999999999999825e-05	-1.014749323731093354e-02
2.099999999999999884e-05	-9.982320389813876746e-03
2.199999999999999943e-05	-9.812185283745743225e-03
2.300000000000000002e-05	-9.637366693398546555e-03
2.400000000000000061e-05	-9.458143393064312454e-03
2.499999999999999781e-05	-9.274794157035054498e-03
2.599999999999999840e-05	-9.087597759602800140e-03
2.699999999999999899e-05	-8.896832975059562956e-03
2.799999999999999958e-05	-8.702778577697368664e-03
2.900000000000000017e-05	-8.505713341808225636e-03
2.999999999999999737e-05	-8.305916041684173468e-03
3.100000000000000135e-05	-8.103665451617208387e-03
3.199999999999999855e-05	-7.899240345899366522e-03
3.299999999999999575e-05	-7.692919498822665784e-03
3.399999999999999973e-05	-7.484981684679118882e-03
3.499999999999999693e-05	-7.275705677760755871e-03
3.600000000000000091e-05	-7.065370252359585990e-03
3.699999999999999811e-05	-6.854254182767640161e-03
3.799999999999999532e-05	-6.642636243276926755e-03
3.899999999999999929e-05	-6.430795208179477564e-03
3.999999999999999650e-05	-6.219009851767302692e-03
4.100000000000000047e-05	-6.007558948332425257e-03
4.199999999999999768e-05	-5.796721272166864038e-03
4.299999999999999488e-05	-5.586775597562643018e-03
4.399999999999999886e-05	-5.378000698811780111e-03
4.499999999999999606e-05	-5.170675350206291494e-03
4.600000000000000004e-05	-4.965078326038201151e-03
4.699999999999999724e-05	-4.761440507577489184e-03
4.800000000000000122e-05	-4.559801204005990531e-03
4.899999999999999842e-05	-4.360151831483496249e-03
4.999999999999999562e-05	-4.162483806169799128e-03
5.099999999999999960e-05	-3.966788544224696296e-03
5.199999999999999680e-05	-3.773057461807983581e-03
5.300000000000000078e-05	-3.581281975079448569e-03
5.399999999999999798e-05	-3.391453500198890122e-03
5.499999999999999518e-05	-3.203563453326105804e-03
5.599999999999999916e-05	-3.017603250620877562e-03
5.699999999999999636e-05	-2.833564308243013800e-03
5.800000000000000034e-05	-2.651438042352299504e-03
5.899999999999999754e-05	-2.471215869108532668e-03
5.999999999999999474e-05	-2.292889204671505650e-03
6.099999999999999872e-05	-2.116449465201011241e-03
6.200000000000000270e-05	-1.941888066856847219e-03
6.299999999999999990e-05	-1.769196425798802907e-03
6.399999999999999710e-05	-1.598365958186679335e-03
6.499999999999999431e-05	-1.429388080180261705e-03
6.599999999999999151e-05	-1.262254207939355602e-03
6.700000000000000226e-05	-1.096955757623741456e-03
6.799999999999999946e-05	-9.334841453932244196e-04
6.899999999999999667e-05	-7.718307874075946810e-04
6.999999999999999387e-05	-6.119870998266430800e-04
7.099999999999999107e-05	-4.539444988101675577e-04
7.200000000000000182e-05	-2.976944005179618267e-04
7.299999999999999903e-05	-1.432282211098239095e-04
7.399999999999999623e-05	9.462623254463985707e-06
7.499999999999999343e-05	1.603867164150943412e-04
7.599999999999999063e-05	3.095526422122812861e-04
7.700000000000000139e-05	4.569689844862286836e-04
7.799999999999999859e-05	6.026443270771394056e-04
7.899999999999999579e-05	7.465872538252258652e-04
7.999999999999999299e-05	8.888063485706866520e-04
8.099999999999999019e-05	1.029310195153731577e-03
8.200000000000000095e-05	1.168107377414568174e-03
8.299999999999999815e-05	1.305206479193399965e-03
8.399999999999999535e-05	1.440616084330432209e-03
8.499999999999999255e-05	1.574344776665871030e-03
8.599999999999998976e-05	1.706401140039924286e-03
8.700000000000000051e-05	1.836793758292795502e-03
8.799999999999999771e-05	1.965531215264695788e-03
8.899999999999999491e-05	2.092622094795821511e-03
8.999999999999999212e-05	2.218074980726387688e-03
9.099999999999998932e-05	2.341898456896593286e-03
9.200000000000000007e-05	2.464101107146651586e-03
9.299999999999999727e-05	2.584691515316761556e-03
9.399999999999999448e-05	2.703678265247132576e-03
9.499999999999999168e-05	2.821069940777967949e-03
9.600000000000000243e-05	2.936875125749480522e-03
9.699999999999999963e-05	3.051102404001866664e-03
9.799999999999999684e-05	3.163760359375337484e-03
9.899999999999999404e-05	3.274857575710099326e-03
9.999999999999999124e-05	3.384402636846355061e-03
1.010000000000000020e-04	3.492404126624317103e-03
1.019999999999999992e-04	3.598870628884181817e-03
1.029999999999999964e-04	3.703810727466162918e-03
1.039999999999999936e-04	3.807233006210462845e-03
1.049999999999999908e-04	3.909146048957290107e-03
1.060000000000000016e-04	4.009558439546845841e-03
1.069999999999999988e-04	4.108478761819338125e-03
1.079999999999999960e-04	4.205915599614975034e-03
1.089999999999999932e-04	4.301877536773959440e-03
1.099999999999999904e-04	4.396373157136499420e-03
1.110000000000000011e-04	4.489411044542801314e-03
1.119999999999999983e-04	4.580999782833068863e-03
1.129999999999999955e-04	4.671147955847509275e-03
1.139999999999999927e-04	4.759864147426327158e-03
1.149999999999999899e-04	4.847156941409730586e-03
1.160000000000000007e-04	4.933034921637921566e-03
1.169999999999999979e-04	5.017506671951112510e-03
1.179999999999999951e-04	5.100580776189502820e-03
1.189999999999999923e-04	5.182265818193303175e-03
1.199999999999999895e-04	5.262570381802715580e-03
1.210000000000000002e-04	5.341503050857950713e-03
1.219999999999999974e-04	5.419072409199207976e-03
1.229999999999999811e-04	5.495287040666694579e-03
1.240000000000000054e-04	5.570155529100627272e-03
1.250000000000000026e-04	5.643686458341195047e-03
1.259999999999999998e-04	5.715888412228618126e-03
1.269999999999999970e-04	5.786769974603093308e-03
1.279999999999999942e-04	5.856339729304828670e-03
1.289999999999999914e-04	5.924606260174029686e-03
1.299999999999999886e-04	5.991578151050906166e-03
1.309999999999999858e-04	6.057263985775660983e-03
1.319999999999999830e-04	6.121672348188503081e-03
1.330000000000000073e-04	6.184811822129633596e-03
1.340000000000000045e-04	6.246690991439258871e-03
1.350000000000000017e-04	6.307318439957589583e-03
1.359999999999999989e-04	6.366702751524824268e-03
1.369999999999999961e-04	6.424852509981176206e-03
1.379999999999999933e-04	6.481776299166849137e-03
1.389999999999999905e-04	6.537482702922044198e-03
1.399999999999999877e-04	6.591980305086976404e-03
1.409999999999999849e-04	6.645277689501842555e-03
1.419999999999999821e-04	6.697383440006854198e-03
1.430000000000000064e-04	6.748306140442212470e-03
1.440000000000000036e-04	6.798054374648129783e-03
1.450000000000000009e-04	6.846636726464809877e-03
1.459999999999999981e-04	6.894061779732453023e-03
1.469999999999999953e-04	6.940338118291269898e-03
1.479999999999999925e-04	6.985474325981466844e-03
1.489999999999999897e-04	7.029478986643244998e-03
1.499999999999999869e-04	7.072360684116821977e-03
1.509999999999999841e-04	7.114128002242392848e-03
1.519999999999999813e-04	7.154789524860163084e-03
1.530000000000000056e-04	7.194353835810345099e-03
1.540000000000000028e-04	7.232829518933139162e-03
1.550000000000000000e-04	7.270225158068755952e-03
1.559999999999999972e-04	7.306549337057396606e-03
1.569999999999999944e-04	7.341810639739269201e-03
1.579999999999999916e-04	7.376017649954581812e-03
1.589999999999999888e-04	7.409178951543539046e-03
1.599999999999999860e-04	7.441303128346347245e-03
1.609999999999999832e-04	7.472398764203206679e-03
1.619999999999999804e-04	7.502474442954331496e-03
1.630000000000000047e-04	7.531538748439923700e-03
1.640000000000000019e-04	7.559600264500187898e-03
1.649999999999999991e-04	7.586667574975333901e-03
1.659999999999999963e-04	7.612749263705563714e-03
1.669999999999999935e-04	7.637853914531081943e-03
1.679999999999999907e-04	7.661990111292101870e-03
1.689999999999999879e-04	7.685166437828822028e-03
1.699999999999999851e-04	7.707391477981452230e-03
1.709999999999999823e-04	7.728673815590197949e-03
1.719999999999999795e-04	7.749022034495262057e-03
1.730000000000000038e-04	7.768444718536852631e-03
1.740000000000000010e-04	7.786950451555178614e-03
1.749999999999999982e-04	7.804547817390439408e-03
1.759999999999999954e-04	7.821245399882850030e-03
1.769999999999999926e-04	7.837051782872606412e-03
1.779999999999999898e-04	7.851975550199919232e-03
1.789999999999999870e-04	7.866025285704993097e-03
1.799999999999999842e-04	7.879209573228036084e-03
1.809999999999999814e-04	7.891536996609258003e-03
1.819999999999999786e-04	7.903016139688851319e-03
1.830000000000000029e-04	7.913655586307034515e-03
1.840000000000000001e-04	7.923463920304008729e-03
1.849999999999999973e-04	7.932449725519982037e-03
1.859999999999999945e-04	7.940621585795159046e-03
1.869999999999999917e-04	7.947988084969740893e-03
1.879999999999999890e-04	7.954557806883940860e-03
1.889999999999999862e-04	7.960339335377963552e-03
1.899999999999999834e-04	7.965341254292008372e-03
1.909999999999999806e-04	7.969572147466290335e-03
1.920000000000000049e-04	7.973040598741010579e-03
1.930000000000000021e-04	7.975755191956371976e-03
1.939999999999999993e-04	7.977724510952587805e-03
1.949999999999999965e-04	7.978957139569859205e-03
1.959999999999999937e-04	7.979461661648390783e-03
1.969999999999999909e-04	7.979246661028392348e-03
1.979999999999999881e-04	7.978320721550068509e-03
1.989999999999999853e-04	7.976692427053627341e-03
1.999999999999999825e-04	7.974370361379263042e-03
2.009999999999999797e-04	7.971363108367197567e-03
2.020000000000000040e-04	7.967679251857630318e-03
2.030000000000000012e-04	7.963327375690764168e-03
2.039999999999999984e-04	7.958316063706808927e-03
2.049999999999999956e-04	7.952653899745969202e-03
2.059999999999999928e-04	7.946349467648447865e-03
2.069999999999999900e-04	7.939411351254459931e-03
2.079999999999999872e-04	7.931848134404201334e-03
2.089999999999999844e-04	7.923668400937880149e-03
2.099999999999999816e-04	7.914880734695707923e-03
2.109999999999999788e-04	7.905493719517882323e-03
2.120000000000000031e-04	7.895515939244616629e-03
2.130000000000000003e-04	7.884955977716111980e-03
2.139999999999999975e-04	7.873822418772578186e-03
2.149999999999999947e-04	7.862123846254216383e-03
2.159999999999999919e-04	7.849868844001234650e-03
2.169999999999999891e-04	7.837065995853842795e-03
2.179999999999999863e-04	7.823723885652238488e-03
2.189999999999999835e-04	7.809851097236635876e-03
2.199999999999999807e-04	7.795456214447236964e-03
2.209999999999999779e-04	7.780547821124246359e-03
2.220000000000000022e-04	7.765134501107869534e-03
2.229999999999999994e-04	7.749224838238318036e-03
2.239999999999999966e-04	7.732827416355791267e-03
2.249999999999999938e-04	7.715950819300502507e-03
2.259999999999999910e-04	7.698603630912649425e-03
2.269999999999999882e-04	7.680794435032441830e-03
2.279999999999999854e-04	7.662531815500086933e-03
2.289999999999999826e-04	7.643824356155786738e-03
2.299999999999999799e-04	7.624680640839754525e-03
2.309999999999999771e-04	7.605109253392186228e-03
2.320000000000000014e-04	7.585118777653295126e-03
2.329999999999999986e-04	7.564717797463283225e-03
2.339999999999999958e-04	7.543914896662355998e-03
2.349999999999999930e-04	7.522718659090728462e-03
2.359999999999999902e-04	7.501137668588593946e-03
2.369999999999999874e-04	7.479180508996163129e-03
2.379999999999999846e-04	7.456855764153645823e-03
2.389999999999999818e-04	7.434172017901243164e-03
2.399999999999999790e-04	7.411137854079160626e-03
2.409999999999999762e-04	7.387761856527606287e-03
2.420000000000000005e-04	7.364052609086787354e-03
2.429999999999999977e-04	7.340018695596910170e-03
2.439999999999999949e-04	7.315668699898175871e-03
2.449999999999999921e-04	7.291011205830792534e-03
2.459999999999999622e-04	7.266054797234969102e-03
2.469999999999999865e-04	7.240808057950904979e-03
2.480000000000000108e-04	7.215279571818813444e-03
2.489999999999999809e-04	7.189477922678895634e-03
2.500000000000000052e-04	7.163411694371359627e-03
2.509999999999999753e-04	7.137089470736412630e-03
2.519999999999999996e-04	7.110519835614252313e-03
2.529999999999999697e-04	7.083711372845095423e-03
2.539999999999999940e-04	7.056672666269143100e-03
2.549999999999999641e-04	7.029412299726599082e-03
2.559999999999999884e-04	7.001938857057675783e-03
2.570000000000000127e-04	6.974260922102569135e-03
2.579999999999999828e-04	6.946387078701494154e-03
2.590000000000000071e-04	6.918325910694653712e-03
2.599999999999999772e-04	6.890086001922251548e-03
2.610000000000000015e-04	6.861675936224497473e-03
2.619999999999999716e-04	6.833104297441591757e-03
2.629999999999999959e-04	6.804379669413745946e-03
2.639999999999999660e-04	6.775510635981165514e-03
2.649999999999999903e-04	6.746505780984050731e-03
2.660000000000000146e-04	6.717373688262614009e-03
2.669999999999999847e-04	6.688122941657058222e-03
2.680000000000000090e-04	6.658762125007589711e-03
2.689999999999999791e-04	6.629299822154414816e-03
2.700000000000000035e-04	6.599744616937737278e-03
2.709999999999999735e-04	6.570105093197766907e-03
2.719999999999999979e-04	6.540389834774705709e-03
2.729999999999999680e-04	6.510607425508761759e-03
2.739999999999999923e-04	6.480766449240139664e-03
2.749999999999999624e-04	6.450875489809048367e-03
2.759999999999999867e-04	6.420943131055690742e-03
2.770000000000000110e-04	6.390977956820269659e-03
2.779999999999999811e-04	6.360988550942999267e-03
2.790000000000000054e-04	6.330983497264080703e-03
2.799999999999999755e-04	6.300971379623719441e-03
2.809999999999999998e-04	6.270960781862121823e-03
2.819999999999999699e-04	6.240960287819494190e-03
2.829999999999999942e-04	6.210978481336042016e-03
2.839999999999999643e-04	6.181023946251973378e-03
2.849999999999999886e-04	6.151105266407489412e-03
2.860000000000000129e-04	6.121229619404889959e-03
2.869999999999999830e-04	6.091398557894832366e-03
2.880000000000000073e-04	6.061612228290057074e-03
2.889999999999999774e-04	6.031870777003317530e-03
2.900000000000000017e-04	6.002174350447353306e-03
2.909999999999999718e-04	5.972523095034916983e-03
2.919999999999999961e-04	5.942917157178746398e-03
2.929999999999999662e-04	5.913356683291597603e-03
2.939999999999999905e-04	5.883841819786209300e-03
2.949999999999999606e-04	5.854372713075332336e-03
2.959999999999999849e-04	5.824949509571709753e-03
2.970000000000000092e-04	5.795572355688088061e-03
2.979999999999999793e-04	5.766241397837216370e-03
2.990000000000000036e-04	5.736956782431835988e-03
2.999999999999999737e-04	5.707718655884699496e-03
3.009999999999999980e-04	5.678527164608547333e-03
3.019999999999999681e-04	5.649382455016129477e-03
3.029999999999999924e-04	5.620284673520189837e-03
3.039999999999999625e-04	5.591233966533477526e-03
3.049999999999999868e-04	5.562230480468733848e-03
3.060000000000000111e-04	5.533274361738707917e-03
3.069999999999999812e-04	5.504365756756148843e-03
3.080000000000000055e-04	5.475504811933796200e-03
3.089999999999999756e-04	5.446691673684402567e-03
3.099999999999999999e-04	5.417926488420710118e-03
3.109999999999999700e-04	5.389209402555467966e-03
3.119999999999999944e-04	5.360540562501418284e-03
3.129999999999999644e-04	5.331920114671311051e-03
3.139999999999999888e-04	5.303348205477891909e-03
3.149999999999999589e-04	5.274824981333908237e-03
3.159999999999999832e-04	5.246350588652100473e-03
3.170000000000000075e-04	5.217925173845220331e-03
3.179999999999999776e-04	5.189548883326011719e-03
3.190000000000000019e-04	5.161221863507222014e-03
3.199999999999999720e-04	5.132944260801598595e-03
3.209999999999999963e-04	5.104716221621884500e-03
3.219999999999999664e-04	5.076537892380827109e-03
3.229999999999999907e-04	5.048409419491172931e-03
3.239999999999999608e-04	5.020330949365671945e-03
3.249999999999999851e-04	4.992302628417062856e-03
3.260000000000000094e-04	4.964324603058096509e-03
3.269999999999999795e-04	4.936397019701517681e-03
3.280000000000000038e-04	4.908520024760073749e-03
3.289999999999999739e-04	4.880693764646512091e-03
3.299999999999999982e-04	4.852918385773575746e-03
3.309999999999999683e-04	4.825194034554012960e-03
3.319999999999999926e-04	4.797520857400567641e-03
3.329999999999999627e-04	4.769899000725990636e-03
3.339999999999999870e-04	4.742328610943023250e-03
3.350000000000000113e-04	4.714809834464413728e-03
3.359999999999999814e-04	4.687342817702908580e-03
3.370000000000000057e-04	4.659927707071254317e-03
3.379999999999999758e-04	4.632564648982195714e-03
3.390000000000000001e-04	4.605253789848479280e-03
3.399999999999999702e-04	4.577995276082854129e-03
3.409999999999999945e-04	4.550789254098062432e-03
3.419999999999999646e-04	4.523635870306852436e-03
3.429999999999999889e-04	4.496535271121968914e-03
3.439999999999999590e-04	4.469487602956160981e-03
3.449999999999999833e-04	4.442493012222171675e-03
3.460000000000000076e-04	4.415551645332748375e-03
3.469999999999999777e-04	4.388663648700640192e-03
3.480000000000000020e-04	4.361829168738586698e-03
3.489999999999999721e-04	4.335048351859341342e-03
3.499999999999999964e-04	4.308321344475643695e-03
3.509999999999999665e-04	4.281648293000247206e-03
3.519999999999999908e-04	4.255029343845891446e-03
3.529999999999999609e-04	4.228464643425324659e-03
3.539999999999999853e-04	4.201954338151295959e-03
3.550000000000000096e-04	4.175498574436547518e-03
3.559999999999999797e-04	4.149097498693829315e-03
3.570000000000000040e-04	4.122751257335884392e-03
3.579999999999999741e-04	4.096459996775462728e-03
3.589999999999999984e-04	4.070223863425303894e-03
3.599999999999999685e-04	4.044043003698160471e-03
3.609999999999999928e-04	4.017917564006775501e-03
3.619999999999999629e-04	3.991847690763898095e-03
3.629999999999999872e-04	3.965833530382269559e-03
3.639999999999999573e-04	3.939875229274641608e-03
3.649999999999999816e-04	3.913972933853756414e-03
3.660000000000000059e-04	3.888126790532361356e-03
3.669999999999999760e-04	3.862336945723204244e-03
3.680000000000000003e-04	3.836603545839028552e-03
3.689999999999999704e-04	3.810926737292583393e-03
3.699999999999999947e-04	3.785306666496612675e-03
3.709999999999999648e-04	3.759743479863863775e-03
3.719999999999999891e-04	3.734237323807081468e-03
3.729999999999999592e-04	3.708788344739015301e-03
3.739999999999999835e-04	3.683396689072407880e-03
3.750000000000000078e-04	3.658062503220005715e-03
3.759999999999999779e-04	3.632785933594557485e-03
3.770000000000000022e-04	3.607567126608807965e-03
3.779999999999999723e-04	3.582406228675503665e-03
3.789999999999999966e-04	3.557303386207388493e-03
3.799999999999999667e-04	3.532258745617213730e-03
3.809999999999999910e-04	3.507272453317719814e-03
3.819999999999999611e-04	3.482344655721658459e-03
3.829999999999999854e-04	3.457475499241771406e-03
3.840000000000000097e-04	3.432665130290805597e-03
3.849999999999999798e-04	3.407913695281510145e-03
3.860000000000000041e-04	3.383221340626628524e-03
3.869999999999999742e-04	3.358588212738909413e-03
3.879999999999999985e-04	3.334014458031094551e-03
3.889999999999999686e-04	3.309500222915936086e-03
3.899999999999999929e-04	3.285045653806174023e-03
3.909999999999999630e-04	3.260650897114560076e-03
3.919999999999999873e-04	3.236316099253835985e-03
3.929999999999999574e-04	3.212041406636752163e-03
3.939999999999999817e-04	3.187826965676050783e-03
3.950000000000000061e-04	3.163672922784480090e-03
3.959999999999999762e-04	3.139579424374787896e-03
3.970000000000000005e-04	3.115546616859717240e-03
3.979999999999999706e-04	3.091574646652016801e-03
3.989999999999999949e-04	3.067663660164430487e-03
3.999999999999999650e-04	3.043813803809707844e-03
4.009999999999999893e-04	3.020025224000591046e-03
4.019999999999999594e-04	2.996298067149830505e-03
4.029999999999999837e-04	2.972632479670167527e-03
4.040000000000000080e-04	2.949028607974351658e-03
4.049999999999999781e-04	2.925486598475129842e-03
4.060000000000000024e-04	2.902006597585245554e-03
4.069999999999999725e-04	2.878588751717447904e-03
4.079999999999999968e-04	2.855233207284479501e-03
4.089999999999999669e-04	2.831940110699091191e-03
4.099999999999999912e-04	2.808709608374023847e-03
4.109999999999999613e-04	2.785541846722029181e-03
4.119999999999999856e-04	2.762436972155848502e-03
4.129999999999999557e-04	2.739395131088231353e-03
4.139999999999999800e-04	2.716416469931922512e-03
4.150000000000000043e-04	2.693501135099667619e-03
4.159999999999999744e-04	2.670649273004215354e-03
4.169999999999999987e-04	2.647861030058309192e-03
4.179999999999999688e-04	2.625136552674696942e-03
4.189999999999999931e-04	2.602475987266124682e-03
4.199999999999999632e-04	2.579879480245338055e-03
4.209999999999999875e-04	2.557347178025083136e-03
4.219999999999999576e-04	2.534879227018107303e-03
4.229999999999999819e-04	2.512475773637154030e-03
4.240000000000000062e-04	2.490136964294972430e-03
4.249999999999999763e-04	2.467862945404308578e-03
4.260000000000000006e-04	2.445653863377907251e-03
4.269999999999999707e-04	2.423509864628515392e-03
4.279999999999999950e-04	2.401431095568879511e-03
4.289999999999999651e-04	2.379417702611745251e-03
4.299999999999999894e-04	2.357469832169858687e-03
4.309999999999999595e-04	2.335587630655966331e-03
4.319999999999999838e-04	2.313771244482814692e-03
4.329999999999999539e-04	2.292020820063149847e-03
4.339999999999999782e-04	2.270336503809716570e-03
4.350000000000000026e-04	2.248718442135261807e-03
4.359999999999999726e-04	2.227166781452535101e-03
4.369999999999999970e-04	2.205681668174277327e-03
4.379999999999999671e-04	2.184263248713238462e-03
4.389999999999999914e-04	2.162911669482163284e-03
4.399999999999999615e-04	2.141627076893799168e-03
4.409999999999999858e-04	2.120409617360890023e-03
4.419999999999999559e-04	2.099259437296184527e-03
4.429999999999999802e-04	2.078176683112426155e-03
4.440000000000000045e-04	2.057161501222363152e-03
4.449999999999999746e-04	2.036214038038742461e-03
4.459999999999999989e-04	2.015334439974307990e-03
4.469999999999999690e-04	1.994522853441807984e-03
4.479999999999999933e-04	1.973779424853987219e-03
4.489999999999999634e-04	1.953104300623593288e-03
4.499999999999999877e-04	1.932497627163369883e-03
4.509999999999999578e-04	1.911959550886066766e-03
4.519999999999999821e-04	1.891490218204427412e-03
4.530000000000000064e-04	1.871089775531197680e-03
4.539999999999999765e-04	1.850758369279127766e-03
4.550000000000000008e-04	1.830496145860958544e-03
4.559999999999999709e-04	1.810303251689441293e-03
4.569999999999999952e-04	1.790179833177317319e-03
4.579999999999999653e-04	1.770126036737336168e-03
4.589999999999999896e-04	1.750142008782243483e-03
4.599999999999999597e-04	1.730227895724785556e-03
4.609999999999999840e-04	1.710383843977707598e-03
4.619999999999999541e-04	1.690609999953756768e-03
4.629999999999999784e-04	1.670906510065678060e-03
4.640000000000000027e-04	1.651273520726218849e-03
4.649999999999999728e-04	1.631711178348125213e-03
4.659999999999999971e-04	1.612219629344142794e-03
4.669999999999999672e-04	1.592799020127019620e-03
4.679999999999999915e-04	1.573449497109498732e-03
4.689999999999999616e-04	1.554171206704329242e-03
4.699999999999999859e-04	1.534964295324254841e-03
4.709999999999999560e-04	1.515828909382025075e-03
4.719999999999999803e-04	1.496765195290382551e-03
4.730000000000000046e-04	1.477773299462075080e-03
4.739999999999999747e-04	1.458853368309850473e-03
4.749999999999999990e-04	1.440005548246452204e-03
4.759999999999999691e-04	1.421229985684628518e-03
4.769999999999999934e-04	1.402526827037123541e-03
4.779999999999999635e-04	1.383896218716685949e-03
4.789999999999999879e-04	1.365338307136059869e-03
4.799999999999999580e-04	1.346853238707993112e-03
4.809999999999999823e-04	1.328441159845230668e-03
4.819999999999999524e-04	1.310102216960519483e-03
4.829999999999999767e-04	1.291836556466604332e-03
4.840000000000000010e-04	1.273644324776233242e-03
4.849999999999999711e-04	1.255525668302153158e-03
4.859999999999999954e-04	1.237480733457106685e-03
4.869999999999999655e-04	1.219509666653844021e-03
4.879999999999999898e-04	1.201612614305108424e-03
4.889999999999999599e-04	1.183789722823648354e-03
4.899999999999999842e-04	1.166041138622208369e-03
4.910000000000000085e-04	1.148367008113535415e-03
4.919999999999999244e-04	1.130767477710376652e-03
4.929999999999999487e-04	1.113242693825475770e-03
4.939999999999999730e-04	1.095792802871580580e-03
4.949999999999999973e-04	1.078417951261437160e-03
4.960000000000000216e-04	1.061118285407791151e-03
4.969999999999999375e-04	1.043893951723391883e-03
4.979999999999999618e-04	1.026745096620980662e-03
4.989999999999999861e-04	1.009671866513306166e-03
5.000000000000000104e-04	9.926744078131144716e-04
5.009999999999999263e-04	9.757528669331537148e-04
5.019999999999999506e-04	9.589073902861663945e-04
5.029999999999999749e-04	9.421381242849006469e-04
5.039999999999999992e-04	9.254452153421024400e-04
5.050000000000000235e-04	9.088288098705180670e-04
5.059999999999999394e-04	8.922890542828954474e-04
5.069999999999999637e-04	8.758260949919776219e-04
5.079999999999999880e-04	8.594400784105118594e-04
5.090000000000000123e-04	8.431311509512452122e-04
5.099999999999999282e-04	8.268994590269251660e-04
5.109999999999999525e-04	8.107451490502944362e-04
5.119999999999999768e-04	7.946683674341012676e-04
5.130000000000000011e-04	7.786692605910913029e-04
5.140000000000000254e-04	7.627479749340114858e-04
5.149999999999999413e-04	7.469046568756088685e-04
5.159999999999999656e-04	7.311394528286276843e-04
5.169999999999999899e-04	7.154525092058141179e-04
5.180000000000000143e-04	6.998439724199154383e-04
5.189999999999999301e-04	6.843139888836789145e-04
5.199999999999999544e-04	6.688627050098483462e-04
5.209999999999999788e-04	6.534902672111711107e-04
5.220000000000000031e-04	6.381968219003925254e-04
5.230000000000000274e-04	6.229825154902602930e-04
5.239999999999999433e-04	6.078474943935217910e-04
5.249999999999999676e-04	5.927919050229190842e-04
5.259999999999999919e-04	5.778158937912007426e-04
5.270000000000000162e-04	5.629196071111133848e-04
5.279999999999999321e-04	5.481031913954042796e-04
5.289999999999999564e-04	5.333667930568164678e-04
5.299999999999999807e-04	5.187105585080977604e-04
5.310000000000000050e-04	5.041346341619947760e-04
5.320000000000000293e-04	4.896391664312529403e-04
5.329999999999999452e-04	4.752243017286207150e-04
5.339999999999999695e-04	4.608901864668408154e-04
5.349999999999999938e-04	4.466369670586612154e-04
5.360000000000000181e-04	4.324647899168283165e-04
5.369999999999999340e-04	4.183738014540892792e-04
5.379999999999999583e-04	4.043641480831875780e-04
5.389999999999999826e-04	3.904359762168710239e-04
5.400000000000000069e-04	3.765894322678855848e-04
5.409999999999999228e-04	3.628246626489794514e-04
5.419999999999999471e-04	3.491418137728953932e-04
5.429999999999999714e-04	3.355410320523812755e-04
5.439999999999999957e-04	3.220224639001831746e-04
5.450000000000000200e-04	3.085862557290476008e-04
5.459999999999999359e-04	2.952325539517220397e-04
5.469999999999999602e-04	2.819615049809496947e-04
5.479999999999999845e-04	2.687732552294783768e-04
5.490000000000000088e-04	2.556679511100541625e-04
5.499999999999999247e-04	2.426457390354248627e-04
5.509999999999999490e-04	2.297067654183336809e-04
5.519999999999999733e-04	2.168511766715284280e-04
5.529999999999999976e-04	2.040791192077552889e-04
5.540000000000000219e-04	1.913907394397602315e-04
5.549999999999999378e-04	1.787861837802909586e-04
5.559999999999999621e-04	1.662655986420911612e-04
5.569999999999999864e-04	1.538291304379082981e-04
5.580000000000000107e-04	1.414769255804884727e-04
5.589999999999999266e-04	1.292091304825795776e-04
5.599999999999999509e-04	1.170258915569243415e-04
5.609999999999999752e-04	1.049273552162711043e-04
5.619999999999999996e-04	9.291366787336580656e-05
5.630000000000000239e-04	8.098497594095455197e-05
5.639999999999999397e-04	6.914142583178500248e-05
5.649999999999999641e-04	5.738316395860098478e-05
5.659999999999999884e-04	4.571033673414964587e-05
5.670000000000000127e-04	3.412309057117726544e-05
5.679999999999999286e-04	2.262157188243107183e-05
5.689999999999999529e-04	1.120592708065540669e-05
5.699999999999999772e-04	-1.236974214027049181e-07
5.710000000000000015e-04	-1.136715521099686136e-05
5.720000000000000258e-04	-2.252429987538087782e-05
5.729999999999999417e-04	-3.359498500180755308e-05
5.739999999999999660e-04	-4.457906417753297915e-05
5.749999999999999903e-04	-5.547639098980943981e-05
5.760000000000000146e-04	-6.628681902589123813e-05
5.769999999999999305e-04	-7.701020187303076630e-05
5.779999999999999548e-04	-8.764639311848399438e-05
5.789999999999999791e-04	-9.819524634950376179e-05
5.800000000000000034e-04	-1.086566151533437753e-04
5.810000000000000277e-04	-1.190303531172575520e-04
5.819999999999999436e-04	-1.293163138284983513e-04
5.829999999999999679e-04	-1.395143508743218182e-04
5.839999999999999922e-04	-1.496243178419806022e-04
5.850000000000000165e-04	-1.596460683187286812e-04
5.859999999999999324e-04	-1.695794558918183254e-04
5.869999999999999567e-04	-1.794243341485060334e-04
5.879999999999999810e-04	-1.891805566760444549e-04
5.890000000000000053e-04	-1.988479770616867546e-04
5.899999999999999212e-04	-2.084264488926865309e-04
5.909999999999999455e-04	-2.179158257562989812e-04
5.919999999999999698e-04	-2.273159612397771890e-04
5.929999999999999941e-04	-2.366267089303750507e-04
5.940000000000000184e-04	-2.458479224153460293e-04
5.949999999999999343e-04	-2.549794552819433435e-04
5.959999999999999586e-04	-2.640211611174217844e-04
5.969999999999999829e-04	-2.729728935090356551e-04
5.980000000000000072e-04	-2.818345060440374155e-04
5.989999999999999231e-04	-2.906058523096807724e-04
5.999999999999999474e-04	-2.992867858932210046e-04
6.009999999999999717e-04	-3.078771603819107890e-04
6.019999999999999961e-04	-3.163768293630045371e-04
6.030000000000000204e-04	-3.247856464237554135e-04
6.039999999999999362e-04	-3.331034651514164203e-04
6.049999999999999606e-04	-3.413301391332436495e-04
6.059999999999999849e-04	-3.494655219564892900e-04
6.070000000000000092e-04	-3.575094672084075907e-04
6.079999999999999251e-04	-3.654618284762512826e-04
6.089999999999999494e-04	-3.733224593472759156e-04
6.099999999999999737e-04	-3.810912134087343292e-04
6.109999999999999980e-04	-3.887679442478803385e-04
6.120000000000000223e-04	-3.963525054519681382e-04
6.129999999999999382e-04	-4.038447506082503509e-04
6.139999999999999625e-04	-4.112445333039820385e-04
6.149999999999999868e-04	-4.185517071264167996e-04
6.160000000000000111e-04	-4.257661256628083408e-04
6.169999999999999270e-04	-4.328876425004092848e-04
6.179999999999999513e-04	-4.399161112264751814e-04
6.189999999999999756e-04	-4.468513854282590327e-04
6.199999999999999999e-04	-4.536933186930145454e-04
6.210000000000000242e-04	-4.604417646079958060e-04
6.219999999999999401e-04	-4.670965767604557620e-04
6.229999999999999644e-04	-4.736576087376495299e-04
6.239999999999999887e-04	-4.801247141268298949e-04
6.250000000000000130e-04	-4.864977465152513225e-04
6.259999999999999289e-04	-4.927765594901663271e-04
6.269999999999999532e-04	-4.989610066388304585e-04
6.279999999999999775e-04	-5.050509415484964477e-04
6.290000000000000018e-04	-5.110462178064185436e-04
6.299999999999999177e-04	-5.169466889998494772e-04
6.309999999999999420e-04	-5.227522087160444732e-04
6.319999999999999663e-04	-5.284626305422568046e-04
6.329999999999999906e-04	-5.340778080657399614e-04
6.340000000000000149e-04	-5.395975948737479757e-04
6.349999999999999308e-04	-5.450218445535342290e-04
6.359999999999999551e-04	-5.503504106923532953e-04
6.369999999999999794e-04	-5.555831468774584479e-04
6.380000000000000037e-04	-5.607199066961037186e-04
6.389999999999999196e-04	-5.657605437355418387e-04
6.399999999999999439e-04	-5.707049115830283579e-04
6.409999999999999682e-04	-5.755528638258158988e-04
6.419999999999999925e-04	-5.803042540511588188e-04
6.430000000000000169e-04	-5.849589358463104993e-04
6.439999999999999327e-04	-5.895167627985243219e-04
6.449999999999999570e-04	-5.939775884950552944e-04
6.459999999999999814e-04	-5.983412665231563647e-04
6.470000000000000057e-04	-6.026076504700816731e-04
6.479999999999999215e-04	-6.067765939230841676e-04
6.489999999999999459e-04	-6.108479504694185307e-04
6.499999999999999702e-04	-6.148215736963386861e-04
6.509999999999999945e-04	-6.186973171910976899e-04
6.520000000000000188e-04	-6.224750345409498994e-04
6.529999999999999347e-04	-6.261545793331484795e-04
6.539999999999999590e-04	-6.297358051549478957e-04
6.549999999999999833e-04	-6.332185655936017465e-04
6.560000000000000076e-04	-6.366027142363636301e-04
6.569999999999999235e-04	-6.398881046704872535e-04
6.579999999999999478e-04	-6.430745904832268654e-04
6.589999999999999721e-04	-6.461620252618359558e-04
6.599999999999999964e-04	-6.491502625935684483e-04
6.610000000000000207e-04	-6.520391560656777245e-04
6.619999999999999366e-04	-6.548285592654179248e-04
6.629999999999999609e-04	-6.575183257800428643e-04
6.639999999999999852e-04	-6.601083091968063584e-04
6.650000000000000095e-04	-6.625983631029618969e-04
6.659999999999999254e-04	-6.649883410857634035e-04
6.669999999999999497e-04	-6.672780967324648017e-04
6.679999999999999740e-04	-6.694674836303197984e-04
6.689999999999999983e-04	-6.715563553665822088e-04
6.700000000000000226e-04	-6.735445655285058481e-04
6.709999999999999385e-04	-6.754319677033442061e-04
6.719999999999999628e-04	-6.772184154783516402e-04
6.729999999999999871e-04	-6.789037624407815320e-04
6.740000000000000114e-04	-6.804878621778875881e-04
6.749999999999999273e-04	-6.819705682769236239e-04
6.759999999999999516e-04	-6.833517343251437797e-04
6.769999999999999759e-04	-6.846312139098017623e-04
6.780000000000000002e-04	-6.858088606181510618e-04
6.789999999999999161e-04	-6.868845280374454932e-04
6.799999999999999404e-04	-6.878580697549391970e-04
6.809999999999999647e-04	-6.887293393578855548e-04
6.819999999999999890e-04	-6.894981904335387071e-04
6.830000000000000134e-04	-6.901644765691522521e-04
6.839999999999999292e-04	-6.907280513519797882e-04
6.849999999999999535e-04	-6.911887683692754560e-04
6.859999999999999779e-04	-6.915464812082929621e-04
6.870000000000000022e-04	-6.918010434562860134e-04
6.879999999999999180e-04	-6.919523087005084250e-04
6.889999999999999424e-04	-6.920001305282140122e-04
6.899999999999999667e-04	-6.919443625266564818e-04
6.909999999999999910e-04	-6.917848582830897573e-04
6.920000000000000153e-04	-6.915214713847675455e-04
6.929999999999999312e-04	-6.911540554189436617e-04
6.939999999999999555e-04	-6.906824639728715957e-04
6.949999999999999798e-04	-6.901065506338055966e-04
6.960000000000000041e-04	-6.894261689889990457e-04
6.969999999999999200e-04	-6.886411726257063003e-04
6.979999999999999443e-04	-6.877514151311806337e-04
6.989999999999999686e-04	-6.867567500926758609e-04
6.999999999999999929e-04	-6.856570310974461225e-04
7.010000000000000172e-04	-6.844521117327449083e-04
7.019999999999999331e-04	-6.831418455858261421e-04
7.029999999999999574e-04	-6.817260862439433137e-04
7.039999999999999817e-04	-6.802046872943505636e-04
7.050000000000000060e-04	-6.785775023243017070e-04
7.059999999999999219e-04	-6.768443849210503422e-04
7.069999999999999462e-04	-6.750051886718505013e-04
7.079999999999999705e-04	-6.730597671639553491e-04
7.089999999999999948e-04	-6.710079739846193511e-04
7.100000000000000191e-04	-6.688496627210959973e-04
7.109999999999999350e-04	-6.665846869606392115e-04
7.119999999999999593e-04	-6.642129002905027002e-04
7.129999999999999836e-04	-6.617341562979400620e-04
7.140000000000000079e-04	-6.591483085702053287e-04
7.149999999999999238e-04	-6.564552106945525326e-04
7.159999999999999481e-04	-6.536547162582348382e-04
7.169999999999999724e-04	-6.507466788485063861e-04
7.179999999999999967e-04	-6.477309520526209913e-04
7.190000000000000210e-04	-6.446073894578323608e-04
7.199999999999999369e-04	-6.413758446513945265e-04
7.209999999999999612e-04	-6.380361712205607615e-04
7.219999999999999855e-04	-6.345882227525852064e-04
7.230000000000000098e-04	-6.310318528347214594e-04
7.239999999999999257e-04	-6.273669150542240946e-04
7.249999999999999500e-04	-6.235932629983457348e-04
7.259999999999999743e-04	-6.197107502543405203e-04
7.269999999999999987e-04	-6.157192304094625916e-04
7.279999999999999145e-04	-6.116185570509658723e-04
7.289999999999999388e-04	-6.074085837661034187e-04
7.299999999999999632e-04	-6.030891641421293713e-04
7.309999999999999875e-04	-5.986601517662976536e-04
7.320000000000000118e-04	-5.941214002258619724e-04
7.329999999999999277e-04	-5.894727631080766850e-04
7.339999999999999520e-04	-5.847140940001943057e-04
7.349999999999999763e-04	-5.798452464894694085e-04
7.360000000000000006e-04	-5.748660741631557002e-04
7.369999999999999165e-04	-5.697764306085075382e-04
7.379999999999999408e-04	-5.645761694127776533e-04
7.389999999999999651e-04	-5.592651441632201861e-04
7.399999999999999894e-04	-5.538432084470890603e-04
7.410000000000000137e-04	-5.483102158516379825e-04
7.419999999999999296e-04	-5.426660199641217437e-04
7.429999999999999539e-04	-5.369104743717923161e-04
7.439999999999999782e-04	-5.310434326619044906e-04
7.450000000000000025e-04	-5.250647484217119739e-04
7.459999999999999184e-04	-5.189742752384691234e-04
7.469999999999999427e-04	-5.127718666994285617e-04
7.479999999999999670e-04	-5.064573763918444292e-04
7.489999999999999913e-04	-5.000306579029708664e-04
7.500000000000000156e-04	-4.934915648200615800e-04
7.509999999999999315e-04	-4.868399507303709274e-04
7.519999999999999558e-04	-4.800756692211513685e-04
7.529999999999999801e-04	-4.731985738796574774e-04
7.540000000000000044e-04	-4.662085182931427984e-04
7.549999999999999203e-04	-4.591053560488621765e-04
7.559999999999999446e-04	-4.518889407340676381e-04
7.569999999999999689e-04	-4.445591259360139741e-04
7.579999999999999932e-04	-4.371157652419547287e-04
7.590000000000000175e-04	-4.295587122391438255e-04
7.599999999999999334e-04	-4.218878205148358929e-04
7.609999999999999577e-04	-4.141029436562829570e-04
7.619999999999999820e-04	-4.062039352507396464e-04
7.630000000000000063e-04	-3.981906488854598846e-04
7.639999999999999222e-04	-3.900629381476982457e-04
