-2.089999999999999844e-04	-3.856539369264348348e-04
-2.079999999999999872e-04	-4.475628896158109033e-04
-2.069999999999999900e-04	-5.064481215376119517e-04
-2.059999999999999928e-04	-5.623642506557920053e-04
-2.049999999999999956e-04	-6.153658949343055774e-04
-2.039999999999999984e-04	-6.655076723371069645e-04
-2.030000000000000012e-04	-7.128442008281505714e-04
-2.020000000000000040e-04	-7.574300983713910199e-04
-2.009999999999999797e-04	-7.993199829307833654e-04
-1.999999999999999825e-04	-8.385684724702799527e-04
-1.989999999999999853e-04	-8.752301849538368129e-04
-1.979999999999999881e-04	-9.093597383454069417e-04
-1.969999999999999909e-04	-9.410117506089458279e-04
-1.959999999999999937e-04	-9.702408397084079849e-04
-1.949999999999999965e-04	-9.971016236077470587e-04
-1.939999999999999993e-04	-1.021648720270917562e-03
-1.930000000000000021e-04	-1.043936747661874552e-03
-1.920000000000000049e-04	-1.064020323744571455e-03
-1.909999999999999806e-04	-1.081954066482964088e-03
-1.899999999999999834e-04	-1.097792593841005011e-03
-1.889999999999999862e-04	-1.111590523782649605e-03
-1.879999999999999890e-04	-1.123402474271851734e-03
-1.869999999999999917e-04	-1.133283063272566560e-03
-1.859999999999999945e-04	-1.141286908748747947e-03
-1.849999999999999973e-04	-1.147468628664349974e-03
-1.840000000000000001e-04	-1.151882840983327154e-03
-1.830000000000000029e-04	-1.154584163669634652e-03
-1.819999999999999786e-04	-1.155627214687225896e-03
-1.809999999999999814e-04	-1.155066612000056050e-03
-1.799999999999999842e-04	-1.152956973572078544e-03
-1.789999999999999870e-04	-1.149352917367248757e-03
-1.779999999999999898e-04	-1.144309061349520337e-03
-1.769999999999999926e-04	-1.137880023482847796e-03
-1.759999999999999954e-04	-1.130120421731185864e-03
-1.749999999999999982e-04	-1.121084874058488621e-03
-1.740000000000000010e-04	-1.110827998428709929e-03
-1.730000000000000038e-04	-1.099404412805805604e-03
-1.719999999999999795e-04	-1.086868735153728640e-03
-1.709999999999999823e-04	-1.073275583436434201e-03
-1.699999999999999851e-04	-1.058679575617875934e-03
-1.689999999999999879e-04	-1.043135329662008785e-03
-1.679999999999999907e-04	-1.026697463532787484e-03
-1.669999999999999935e-04	-1.009420595194165243e-03
-1.659999999999999963e-04	-9.913593426100976609e-04
-1.649999999999999991e-04	-9.725683237445381657e-04
-1.640000000000000019e-04	-9.531021565614421383e-04
-1.630000000000000047e-04	-9.330154590247622488e-04
-1.619999999999999804e-04	-9.123628490984539863e-04
-1.609999999999999832e-04	-8.911989447464730568e-04
-1.599999999999999860e-04	-8.695783639327712630e-04
-1.589999999999999888e-04	-8.475557246213048530e-04
-1.579999999999999916e-04	-8.251856447760274726e-04
-1.569999999999999944e-04	-8.025227423608934183e-04
-1.559999999999999972e-04	-7.796216353398574203e-04
-1.550000000000000000e-04	-7.565369416768735582e-04
-1.540000000000000028e-04	-7.333232793358961284e-04
-1.530000000000000056e-04	-7.100352662808804031e-04
-1.519999999999999813e-04	-6.867275204757786189e-04
-1.509999999999999841e-04	-6.634546598845469153e-04
-1.499999999999999869e-04	-6.402713024711399140e-04
-1.489999999999999897e-04	-6.172320661995116947e-04
-1.479999999999999925e-04	-5.943915690336159033e-04
-1.469999999999999953e-04	-5.718044289374069446e-04
-1.459999999999999981e-04	-5.495252638748403078e-04
-1.450000000000000009e-04	-5.276086918098688797e-04
-1.440000000000000036e-04	-5.061093307064491254e-04
-1.430000000000000064e-04	-4.850817985285330643e-04
-1.419999999999999821e-04	-4.645807132400752099e-04
-1.409999999999999849e-04	-4.446606928050326774e-04
-1.399999999999999877e-04	-4.253763551873567276e-04
-1.389999999999999905e-04	-4.067823183510035001e-04
-1.379999999999999933e-04	-3.889332002599266407e-04
-1.369999999999999961e-04	-3.718836188780817471e-04
-1.359999999999999989e-04	-3.556881921694212724e-04
-1.350000000000000017e-04	-3.404015380979003805e-04
-1.340000000000000045e-04	-3.260782746274743437e-04
-1.330000000000000073e-04	-3.127730197220969163e-04
-1.319999999999999830e-04	-3.005403913457207685e-04
-1.309999999999999858e-04	-2.894350074623029071e-04
-1.299999999999999886e-04	-2.795114860357971950e-04
-1.289999999999999914e-04	-2.708244450301564108e-04
-1.279999999999999942e-04	-2.634285024093361519e-04
-1.269999999999999970e-04	-2.573782761372909317e-04
-1.259999999999999998e-04	-2.527283841779746128e-04
-1.250000000000000026e-04	-2.495334444953421424e-04
-1.240000000000000054e-04	-2.478480750533469494e-04
-1.229999999999999811e-04	-2.477268938159450651e-04
-1.219999999999999974e-04	-2.492245187470884006e-04
-1.210000000000000002e-04	-2.523955678107336377e-04
-1.199999999999999895e-04	-2.572946589708342054e-04
-1.189999999999999923e-04	-2.639764101913437497e-04
-1.179999999999999951e-04	-2.724954394362183018e-04
-1.169999999999999979e-04	-2.829063646694110739e-04
-1.160000000000000007e-04	-2.952638038548761456e-04
-1.149999999999999899e-04	-3.096223749565688976e-04
-1.139999999999999927e-04	-3.260366959384431926e-04
-1.129999999999999955e-04	-3.445613847644535439e-04
-1.119999999999999983e-04	-3.652510593985538144e-04
-1.110000000000000011e-04	-3.881603378046993846e-04
-1.099999999999999904e-04	-4.133438379468439006e-04
-1.089999999999999932e-04	-4.408561777889416586e-04
-1.079999999999999960e-04	-4.707519752949473890e-04
-1.069999999999999988e-04	-5.030858484288158218e-04
-1.060000000000000016e-04	-5.379124151544999524e-04
-1.049999999999999908e-04	-5.752862934359551615e-04
-1.039999999999999936e-04	-6.152621012371368298e-04
-1.029999999999999964e-04	-6.578944565219968683e-04
-1.019999999999999992e-04	-7.032379772544919590e-04
-1.010000000000000020e-04	-7.513472813985740129e-04
-9.999999999999999124e-05	-8.022769869182010127e-04
-9.899999999999999404e-05	-8.560817117773244361e-04
-9.799999999999999684e-05	-9.128160739398992300e-04
-9.699999999999999963e-05	-9.725346913698790403e-04
-9.600000000000000243e-05	-1.035270408720499096e-03
-9.499999999999999168e-05	-1.100968977402104042e-03
-9.399999999999999448e-05	-1.169554375514317941e-03
-9.299999999999999727e-05	-1.240950581156764852e-03
-9.200000000000000007e-05	-1.315081572429070136e-03
-9.099999999999998932e-05	-1.391871327430858288e-03
-8.999999999999999212e-05	-1.471243824261753803e-03
-8.899999999999999491e-05	-1.553123041021381824e-03
-8.799999999999999771e-05	-1.637432955809364678e-03
-8.700000000000000051e-05	-1.724097546725327076e-03
-8.599999999999998976e-05	-1.813040791868898933e-03
-8.499999999999999255e-05	-1.904186669339695418e-03
-8.399999999999999535e-05	-1.997459157237349049e-03
-8.299999999999999815e-05	-2.092782233661476515e-03
-8.200000000000000095e-05	-2.190079876711711199e-03
-8.099999999999999019e-05	-2.289276064487674126e-03
-7.999999999999999299e-05	-2.390294775088986322e-03
-7.899999999999999579e-05	-2.493059986615275316e-03
-7.799999999999999859e-05	-2.597495677166166469e-03
-7.700000000000000139e-05	-2.703525824841279939e-03
-7.599999999999999063e-05	-2.811074407740245858e-03
-7.499999999999999343e-05	-2.920065403962686119e-03
-7.399999999999999623e-05	-3.030422791608222179e-03
-7.299999999999999903e-05	-3.142070548776484170e-03
-7.200000000000000182e-05	-3.254932653567092684e-03
-7.099999999999999107e-05	-3.368933084079674817e-03
-6.999999999999999387e-05	-3.483995818413851159e-03
-6.899999999999999667e-05	-3.600044834669251410e-03
-6.799999999999999946e-05	-3.717004110945492691e-03
-6.700000000000000226e-05	-3.834797625342206868e-03
-6.599999999999999151e-05	-3.953349355959015834e-03
-6.499999999999999431e-05	-4.072583280895541481e-03
-6.399999999999999710e-05	-4.192423378251413507e-03
-6.299999999999999990e-05	-4.312793626126251202e-03
-6.200000000000000270e-05	-4.433618002619683397e-03
-6.099999999999999872e-05	-4.554820485831329382e-03
-5.999999999999999474e-05	-4.676325053860820591e-03
-5.899999999999999754e-05	-4.798055684807774578e-03
-5.800000000000000034e-05	-4.919936356771818439e-03
-5.699999999999999636e-05	-5.041891047852576670e-03
-5.599999999999999916e-05	-5.163843736149677233e-03
-5.499999999999999518e-05	-5.285718399762739418e-03
-5.399999999999999798e-05	-5.407439016791387720e-03
-5.300000000000000078e-05	-5.528929565335252705e-03
-5.199999999999999680e-05	-5.650114023493951927e-03
-5.099999999999999960e-05	-5.770916369367112483e-03
-4.999999999999999562e-05	-5.891260581054360602e-03
-4.899999999999999842e-05	-6.011070636655316442e-03
-4.800000000000000122e-05	-6.130270514269608832e-03
-4.699999999999999724e-05	-6.248784191996859666e-03
-4.600000000000000004e-05	-6.366535647936696907e-03
-4.499999999999999606e-05	-6.483448860188740712e-03
-4.399999999999999886e-05	-6.599447806852619912e-03
-4.299999999999999488e-05	-6.714456466027950328e-03
-4.199999999999999768e-05	-6.828398815814366862e-03
-4.100000000000000047e-05	-6.941198834311487938e-03
-3.999999999999999650e-05	-7.052780499618943252e-03
-3.899999999999999929e-05	-7.163067789836350362e-03
-3.799999999999999532e-05	-7.271984683063338097e-03
-3.699999999999999811e-05	-7.379455157399527482e-03
-3.600000000000000091e-05	-7.485403190944549083e-03
-3.499999999999999693e-05	-7.589752761798023058e-03
-3.399999999999999973e-05	-7.692427848059570430e-03
-3.299999999999999575e-05	-7.793352427828827839e-03
-3.199999999999999855e-05	-7.892450479205403296e-03
-3.100000000000000135e-05	-7.989645980288931706e-03
-2.999999999999999737e-05	-8.084862909179035828e-03
-2.900000000000000017e-05	-8.178025243975341890e-03
-2.799999999999999958e-05	-8.269056962777470918e-03
-2.699999999999999899e-05	-8.357882043685045670e-03
-2.599999999999999840e-05	-8.444424464797701049e-03
-2.499999999999999781e-05	-8.528608204215045938e-03
-2.400000000000000061e-05	-8.610357240036718707e-03
-2.300000000000000002e-05	-8.689595550362335177e-03
-2.199999999999999943e-05	-8.766247113291528517e-03
-2.099999999999999884e-05	-8.840235906923909343e-03
-1.999999999999999825e-05	-8.911485909359114291e-03
-1.899999999999999766e-05	-8.979921098696762652e-03
-1.800000000000000046e-05	-9.045465453036480655e-03
-1.699999999999999987e-05	-9.108042950477891059e-03
-1.599999999999999928e-05	-9.167577569120620093e-03
-1.499999999999999869e-05	-9.223993287064292251e-03
-1.399999999999999979e-05	-9.277214082408530293e-03
-1.299999999999999920e-05	-9.327163933252958714e-03
-1.200000000000000030e-05	-9.373766817697205475e-03
-1.099999999999999971e-05	-9.416946713840891603e-03
-9.999999999999999124e-06	-9.456627599783641591e-03
-9.000000000000000228e-06	-9.492733453625081669e-03
-7.999999999999999638e-06	-9.525188253464834595e-03
-6.999999999999999895e-06	-9.553915977402524864e-03
-6.000000000000000152e-06	-9.578840603537780440e-03
-4.999999999999999562e-06	-9.599886109970220613e-03
-3.999999999999999819e-06	-9.616976474799473346e-03
-3.000000000000000076e-06	-9.630035676125164867e-03
-1.999999999999999909e-06	-9.638987692046914468e-03
-9.999999999999999547e-07	-9.643756500664344908e-03
0.000000000000000000e+00	-9.644266080077091088e-03
9.999999999999999547e-07	-9.640440408384767096e-03
1.999999999999999909e-06	-9.632203463687006098e-03
3.000000000000000076e-06	-9.619479224083423916e-03
3.999999999999999819e-06	-9.602191667673650247e-03
4.999999999999999562e-06	-9.580264772557309585e-03
6.000000000000000152e-06	-9.553622516834021222e-03
6.999999999999999895e-06	-9.522188878603416590e-03
7.999999999999999638e-06	-9.485887835965116713e-03
9.000000000000000228e-06	-9.444643367018746086e-03
9.999999999999999124e-06	-9.398379449863929203e-03
1.099999999999999971e-05	-9.347020062600292292e-03
1.200000000000000030e-05	-9.290489183327458114e-03
1.299999999999999920e-05	-9.228710790145052897e-03
1.399999999999999979e-05	-9.161608861152695932e-03
1.499999999999999869e-05	-9.089107374450015181e-03
1.599999999999999928e-05	-9.011165685574723527e-03
1.699999999999999987e-05	-8.927884659816863119e-03
1.800000000000000046e-05	-8.839400539904569698e-03
1.899999999999999766e-05	-8.745849568565973800e-03
1.999999999999999825e-05	-8.647367988529209432e-03
2.099999999999999884e-05	-8.544092042522407129e-03
2.199999999999999943e-05	-8.436157973273697430e-03
2.300000000000000002e-05	-8.323702023511214340e-03
2.400000000000000061e-05	-8.206860435963091865e-03
2.499999999999999781e-05	-8.085769453357462277e-03
2.599999999999999840e-05	-7.960565318422456113e-03
2.699999999999999899e-05	-7.831384273886207378e-03
2.799999999999999958e-05	-7.698362562476842273e-03
2.900000000000000017e-05	-7.561636426922502610e-03
2.999999999999999737e-05	-7.421342109951317191e-03
3.100000000000000135e-05	-7.277615854291413083e-03
3.199999999999999855e-05	-7.130593902670931232e-03
3.299999999999999575e-05	-6.980412497817995235e-03
3.399999999999999973e-05	-6.827207882460743435e-03
3.499999999999999693e-05	-6.671116299327307236e-03
3.600000000000000091e-05	-6.512273991145816308e-03
3.699999999999999811e-05	-6.350817200644405525e-03
3.799999999999999532e-05	-6.186882170551206289e-03
3.899999999999999929e-05	-6.020605143594351741e-03
3.999999999999999650e-05	-5.852122362501973284e-03
4.100000000000000047e-05	-5.681570070002202322e-03
4.199999999999999768e-05	-5.509084508823173729e-03
4.299999999999999488e-05	-5.334801921693018908e-03
4.399999999999999886e-05	-5.158858551339864928e-03
4.499999999999999606e-05	-4.981390640491852734e-03
4.600000000000000004e-05	-4.802534431877107657e-03
4.699999999999999724e-05	-4.622426168223768908e-03
4.800000000000000122e-05	-4.441202092259961820e-03
4.899999999999999842e-05	-4.258998446713822134e-03
4.999999999999999562e-05	-4.075951474313482988e-03
5.099999999999999960e-05	-3.892197417787074051e-03
5.199999999999999680e-05	-3.707872519862730198e-03
5.300000000000000078e-05	-3.523113023268579797e-03
5.399999999999999798e-05	-3.338055170732761624e-03
5.499999999999999518e-05	-3.152835204983402313e-03
5.599999999999999916e-05	-2.967589368748635003e-03
5.699999999999999636e-05	-2.782453904756594133e-03
5.800000000000000034e-05	-2.597565055735410675e-03
5.899999999999999754e-05	-2.413059064413218199e-03
5.999999999999999474e-05	-2.229072173518148112e-03
6.099999999999999872e-05	-2.045740625778332249e-03
6.200000000000000270e-05	-1.863200663921901583e-03
6.299999999999999990e-05	-1.681588530676992287e-03
6.399999999999999710e-05	-1.501040468771733163e-03
6.499999999999999431e-05	-1.321692720934259952e-03
6.599999999999999151e-05	-1.143681529892701457e-03
6.700000000000000226e-05	-9.671431383751891890e-04
6.799999999999999946e-05	-7.922137891098597574e-04
6.899999999999999667e-05	-6.190297248248432648e-04
6.999999999999999387e-05	-4.477271882482726333e-04
7.099999999999999107e-05	-2.784424221082798089e-04
7.200000000000000182e-05	-1.112868570171951168e-04
7.299999999999999903e-05	5.372732487583782259e-05
7.399999999999999623e-05	2.166127535374808184e-04
7.499999999999999343e-05	3.773820589343961540e-04
7.599999999999999063e-05	5.360478710332428195e-04
7.700000000000000139e-05	6.926228198006840944e-04
7.799999999999999859e-05	8.471195352033757770e-04
7.899999999999999579e-05	9.995506472079802255e-04
7.999999999999999299e-05	1.149928785781159039e-03
8.099999999999999019e-05	1.298266580889571647e-03
8.200000000000000095e-05	1.444576662499880192e-03
8.299999999999999815e-05	1.588871660578741393e-03
8.399999999999999535e-05	1.731164205092818476e-03
8.499999999999999255e-05	1.871466926008770763e-03
8.599999999999998976e-05	2.009792453293259961e-03
8.700000000000000051e-05	2.146153416912947778e-03
8.799999999999999771e-05	2.280562446834488981e-03
8.899999999999999491e-05	2.413032173024549400e-03
8.999999999999999212e-05	2.543575225449786620e-03
9.099999999999998932e-05	2.672204234076862566e-03
9.200000000000000007e-05	2.798931828872438295e-03
9.299999999999999727e-05	2.923770639803172696e-03
9.399999999999999448e-05	3.046733296835725090e-03
9.499999999999999168e-05	3.167832429936759571e-03
9.600000000000000243e-05	3.287080669072934593e-03
9.699999999999999963e-05	3.404490644210909044e-03
9.799999999999999684e-05	3.520074985317345282e-03
9.899999999999999404e-05	3.633846322358903064e-03
9.999999999999999124e-05	3.745817285302243446e-03
1.010000000000000020e-04	3.856000504114026617e-03
1.019999999999999992e-04	3.964408608760914068e-03
1.029999999999999964e-04	4.071054229209562954e-03
1.039999999999999936e-04	4.175949995426636065e-03
1.049999999999999908e-04	4.279108537378791856e-03
1.060000000000000016e-04	4.380542485032697456e-03
1.069999999999999988e-04	4.480264468355003513e-03
1.079999999999999960e-04	4.578287117312376288e-03
1.089999999999999932e-04	4.674623061871475103e-03
1.099999999999999904e-04	4.769284931998961884e-03
1.110000000000000011e-04	4.862285357661495083e-03
1.119999999999999983e-04	4.953636968825735759e-03
1.129999999999999955e-04	5.043352395458343233e-03
1.139999999999999927e-04	5.131444267525978563e-03
1.149999999999999899e-04	5.217925214995305407e-03
1.160000000000000007e-04	5.302807867832978750e-03
1.169999999999999979e-04	5.386104856005662252e-03
1.179999999999999951e-04	5.467828809480016101e-03
1.189999999999999923e-04	5.547992358222697887e-03
1.199999999999999895e-04	5.626608132200373869e-03
1.210000000000000002e-04	5.703688761379699899e-03
1.219999999999999974e-04	5.779246875727339638e-03
1.229999999999999811e-04	5.853295105209946336e-03
1.240000000000000054e-04	5.925846079794191458e-03
1.250000000000000026e-04	5.996912429446726520e-03
1.259999999999999998e-04	6.066506784134215180e-03
1.269999999999999970e-04	6.134641773823315894e-03
1.279999999999999942e-04	6.201329946971656688e-03
1.289999999999999914e-04	6.266583526000707449e-03
1.299999999999999886e-04	6.330414651822904165e-03
1.309999999999999858e-04	6.392835465350685427e-03
1.319999999999999830e-04	6.453858107496486356e-03
1.330000000000000073e-04	6.513494719172744675e-03
1.340000000000000045e-04	6.571757441291893771e-03
1.350000000000000017e-04	6.628658414766371368e-03
1.359999999999999989e-04	6.684209780508616923e-03
1.369999999999999961e-04	6.738423679431061221e-03
1.379999999999999933e-04	6.791312252446146322e-03
1.389999999999999905e-04	6.842887640466305613e-03
1.399999999999999877e-04	6.893161984403973347e-03
1.409999999999999849e-04	6.942147425171590717e-03
1.419999999999999821e-04	6.989856103681591111e-03
1.430000000000000064e-04	7.036300160846413985e-03
1.440000000000000036e-04	7.081491737578490993e-03
1.450000000000000009e-04	7.125442974790262458e-03
1.459999999999999981e-04	7.168166013394162636e-03
1.469999999999999953e-04	7.209672994302627515e-03
1.479999999999999925e-04	7.249976058428094818e-03
1.489999999999999897e-04	7.289087346683004870e-03
1.499999999999999869e-04	7.327018999979783252e-03
1.509999999999999841e-04	7.363783159230877229e-03
1.519999999999999813e-04	7.399391965348717584e-03
1.530000000000000056e-04	7.433857559245743776e-03
1.540000000000000028e-04	7.467192081834389192e-03
1.550000000000000000e-04	7.499407674027090687e-03
1.559999999999999972e-04	7.530516476736285984e-03
1.569999999999999944e-04	7.560530630874409339e-03
1.579999999999999916e-04	7.589462277353901075e-03
1.589999999999999888e-04	7.617323557087197182e-03
1.599999999999999860e-04	7.644126610986730179e-03
1.609999999999999832e-04	7.669883579964935187e-03
1.619999999999999804e-04	7.694606604934258604e-03
1.630000000000000047e-04	7.718307826807127743e-03
1.640000000000000019e-04	7.740999386495977727e-03
1.649999999999999991e-04	7.762693424913252351e-03
1.659999999999999963e-04	7.783402082971381530e-03
1.669999999999999935e-04	7.803137501582808194e-03
1.679999999999999907e-04	7.821911821659959657e-03
1.689999999999999879e-04	7.839737184115281449e-03
1.699999999999999851e-04	7.856625729861205221e-03
1.709999999999999823e-04	7.872589599810166094e-03
1.719999999999999795e-04	7.887640934874606130e-03
1.730000000000000038e-04	7.901791875966956979e-03
1.740000000000000010e-04	7.915054563999655499e-03
1.749999999999999982e-04	7.927441139885140278e-03
1.759999999999999954e-04	7.938963744535842970e-03
1.769999999999999926e-04	7.949634518864209104e-03
1.779999999999999898e-04	7.959465603782661658e-03
1.789999999999999870e-04	7.968469140203649631e-03
1.799999999999999842e-04	7.976657269039606410e-03
1.809999999999999814e-04	7.984042131202961912e-03
1.819999999999999786e-04	7.990635867606158196e-03
1.830000000000000029e-04	7.996450619161630385e-03
1.840000000000000001e-04	8.001498526781813600e-03
1.849999999999999973e-04	8.005791731379149900e-03
1.859999999999999945e-04	8.009342373866065734e-03
1.869999999999999917e-04	8.012162595155008366e-03
1.879999999999999890e-04	8.014264536158405977e-03
1.889999999999999862e-04	8.015660337788695425e-03
1.899999999999999834e-04	8.016362140958322238e-03
1.909999999999999806e-04	8.016382086579712865e-03
1.920000000000000049e-04	8.015732315565305896e-03
1.930000000000000021e-04	8.014424968827539922e-03
1.939999999999999993e-04	8.012472187278850064e-03
1.949999999999999965e-04	8.009886111831674912e-03
1.959999999999999937e-04	8.006678883398446120e-03
1.969999999999999909e-04	8.002862642891602277e-03
1.979999999999999881e-04	7.998449531223583708e-03
1.989999999999999853e-04	7.993451689306820332e-03
1.999999999999999825e-04	7.987881258053752473e-03
2.009999999999999797e-04	7.981750378376813518e-03
2.020000000000000040e-04	7.975071191188447262e-03
2.030000000000000012e-04	7.967855837401078417e-03
2.039999999999999984e-04	7.960116457927155983e-03
2.049999999999999956e-04	7.951865193679108143e-03
2.059999999999999928e-04	7.943114185569370017e-03
2.069999999999999900e-04	7.933875574510385401e-03
2.079999999999999872e-04	7.924161501414585945e-03
2.089999999999999844e-04	7.913984107194406772e-03
2.099999999999999816e-04	7.903355532762288208e-03
2.109999999999999788e-04	7.892287919030665372e-03
2.120000000000000031e-04	7.880793406911971652e-03
2.130000000000000003e-04	7.868884137318647373e-03
2.139999999999999975e-04	7.856572251163125922e-03
2.149999999999999947e-04	7.843869889357844155e-03
2.159999999999999919e-04	7.830789192815242397e-03
2.169999999999999891e-04	7.817342302447754035e-03
2.179999999999999863e-04	7.803541359167811588e-03
2.189999999999999835e-04	7.789398503887857983e-03
2.199999999999999807e-04	7.774925877520327475e-03
2.209999999999999779e-04	7.760135620977654317e-03
2.220000000000000022e-04	7.745039875172279702e-03
2.229999999999999994e-04	7.729650781016631812e-03
2.239999999999999966e-04	7.713980479423154443e-03
2.249999999999999938e-04	7.698041111304281849e-03
2.259999999999999910e-04	7.681844817572451752e-03
2.269999999999999882e-04	7.665403739140096671e-03
2.279999999999999854e-04	7.648730016919654331e-03
2.289999999999999826e-04	7.631835791823565925e-03
2.299999999999999799e-04	7.614733204764263970e-03
2.309999999999999771e-04	7.597434396654180119e-03
2.320000000000000014e-04	7.579951508405758168e-03
2.329999999999999986e-04	7.562296680931432369e-03
2.339999999999999958e-04	7.544482055143638712e-03
2.349999999999999930e-04	7.526519771954811450e-03
2.359999999999999902e-04	7.508421972277390041e-03
2.369999999999999874e-04	7.490200797023811342e-03
2.379999999999999846e-04	7.471868387106508740e-03
2.389999999999999818e-04	7.453434980579628881e-03
2.399999999999999790e-04	7.434903204064137634e-03
2.409999999999999762e-04	7.416273781322714129e-03
2.420000000000000005e-04	7.397547436118034891e-03
2.429999999999999977e-04	7.378724892212779052e-03
2.439999999999999949e-04	7.359806873369622270e-03
2.449999999999999921e-04	7.340794103351235000e-03
2.459999999999999622e-04	7.321687305920305047e-03
2.469999999999999865e-04	7.302487204839499396e-03
2.480000000000000108e-04	7.283194523871497177e-03
2.489999999999999809e-04	7.263809986778984457e-03
2.500000000000000052e-04	7.244334317324623886e-03
2.509999999999999753e-04	7.224768239271099797e-03
2.519999999999999996e-04	7.205112476381088718e-03
2.529999999999999697e-04	7.185367752417268043e-03
2.539999999999999940e-04	7.165534791142312565e-03
2.549999999999999641e-04	7.145614316318897943e-03
2.559999999999999884e-04	7.125607051709701573e-03
2.570000000000000127e-04	7.105513721077403450e-03
2.579999999999999828e-04	7.085335048184680101e-03
2.590000000000000071e-04	7.065071756794203718e-03
2.599999999999999772e-04	7.044724570668653429e-03
2.610000000000000015e-04	7.024294213570708365e-03
2.619999999999999716e-04	7.003781409263043316e-03
2.629999999999999959e-04	6.983186881508333076e-03
2.639999999999999660e-04	6.962511354069258508e-03
2.649999999999999903e-04	6.941755550708493538e-03
2.660000000000000146e-04	6.920920195188715561e-03
2.669999999999999847e-04	6.900006011272601103e-03
2.680000000000000090e-04	6.879013722722828426e-03
2.689999999999999791e-04	6.857944053302074926e-03
2.700000000000000035e-04	6.836797726773011924e-03
2.709999999999999735e-04	6.815575466898322887e-03
2.719999999999999979e-04	6.794277997440679139e-03
2.729999999999999680e-04	6.772906042162764144e-03
2.739999999999999923e-04	6.751460324827248359e-03
2.749999999999999624e-04	6.729941569196809178e-03
2.759999999999999867e-04	6.708350499034127466e-03
2.770000000000000110e-04	6.686687838101874545e-03
2.779999999999999811e-04	6.664954310162733882e-03
2.790000000000000054e-04	6.643150638979375064e-03
2.799999999999999755e-04	6.621277548314479823e-03
2.809999999999999998e-04	6.599335761930724686e-03
2.819999999999999699e-04	6.577326003590785314e-03
2.829999999999999942e-04	6.555248997057338232e-03
2.839999999999999643e-04	6.533105466093059102e-03
2.849999999999999886e-04	6.510896134460625317e-03
2.860000000000000129e-04	6.488621725922715140e-03
2.869999999999999830e-04	6.466282964242006832e-03
2.880000000000000073e-04	6.443880573181173452e-03
2.889999999999999774e-04	6.421415276502894127e-03
2.900000000000000017e-04	6.398887797969843652e-03
2.909999999999999718e-04	6.376298861344700288e-03
2.919999999999999961e-04	6.353649190390139694e-03
2.929999999999999662e-04	6.330939508868840132e-03
2.939999999999999905e-04	6.308170540543477263e-03
2.949999999999999606e-04	6.285343009176731083e-03
2.959999999999999849e-04	6.262457638531271180e-03
2.970000000000000092e-04	6.239515152369780153e-03
2.979999999999999793e-04	6.216516274454935397e-03
2.990000000000000036e-04	6.193461728549409101e-03
2.999999999999999737e-04	6.170352238415882998e-03
3.009999999999999980e-04	6.147188527817028410e-03
3.019999999999999681e-04	6.123971320515528803e-03
3.029999999999999924e-04	6.100701340274056368e-03
3.039999999999999625e-04	6.077379310855286765e-03
3.049999999999999868e-04	6.054005956021899122e-03
3.060000000000000111e-04	6.030581999536571702e-03
3.069999999999999812e-04	6.007108165161978430e-03
3.080000000000000055e-04	5.983585176660798435e-03
3.089999999999999756e-04	5.960013757795707377e-03
3.099999999999999999e-04	5.936394632329379181e-03
3.109999999999999700e-04	5.912728524024496446e-03
3.119999999999999944e-04	5.889016156643730494e-03
3.129999999999999644e-04	5.865258253949763058e-03
3.139999999999999888e-04	5.841455539705268062e-03
3.149999999999999589e-04	5.817608737672922900e-03
3.159999999999999832e-04	5.793718571615401498e-03
3.170000000000000075e-04	5.769785765295384720e-03
3.179999999999999776e-04	5.745811042475546492e-03
3.190000000000000019e-04	5.721795126918567675e-03
3.199999999999999720e-04	5.697738742387122197e-03
3.209999999999999963e-04	5.673642612643883983e-03
3.219999999999999664e-04	5.649507461451534762e-03
3.229999999999999907e-04	5.625334012572749329e-03
3.239999999999999608e-04	5.601122989770205077e-03
3.249999999999999851e-04	5.576875116806575931e-03
3.260000000000000094e-04	5.552591117444542756e-03
3.269999999999999795e-04	5.528271715446781212e-03
3.280000000000000038e-04	5.503917634575966090e-03
3.289999999999999739e-04	5.479529598594774786e-03
3.299999999999999982e-04	5.455108331265885561e-03
3.309999999999999683e-04	5.430654556351975810e-03
3.319999999999999926e-04	5.406168997615717724e-03
3.329999999999999627e-04	5.381652378819794767e-03
3.339999999999999870e-04	5.357105423726878264e-03
3.350000000000000113e-04	5.332528856099647344e-03
3.359999999999999814e-04	5.307923399700778533e-03
3.370000000000000057e-04	5.283289778292948359e-03
3.379999999999999758e-04	5.258628715638835951e-03
3.390000000000000001e-04	5.233940935501112633e-03
3.399999999999999702e-04	5.209227161642460135e-03
3.409999999999999945e-04	5.184488117825553251e-03
3.419999999999999646e-04	5.159724527813068506e-03
3.429999999999999889e-04	5.134937115367683297e-03
3.439999999999999590e-04	5.110126604252075884e-03
3.449999999999999833e-04	5.085293718228920193e-03
3.460000000000000076e-04	5.060439181060892751e-03
3.469999999999999777e-04	5.035563716510673554e-03
3.480000000000000020e-04	5.010668048340939131e-03
3.489999999999999721e-04	4.985752900314364272e-03
3.499999999999999964e-04	4.960818996193623771e-03
3.509999999999999665e-04	4.935867059741401094e-03
3.519999999999999908e-04	4.910897814720365830e-03
3.529999999999999609e-04	4.885911984893197973e-03
3.539999999999999853e-04	4.860910294022574921e-03
3.550000000000000096e-04	4.835893465871170596e-03
3.559999999999999797e-04	4.810862224201668466e-03
3.570000000000000040e-04	4.785817292776738119e-03
3.579999999999999741e-04	4.760759395359059551e-03
3.589999999999999984e-04	4.735689255711307555e-03
3.599999999999999685e-04	4.710607597596163862e-03
3.609999999999999928e-04	4.685515144776298060e-03
3.619999999999999629e-04	4.660412621014391882e-03
3.629999999999999872e-04	4.635300750073120118e-03
3.639999999999999573e-04	4.610180255715163634e-03
3.649999999999999816e-04	4.585051861703192018e-03
3.660000000000000059e-04	4.559916291799887000e-03
3.669999999999999760e-04	4.534774269767925976e-03
3.680000000000000003e-04	4.509626519369980269e-03
3.689999999999999704e-04	4.484473764368733344e-03
3.699999999999999947e-04	4.459316728526858259e-03
3.709999999999999648e-04	4.434156135607033276e-03
3.719999999999999891e-04	4.408992709371933189e-03
3.729999999999999592e-04	4.383827173584236257e-03
3.739999999999999835e-04	4.358660252006619877e-03
3.750000000000000078e-04	4.333492668401759708e-03
3.759999999999999779e-04	4.308325146532332277e-03
3.770000000000000022e-04	4.283158410161015846e-03
3.779999999999999723e-04	4.257993183050486075e-03
3.789999999999999966e-04	4.232830188963418623e-03
3.799999999999999667e-04	4.207670151662493488e-03
3.809999999999999910e-04	4.182513794910384594e-03
3.819999999999999611e-04	4.157361842469771071e-03
3.829999999999999854e-04	4.132215018103325109e-03
3.840000000000000097e-04	4.107074045573728439e-03
3.849999999999999798e-04	4.081939648643657589e-03
3.860000000000000041e-04	4.056812551075787351e-03
3.869999999999999742e-04	4.031693476632794253e-03
3.879999999999999985e-04	4.006583149077355688e-03
3.889999999999999686e-04	3.981482292172148184e-03
3.899999999999999929e-04	3.956391629679850003e-03
3.909999999999999630e-04	3.931311885363138539e-03
3.919999999999999873e-04	3.906243782984685983e-03
3.929999999999999574e-04	3.881188046307174500e-03
3.939999999999999817e-04	3.856145399093276280e-03
3.950000000000000061e-04	3.831116565105670453e-03
3.959999999999999762e-04	3.806102268107034413e-03
3.970000000000000005e-04	3.781103231860043386e-03
3.979999999999999706e-04	3.756120180127376501e-03
3.989999999999999949e-04	3.731153836671706817e-03
3.999999999999999650e-04	3.706204925255714329e-03
4.009999999999999893e-04	3.681274169642073397e-03
4.019999999999999594e-04	3.656362293593463583e-03
4.029999999999999837e-04	3.631470020872560548e-03
4.040000000000000080e-04	3.606598075242039951e-03
4.049999999999999781e-04	3.581747180464580488e-03
4.060000000000000024e-04	3.556918060302856517e-03
4.069999999999999725e-04	3.532111438519545867e-03
4.079999999999999968e-04	3.507328038877326366e-03
4.089999999999999669e-04	3.482568585138873674e-03
4.099999999999999912e-04	3.457833801066865186e-03
4.109999999999999613e-04	3.433124410423978728e-03
4.119999999999999856e-04	3.408441136972887794e-03
4.129999999999999557e-04	3.383784704476272814e-03
4.139999999999999800e-04	3.359155836696805977e-03
4.150000000000000043e-04	3.334555257397169015e-03
4.159999999999999744e-04	3.309983690340037154e-03
4.169999999999999987e-04	3.285441859288085187e-03
4.179999999999999688e-04	3.260930488003992676e-03
4.189999999999999931e-04	3.236450300250435716e-03
4.199999999999999632e-04	3.212002019790089966e-03
4.209999999999999875e-04	3.187586370385630651e-03
4.219999999999999576e-04	3.163204075799739504e-03
4.229999999999999819e-04	3.138855859795088715e-03
4.240000000000000062e-04	3.114542446134356980e-03
4.249999999999999763e-04	3.090264558580222559e-03
4.260000000000000006e-04	3.066022920895358512e-03
4.269999999999999707e-04	3.041818256842444834e-03
4.279999999999999950e-04	3.017651290184156752e-03
4.289999999999999651e-04	2.993522744683171661e-03
4.299999999999999894e-04	2.969433344102165653e-03
4.309999999999999595e-04	2.945383812203817425e-03
4.319999999999999838e-04	2.921374872750800902e-03
4.329999999999999539e-04	2.897407249505796079e-03
4.339999999999999782e-04	2.873481666231475148e-03
4.350000000000000026e-04	2.849598846690519407e-03
4.359999999999999726e-04	2.825759514645604081e-03
4.369999999999999970e-04	2.801964393859405263e-03
4.379999999999999671e-04	2.778214208094602084e-03
4.389999999999999914e-04	2.754509681113867167e-03
4.399999999999999615e-04	2.730851536679880943e-03
4.409999999999999858e-04	2.707240498555319071e-03
4.419999999999999559e-04	2.683677290502857644e-03
4.429999999999999802e-04	2.660162636285173625e-03
4.440000000000000045e-04	2.636697259664943539e-03
4.449999999999999746e-04	2.613281884404846950e-03
4.459999999999999989e-04	2.589917234267556916e-03
4.469999999999999690e-04	2.566604033015752132e-03
4.479999999999999933e-04	2.543343004412108692e-03
4.489999999999999634e-04	2.520134872219305291e-03
4.499999999999999877e-04	2.496980360200014987e-03
4.509999999999999578e-04	2.473880192116918210e-03
4.519999999999999821e-04	2.450835091732689319e-03
4.530000000000000064e-04	2.427845782810006577e-03
4.539999999999999765e-04	2.404912989111546943e-03
4.550000000000000008e-04	2.382037434399983909e-03
4.559999999999999709e-04	2.359219842437999641e-03
4.569999999999999952e-04	2.336460936988266329e-03
4.579999999999999653e-04	2.313761441813463968e-03
4.589999999999999896e-04	2.291122080676266919e-03
4.599999999999999597e-04	2.268543577339353443e-03
4.609999999999999840e-04	2.246026655565399200e-03
4.619999999999999541e-04	2.223572039117082452e-03
4.629999999999999784e-04	2.201180451757077990e-03
4.640000000000000027e-04	2.178852617248063211e-03
4.649999999999999728e-04	2.156589259352717676e-03
4.659999999999999971e-04	2.134391101833714444e-03
4.669999999999999672e-04	2.112258868453733077e-03
4.679999999999999915e-04	2.090193282975446633e-03
4.689999999999999616e-04	2.068195069161537277e-03
4.699999999999999859e-04	2.046264950774676333e-03
4.709999999999999560e-04	2.024403651577544663e-03
4.719999999999999803e-04	2.002611895332816194e-03
4.730000000000000046e-04	1.980890405803169187e-03
4.739999999999999747e-04	1.959239906751281471e-03
4.749999999999999990e-04	1.937661121939827404e-03
4.759999999999999691e-04	1.916154775131486115e-03
4.769999999999999934e-04	1.894721590088931529e-03
4.779999999999999635e-04	1.873362290574843644e-03
4.789999999999999879e-04	1.852077600351896818e-03
4.799999999999999580e-04	1.830868243182769096e-03
4.809999999999999823e-04	1.809734942830136788e-03
4.819999999999999524e-04	1.788678423056677290e-03
4.829999999999999767e-04	1.767699407625066043e-03
4.840000000000000010e-04	1.746798620297980225e-03
4.849999999999999711e-04	1.725976784838098750e-03
4.859999999999999954e-04	1.705234625008095542e-03
4.869999999999999655e-04	1.684572864570648646e-03
4.879999999999999898e-04	1.663992227288434806e-03
4.889999999999999599e-04	1.643493436924130767e-03
4.899999999999999842e-04	1.623077217240413705e-03
4.910000000000000085e-04	1.602744291999958631e-03
4.919999999999999244e-04	1.582495384965446625e-03
4.929999999999999487e-04	1.562331219899549227e-03
4.939999999999999730e-04	1.542252520564945132e-03
4.949999999999999973e-04	1.522260010724312169e-03
4.960000000000000216e-04	1.502354414140325781e-03
4.969999999999999375e-04	1.482536454575665965e-03
4.979999999999999618e-04	1.462806855793004693e-03
4.989999999999999861e-04	1.443166341555020661e-03
5.000000000000000104e-04	1.423615635624391699e-03
5.009999999999999263e-04	1.404155461763796067e-03
5.019999999999999506e-04	1.384786543735905739e-03
5.029999999999999749e-04	1.365509605303400278e-03
5.039999999999999992e-04	1.346325370228956429e-03
5.050000000000000235e-04	1.327234562275251585e-03
5.059999999999999394e-04	1.308237905204962708e-03
5.069999999999999637e-04	1.289336122780764156e-03
5.079999999999999880e-04	1.270529938765334408e-03
5.090000000000000123e-04	1.251820076921350208e-03
5.099999999999999282e-04	1.233207261011490035e-03
5.109999999999999525e-04	1.214692214798426513e-03
5.119999999999999768e-04	1.196275662044839205e-03
5.130000000000000011e-04	1.177958326513404421e-03
5.140000000000000254e-04	1.159740931966798689e-03
5.149999999999999413e-04	1.141624202167701354e-03
5.159999999999999656e-04	1.123608860878785257e-03
5.169999999999999899e-04	1.105695631862728661e-03
5.180000000000000143e-04	1.087885238882208092e-03
5.189999999999999301e-04	1.070178405699903331e-03
5.199999999999999544e-04	1.052575856078486567e-03
5.209999999999999788e-04	1.035078313780636063e-03
5.220000000000000031e-04	1.017686502569029646e-03
5.230000000000000274e-04	1.000401146206343628e-03
5.239999999999999433e-04	9.832229684552569200e-04
5.249999999999999676e-04	9.661526930784419299e-04
5.259999999999999919e-04	9.491910438385777870e-04
5.270000000000000162e-04	9.323387444983414520e-04
5.279999999999999321e-04	9.155965188204109699e-04
5.289999999999999564e-04	8.989650905674598323e-04
5.299999999999999807e-04	8.824451835021664093e-04
5.310000000000000050e-04	8.660375213872076620e-04
5.320000000000000293e-04	8.497428279852606596e-04
5.329999999999999452e-04	8.335618270590032302e-04
5.339999999999999695e-04	8.174952423711094075e-04
5.349999999999999938e-04	8.015437976842572365e-04
5.360000000000000181e-04	7.857082167611234612e-04
5.369999999999999340e-04	7.699892233643873193e-04
5.379999999999999583e-04	7.543875412567213265e-04
5.389999999999999826e-04	7.389038942008040699e-04
5.400000000000000069e-04	7.235390059593124019e-04
5.409999999999999228e-04	7.082936002949254519e-04
5.419999999999999471e-04	6.931684009703156270e-04
5.429999999999999714e-04	6.781641317481620565e-04
5.439999999999999957e-04	6.632815163911417013e-04
5.450000000000000200e-04	6.485212786619304380e-04
5.459999999999999359e-04	6.338841423232073960e-04
5.469999999999999602e-04	6.193708311376458497e-04
5.479999999999999845e-04	6.049820688679239528e-04
5.490000000000000088e-04	5.907185792767193164e-04
5.499999999999999247e-04	5.765810861267098774e-04
5.509999999999999490e-04	5.625703131805691272e-04
5.519999999999999733e-04	5.486869842009753275e-04
5.529999999999999976e-04	5.349318229506053310e-04
5.540000000000000219e-04	5.213055531921360983e-04
5.549999999999999378e-04	5.078088986882456747e-04
5.559999999999999621e-04	4.944425832016082021e-04
5.569999999999999864e-04	4.812073304949016170e-04
5.580000000000000107e-04	4.681038643308030973e-04
5.589999999999999266e-04	4.551329084719903627e-04
5.599999999999999509e-04	4.422951866811374467e-04
5.609999999999999752e-04	4.295914227209229365e-04
5.619999999999999996e-04	4.170223403540232509e-04
5.630000000000000239e-04	4.045886633431154049e-04
5.639999999999999397e-04	3.922911154508773894e-04
5.649999999999999641e-04	3.801304204399833463e-04
5.659999999999999884e-04	3.681073020731112666e-04
5.670000000000000127e-04	3.562224841129378399e-04
5.679999999999999286e-04	3.444766903221415451e-04
5.689999999999999529e-04	3.328706444633964699e-04
5.699999999999999772e-04	3.214050702993804425e-04
5.710000000000000015e-04	3.100806915927705322e-04
5.720000000000000258e-04	2.988982321062432120e-04
5.729999999999999417e-04	2.878584156024769605e-04
5.739999999999999660e-04	2.769619658441455946e-04
5.749999999999999903e-04	2.662096065939272135e-04
5.760000000000000146e-04	2.556020616144989406e-04
5.769999999999999305e-04	2.451400546685383874e-04
5.779999999999999548e-04	2.348243095187201566e-04
5.789999999999999791e-04	2.246555499277223204e-04
5.800000000000000034e-04	2.146344996582212974e-04
5.810000000000000277e-04	2.047618824728942113e-04
5.819999999999999436e-04	1.950384221344188089e-04
5.829999999999999679e-04	1.854648424054697743e-04
5.839999999999999922e-04	1.760418670487246917e-04
5.850000000000000165e-04	1.667702198268607118e-04
5.859999999999999324e-04	1.576506245025555001e-04
5.869999999999999567e-04	1.486838048384837949e-04
5.879999999999999810e-04	1.398704845973232076e-04
5.890000000000000053e-04	1.312113875417507262e-04
5.899999999999999212e-04	1.227072374344442601e-04
5.909999999999999455e-04	1.143587580380783715e-04
5.919999999999999698e-04	1.061666731153308209e-04
5.929999999999999941e-04	9.813170642887847415e-05
5.940000000000000184e-04	9.025458174139831932e-05
5.949999999999999343e-04	8.253602281556761541e-05
5.959999999999999586e-04	7.497675341406172408e-05
5.969999999999999829e-04	6.757749729955802632e-05
5.980000000000000072e-04	6.033897823473346946e-05
5.989999999999999231e-04	5.326191998226563777e-05
5.999999999999999474e-04	4.634704630482981160e-05
6.009999999999999717e-04	3.959508096510348037e-05
6.019999999999999961e-04	3.300674772576323902e-05
6.030000000000000204e-04	2.658277034948618395e-05
6.039999999999999362e-04	2.032387259894941154e-05
6.049999999999999606e-04	1.423077823682878491e-05
6.059999999999999849e-04	8.304211025801413993e-06
6.070000000000000092e-04	2.544894728544273214e-06
6.079999999999999251e-04	-3.046446892265337750e-06
6.089999999999999494e-04	-8.469090073951799735e-06
6.099999999999999737e-04	-1.372231105383777241e-05
6.109999999999999980e-04	-1.880538606924634910e-05
6.120000000000000223e-04	-2.371759135750101620e-05
6.129999999999999382e-04	-2.845820315592412165e-05
6.139999999999999625e-04	-3.302649770184024958e-05
6.149999999999999868e-04	-3.742175123257186992e-05
6.160000000000000111e-04	-4.164323998544229284e-05
6.169999999999999270e-04	-4.569024019777428644e-05
6.179999999999999513e-04	-4.956202810689179787e-05
6.189999999999999756e-04	-5.325787995011800179e-05
6.199999999999999999e-04	-5.677707196477554431e-05
6.210000000000000242e-04	-6.011888038818823706e-05
6.219999999999999401e-04	-6.328258145767861774e-05
6.229999999999999644e-04	-6.626745141057047085e-05
6.239999999999999887e-04	-6.907276648418705239e-05
6.250000000000000130e-04	-7.169780291585125241e-05
6.259999999999999289e-04	-7.414183694288617780e-05
6.269999999999999532e-04	-7.640414480261564019e-05
6.279999999999999775e-04	-7.848400273236229925e-05
6.290000000000000018e-04	-8.038068696944977688e-05
6.299999999999999177e-04	-8.209347375120069207e-05
6.309999999999999420e-04	-8.362163931493891067e-05
6.319999999999999663e-04	-8.496445989798748536e-05
6.329999999999999906e-04	-8.612121173766945528e-05
6.340000000000000149e-04	-8.709117107130814417e-05
6.349999999999999308e-04	-8.787361413622660471e-05
6.359999999999999551e-04	-8.846781716974818775e-05
6.369999999999999794e-04	-8.887305640919624414e-05
6.380000000000000037e-04	-8.908860809189379944e-05
6.389999999999999196e-04	-8.911374845516420451e-05
6.399999999999999439e-04	-8.894775373633067466e-05
6.409999999999999682e-04	-8.858990017271619482e-05
6.419999999999999925e-04	-8.803946400164425136e-05
6.430000000000000169e-04	-8.729572146043781565e-05
6.439999999999999327e-04	-8.635794878642042826e-05
6.449999999999999570e-04	-8.522542221691512833e-05
6.459999999999999814e-04	-8.389741798924494145e-05
6.470000000000000057e-04	-8.237321234073340819e-05
6.479999999999999215e-04	-8.065208150870364901e-05
6.489999999999999459e-04	-7.873330173047875724e-05
6.499999999999999702e-04	-7.661614924338208373e-05
6.509999999999999945e-04	-7.429990028473662696e-05
6.520000000000000188e-04	-7.178383109186592750e-05
6.529999999999999347e-04	-6.906721790209330910e-05
6.539999999999999590e-04	-6.614933695274130944e-05
6.549999999999999833e-04	-6.302946448113371306e-05
6.560000000000000076e-04	-5.970687672459345065e-05
6.569999999999999235e-04	-5.618084992044432031e-05
6.579999999999999478e-04	-5.245066030600875129e-05
6.589999999999999721e-04	-4.851558411861020288e-05
6.599999999999999964e-04	-4.437489759557212076e-05
6.610000000000000207e-04	-4.002787697421744922e-05
6.619999999999999366e-04	-3.547379849187010830e-05
6.629999999999999609e-04	-3.071193838585233754e-05
6.639999999999999852e-04	-2.574157289348765040e-05
6.650000000000000095e-04	-2.056197825209945195e-05
6.659999999999999254e-04	-1.517243069901144539e-05
6.669999999999999497e-04	-9.572206471545707633e-06
6.679999999999999740e-04	-3.760581807026090956e-06
6.689999999999999983e-04	2.263167057224311292e-06
6.700000000000000226e-04	8.499763883882161821e-06
6.709999999999999385e-04	1.494993243562358124e-05
6.719999999999999628e-04	2.161439647512677724e-05
6.729999999999999871e-04	2.849387976506778913e-05
6.740000000000000114e-04	3.558910606812352355e-05
6.749999999999999273e-04	4.290079914696978941e-05
6.759999999999999516e-04	5.042968276428499768e-05
6.769999999999999759e-04	5.817648068274522833e-05
6.780000000000000002e-04	6.614191666502722538e-05
6.789999999999999161e-04	7.432671447380685193e-05
6.799999999999999404e-04	8.273159787176270871e-05
6.809999999999999647e-04	9.135729062157064528e-05
6.819999999999999890e-04	1.002045164859074870e-04
6.830000000000000134e-04	1.092739992274500049e-04
6.839999999999999292e-04	1.185664626088739945e-04
6.849999999999999535e-04	1.280826303928581783e-04
