-1.350000000000000017e-04	-2.162643122480048790e-03
-1.340000000000000045e-04	-1.987669521050004426e-03
-1.330000000000000073e-04	-1.817699827675756802e-03
-1.319999999999999830e-04	-1.652728422426283416e-03
-1.309999999999999858e-04	-1.492749685370578028e-03
-1.299999999999999886e-04	-1.337757996577618354e-03
-1.289999999999999914e-04	-1.187747736116388179e-03
-1.279999999999999942e-04	-1.042713284055870855e-03
-1.269999999999999970e-04	-9.026490204650503869e-04
-1.259999999999999998e-04	-7.675493254129083908e-04
-1.250000000000000026e-04	-6.374085789684302795e-04
-1.240000000000000054e-04	-5.122211612005982129e-04
-1.229999999999999811e-04	-3.919814521783928870e-04
-1.219999999999999974e-04	-2.766838319708055690e-04
-1.210000000000000002e-04	-1.663226806468128623e-04
-1.199999999999999895e-04	-6.089237827539878314e-05
-1.189999999999999923e-04	3.961269507445053082e-05
-1.179999999999999951e-04	1.351981593337529537e-04
-1.169999999999999979e-04	2.258696344335256955e-04
-1.160000000000000007e-04	3.116327403047849769e-04
-1.149999999999999899e-04	3.924930968785486380e-04
-1.139999999999999927e-04	4.684563240858306702e-04
-1.129999999999999955e-04	5.395280418576495641e-04
-1.119999999999999983e-04	6.057138701250214252e-04
-1.110000000000000011e-04	6.670194288189630095e-04
-1.099999999999999904e-04	7.234503378704916152e-04
-1.089999999999999932e-04	7.750122172106222633e-04
-1.079999999999999960e-04	8.217106867703730111e-04
-1.069999999999999988e-04	8.635513664807596386e-04
-1.060000000000000016e-04	9.005398762727991188e-04
-1.049999999999999908e-04	9.326818360775085328e-04
-1.039999999999999936e-04	9.599828658259036609e-04
-1.029999999999999964e-04	9.824485854490016927e-04
-1.019999999999999992e-04	1.000084614877818625e-03
-1.010000000000000020e-04	1.012896574043371974e-03
-9.999999999999999124e-05	1.020890082876677735e-03
-9.899999999999999404e-05	1.024070761308752773e-03
-9.799999999999999684e-05	1.022444229270613736e-03
-9.699999999999999963e-05	1.016016106693276837e-03
-9.600000000000000243e-05	1.004792013507758942e-03
-9.499999999999999168e-05	9.887775696450773477e-04
-9.399999999999999448e-05	9.679783950362474011e-04
-9.299999999999999727e-05	9.424001096122869422e-04
-9.200000000000000007e-05	9.120483333042118598e-04
-9.099999999999998932e-05	8.769286860430384762e-04
-8.999999999999999212e-05	8.370467877597847399e-04
-8.899999999999999491e-05	7.924082583854661060e-04
-8.799999999999999771e-05	7.430187178510997640e-04
-8.700000000000000051e-05	6.888837860877018195e-04
-8.599999999999998976e-05	6.300090830262887031e-04
-8.499999999999999255e-05	5.664002285978781467e-04
-8.399999999999999535e-05	4.980628427334863641e-04
-8.299999999999999815e-05	4.250025453641295692e-04
-8.200000000000000095e-05	3.472249564208254938e-04
-8.099999999999999019e-05	2.647356958345875328e-04
-7.999999999999999299e-05	1.775403835364362370e-04
-7.899999999999999579e-05	8.564463945738716964e-05
-7.799999999999999859e-05	-1.094591647154432267e-05
-7.700000000000000139e-05	-1.122256643193405082e-04
-7.599999999999999063e-05	-2.181615373552394884e-04
-7.499999999999999343e-05	-3.286106816494854593e-04
-7.399999999999999623e-05	-4.434027964725798594e-04
-7.299999999999999903e-05	-5.623675810950242359e-04
-7.200000000000000182e-05	-6.853347347873182385e-04
-7.099999999999999107e-05	-8.121339568199628179e-04
-6.999999999999999387e-05	-9.425949464634560517e-04
-6.899999999999999667e-05	-1.076547402988298511e-03
-6.799999999999999946e-05	-1.213821025664992394e-03
-6.700000000000000226e-05	-1.354245513764036754e-03
-6.599999999999999151e-05	-1.497650566555933137e-03
-6.499999999999999431e-05	-1.643865883311180056e-03
-6.399999999999999710e-05	-1.792721163300276888e-03
-6.299999999999999990e-05	-1.944046105793725398e-03
-6.200000000000000270e-05	-2.097670410062025832e-03
-6.099999999999999872e-05	-2.253423775375679953e-03
-5.999999999999999474e-05	-2.411135901005186273e-03
-5.899999999999999754e-05	-2.570636486221043304e-03
-5.800000000000000034e-05	-2.731755230293752591e-03
-5.699999999999999636e-05	-2.894321832493817418e-03
-5.599999999999999916e-05	-3.058165992091733260e-03
-5.499999999999999518e-05	-3.223117408358005566e-03
-5.399999999999999798e-05	-3.389005780563128511e-03
-5.300000000000000078e-05	-3.555660807977606679e-03
-5.199999999999999680e-05	-3.722912189871940749e-03
-5.099999999999999960e-05	-3.890589625516626630e-03
-4.999999999999999562e-05	-4.058522814182167170e-03
-4.899999999999999842e-05	-4.226541455139063916e-03
-4.800000000000000122e-05	-4.394475247657815380e-03
-4.699999999999999724e-05	-4.562153891008923108e-03
-4.600000000000000004e-05	-4.729407084462884311e-03
-4.499999999999999606e-05	-4.896064527290204006e-03
-4.399999999999999886e-05	-5.061955918761379403e-03
-4.299999999999999488e-05	-5.226910958146911181e-03
-4.199999999999999768e-05	-5.390759344717298285e-03
-4.100000000000000047e-05	-5.553330777743042262e-03
-3.999999999999999650e-05	-5.714454956494643793e-03
-3.899999999999999929e-05	-5.873961580242605292e-03
-3.799999999999999532e-05	-6.031680348257418764e-03
-3.699999999999999811e-05	-6.187440959809595298e-03
-3.600000000000000091e-05	-6.341073114169626899e-03
-3.499999999999999693e-05	-6.492406510608018586e-03
-3.399999999999999973e-05	-6.641270848395266699e-03
-3.299999999999999575e-05	-6.787495826801876256e-03
-3.199999999999999855e-05	-6.930911145098344467e-03
-3.100000000000000135e-05	-7.071346502555169410e-03
-2.999999999999999737e-05	-7.208631598442857835e-03
-2.900000000000000017e-05	-7.342596132031902617e-03
-2.799999999999999958e-05	-7.473069802592807037e-03
-2.699999999999999899e-05	-7.599882309396074377e-03
-2.599999999999999840e-05	-7.722863351712201847e-03
-2.499999999999999781e-05	-7.841842628811688393e-03
-2.400000000000000061e-05	-7.956649839965036428e-03
-2.300000000000000002e-05	-8.067114684442745765e-03
-2.199999999999999943e-05	-8.173066861515317083e-03
-2.099999999999999884e-05	-8.274336070453251063e-03
-1.999999999999999825e-05	-8.370752010527043180e-03
-1.899999999999999766e-05	-8.462144381007199317e-03
-1.800000000000000046e-05	-8.548380779879610064e-03
-1.699999999999999987e-05	-8.629480399991713499e-03
-1.599999999999999928e-05	-8.705500332906353222e-03
-1.499999999999999869e-05	-8.776497670186355488e-03
-1.399999999999999979e-05	-8.842529503394562160e-03
-1.299999999999999920e-05	-8.903652924093802962e-03
-1.200000000000000030e-05	-8.959925023846919759e-03
-1.099999999999999971e-05	-9.011402894216740539e-03
-9.999999999999999124e-06	-9.058143626766103698e-03
-9.000000000000000228e-06	-9.100204313057837224e-03
-7.999999999999999638e-06	-9.137642044654784718e-03
-6.999999999999999895e-06	-9.170513913119775901e-03
-6.000000000000000152e-06	-9.198877010015654374e-03
-4.999999999999999562e-06	-9.222788426905242920e-03
-3.999999999999999819e-06	-9.242305255351381671e-03
-3.000000000000000076e-06	-9.257484586916909022e-03
-1.999999999999999909e-06	-9.268383513164651227e-03
-9.999999999999999547e-07	-9.275059125657448417e-03
0.000000000000000000e+00	-9.277568515958137252e-03
9.999999999999999547e-07	-9.275968775629550925e-03
1.999999999999999909e-06	-9.270316996234520893e-03
3.000000000000000076e-06	-9.260670269335882082e-03
3.999999999999999819e-06	-9.247085686496476359e-03
4.999999999999999562e-06	-9.229620339279133445e-03
6.000000000000000152e-06	-9.208331319246691737e-03
6.999999999999999895e-06	-9.183275717961979223e-03
7.999999999999999638e-06	-9.154510626987837768e-03
9.000000000000000228e-06	-9.122093137887091890e-03
9.999999999999999124e-06	-9.086080342222590395e-03
1.099999999999999971e-05	-9.046529331557159534e-03
1.200000000000000030e-05	-9.003497197453634235e-03
1.299999999999999920e-05	-8.957041031474852893e-03
1.399999999999999979e-05	-8.907217925183650437e-03
1.499999999999999869e-05	-8.854084970142858321e-03
1.599999999999999928e-05	-8.797699257915316678e-03
1.699999999999999987e-05	-8.738117880063848292e-03
1.800000000000000046e-05	-8.675397928151300231e-03
1.899999999999999766e-05	-8.609596493740505688e-03
1.999999999999999825e-05	-8.540770668394294385e-03
2.099999999999999884e-05	-8.468977543675504718e-03
2.199999999999999943e-05	-8.394274211146969880e-03
2.300000000000000002e-05	-8.316717762371523062e-03
2.400000000000000061e-05	-8.236365288912006130e-03
2.499999999999999781e-05	-8.153273882331247072e-03
2.599999999999999840e-05	-8.067500634192084283e-03
2.699999999999999899e-05	-7.979102636057349221e-03
2.799999999999999958e-05	-7.888136979489882017e-03
2.900000000000000017e-05	-7.794660756052511526e-03
2.999999999999999737e-05	-7.698731057308074409e-03
3.100000000000000135e-05	-7.600404974819408195e-03
3.199999999999999855e-05	-7.499739600149346944e-03
3.299999999999999575e-05	-7.396792024860721244e-03
3.399999999999999973e-05	-7.291619340516369493e-03
3.499999999999999693e-05	-7.184278638679132689e-03
3.600000000000000091e-05	-7.074827010911831013e-03
3.699999999999999811e-05	-6.963321548777312402e-03
3.799999999999999532e-05	-6.849819343838401374e-03
3.899999999999999929e-05	-6.734377487657940663e-03
3.999999999999999650e-05	-6.617053071798766929e-03
4.100000000000000047e-05	-6.497903187823704692e-03
4.199999999999999768e-05	-6.376984927295598418e-03
4.299999999999999488e-05	-6.254355381777275229e-03
4.399999999999999886e-05	-6.130071642831578724e-03
4.499999999999999606e-05	-6.004190802021335156e-03
4.600000000000000004e-05	-5.876769950909387259e-03
4.699999999999999724e-05	-5.747866181058558684e-03
4.800000000000000122e-05	-5.617536584031695632e-03
4.899999999999999842e-05	-5.485838251391633898e-03
4.999999999999999562e-05	-5.352828274701196265e-03
5.099999999999999960e-05	-5.218563745523225467e-03
5.199999999999999680e-05	-5.083101755420552093e-03
5.300000000000000078e-05	-4.946499395956020610e-03
5.399999999999999798e-05	-4.808813758692455538e-03
5.499999999999999518e-05	-4.670101935192697874e-03
5.599999999999999916e-05	-4.530421017019574739e-03
5.699999999999999636e-05	-4.389828095735932335e-03
5.800000000000000034e-05	-4.248380262904596048e-03
5.899999999999999754e-05	-4.106134610088405142e-03
5.999999999999999474e-05	-3.963148228850193674e-03
6.099999999999999872e-05	-3.819478210752792237e-03
6.200000000000000270e-05	-3.675181647359045296e-03
6.299999999999999990e-05	-3.530315630231779540e-03
6.399999999999999710e-05	-3.384937250933836399e-03
6.499999999999999431e-05	-3.239103601028039525e-03
6.599999999999999151e-05	-3.092871772077234686e-03
6.700000000000000226e-05	-2.946298855644250304e-03
6.799999999999999946e-05	-2.799441943291927810e-03
6.899999999999999667e-05	-2.652358126583096495e-03
6.999999999999999387e-05	-2.505104497080591283e-03
7.099999999999999107e-05	-2.357738146347248404e-03
7.200000000000000182e-05	-2.210316165945899747e-03
7.299999999999999903e-05	-2.062895647439389780e-03
7.399999999999999623e-05	-1.915533682390542156e-03
7.499999999999999343e-05	-1.768287362362197870e-03
7.599999999999999063e-05	-1.621213778917189249e-03
7.700000000000000139e-05	-1.474370023618352954e-03
7.799999999999999859e-05	-1.327813188028520225e-03
7.899999999999999579e-05	-1.181600363710530975e-03
7.999999999999999299e-05	-1.035788642227216880e-03
8.099999999999999019e-05	-8.904351151414140577e-04
8.200000000000000095e-05	-7.455968740159539662e-04
8.299999999999999815e-05	-6.013310104136750014e-04
8.399999999999999535e-05	-4.576946158974130657e-04
8.499999999999999255e-05	-3.147447820300003753e-04
8.599999999999998976e-05	-1.725386003742701763e-04
8.700000000000000051e-05	-3.113316249306174587e-05
8.799999999999999771e-05	1.094144400507934047e-04
8.899999999999999491e-05	2.490471156944586411e-04
8.999999999999999212e-05	3.877077728750989282e-04
9.099999999999998932e-05	5.253393200298803016e-04
9.200000000000000007e-05	6.618846655959705451e-04
9.299999999999999727e-05	7.972867180105308290e-04
9.399999999999999448e-05	9.314883857107274191e-04
9.499999999999999168e-05	1.064432577133724413e-03
9.600000000000000243e-05	1.196062200716691221e-03
9.699999999999999963e-05	1.326320164896788471e-03
9.799999999999999684e-05	1.455159983192178853e-03
9.899999999999999404e-05	1.582577589445005768e-03
9.999999999999999124e-05	1.708579522578404378e-03
1.010000000000000020e-04	1.833172321515518953e-03
1.019999999999999992e-04	1.956362525179481619e-03
1.029999999999999964e-04	2.078156672493434044e-03
1.039999999999999936e-04	2.198561302380511607e-03
1.049999999999999908e-04	2.317582953763861614e-03
1.060000000000000016e-04	2.435228165566613156e-03
1.069999999999999988e-04	2.551503476711907466e-03
1.079999999999999960e-04	2.666415426122884912e-03
1.089999999999999932e-04	2.779970552722681523e-03
1.099999999999999904e-04	2.892175395434434197e-03
1.110000000000000011e-04	3.003036493181283732e-03
1.119999999999999983e-04	3.112560384886371365e-03
1.129999999999999955e-04	3.220753609472827485e-03
1.139999999999999927e-04	3.327622705863801135e-03
1.149999999999999899e-04	3.433174212982421404e-03
1.160000000000000007e-04	3.537414669751832129e-03
1.169999999999999979e-04	3.640350615095168905e-03
1.179999999999999951e-04	3.741988587935573402e-03
1.189999999999999923e-04	3.842335127196179478e-03
1.199999999999999895e-04	3.941396771800127936e-03
1.210000000000000002e-04	4.039180060670558708e-03
1.219999999999999974e-04	4.135691532730607391e-03
1.229999999999999811e-04	4.230937726903412181e-03
1.240000000000000054e-04	4.324925182112119085e-03
1.250000000000000026e-04	4.417660437279855024e-03
1.259999999999999998e-04	4.509150031329765135e-03
1.269999999999999970e-04	4.599400503184983280e-03
1.279999999999999942e-04	4.688418391768656331e-03
1.289999999999999914e-04	4.776210236003914679e-03
1.299999999999999886e-04	4.862782574813899993e-03
1.309999999999999858e-04	4.948141947121752204e-03
1.319999999999999830e-04	5.032294891850605176e-03
1.330000000000000073e-04	5.115247947923600574e-03
1.340000000000000045e-04	5.197007654263877466e-03
1.350000000000000017e-04	5.277580549794570579e-03
1.359999999999999989e-04	5.356973173438818979e-03
1.369999999999999961e-04	5.435192064119766936e-03
1.379999999999999933e-04	5.512243760760548311e-03
1.389999999999999905e-04	5.588134802284299568e-03
1.399999999999999877e-04	5.662871727614161507e-03
1.409999999999999849e-04	5.736461075673272327e-03
1.419999999999999821e-04	5.808909385384772826e-03
1.430000000000000064e-04	5.880223195671798603e-03
1.440000000000000036e-04	5.950409045457489589e-03
1.450000000000000009e-04	6.019473473664980513e-03
1.459999999999999981e-04	6.087423019217412176e-03
1.469999999999999953e-04	6.154264221037924511e-03
1.479999999999999925e-04	6.220003618049653980e-03
1.489999999999999897e-04	6.284647749175742253e-03
1.499999999999999869e-04	6.348203153339324924e-03
1.509999999999999841e-04	6.410676369463539324e-03
1.519999999999999813e-04	6.472073936471523653e-03
1.530000000000000056e-04	6.532402393286420444e-03
1.540000000000000028e-04	6.591668278831367030e-03
1.550000000000000000e-04	6.649878132029497270e-03
1.559999999999999972e-04	6.707038491803953700e-03
1.569999999999999944e-04	6.763155897077873652e-03
1.579999999999999916e-04	6.818236886774393588e-03
1.589999999999999888e-04	6.872287999816658645e-03
1.599999999999999860e-04	6.925315775127798348e-03
1.609999999999999832e-04	6.977326751630956100e-03
1.619999999999999804e-04	7.028327468249274436e-03
1.630000000000000047e-04	7.078324463905879410e-03
1.640000000000000019e-04	7.127324277523921364e-03
1.649999999999999991e-04	7.175333448026532425e-03
1.659999999999999963e-04	7.222358514336853393e-03
1.669999999999999935e-04	7.268406015378024200e-03
1.679999999999999907e-04	7.313482490073176107e-03
1.689999999999999879e-04	7.357594477345456851e-03
1.699999999999999851e-04	7.400748516117998561e-03
1.709999999999999823e-04	7.442951145313941169e-03
1.719999999999999795e-04	7.484208903856427210e-03
1.730000000000000038e-04	7.524528330668587943e-03
1.740000000000000010e-04	7.563915964673565903e-03
1.749999999999999982e-04	7.602378344794497554e-03
1.759999999999999954e-04	7.639922009954526298e-03
1.769999999999999926e-04	7.676553499076783395e-03
1.779999999999999898e-04	7.712279351084413113e-03
1.789999999999999870e-04	7.747106104900551050e-03
1.799999999999999842e-04	7.781040299448338873e-03
1.809999999999999814e-04	7.814088473650905239e-03
1.819999999999999786e-04	7.846257166431398755e-03
1.830000000000000029e-04	7.877552916712956751e-03
1.840000000000000001e-04	7.907982263418713090e-03
1.849999999999999973e-04	7.937551745471812040e-03
1.859999999999999945e-04	7.966267901795382259e-03
1.869999999999999917e-04	7.994137271312571486e-03
1.879999999999999890e-04	8.021166392946517051e-03
1.889999999999999862e-04	8.047361805620351083e-03
1.899999999999999834e-04	8.072730048257223054e-03
1.909999999999999806e-04	8.097277659780259887e-03
1.920000000000000049e-04	8.121011179112604117e-03
1.930000000000000021e-04	8.143937145177396544e-03
1.939999999999999993e-04	8.166062096897774500e-03
1.949999999999999965e-04	8.187392573196873580e-03
1.959999999999999937e-04	8.207935112997834584e-03
1.969999999999999909e-04	8.227696255223798313e-03
1.979999999999999881e-04	8.246682538797898629e-03
1.989999999999999853e-04	8.264900502643276331e-03
1.999999999999999825e-04	8.282356685683065281e-03
2.009999999999999797e-04	8.299057626840413218e-03
2.020000000000000040e-04	8.315009865038452269e-03
2.030000000000000012e-04	8.330219939200323234e-03
2.039999999999999984e-04	8.344694388249158240e-03
2.049999999999999956e-04	8.358439751108101556e-03
2.059999999999999928e-04	8.371462566700293984e-03
2.069999999999999900e-04	8.383769373948869383e-03
2.079999999999999872e-04	8.395366711776966820e-03
2.089999999999999844e-04	8.406261119107727095e-03
2.099999999999999816e-04	8.416459134864284070e-03
2.109999999999999788e-04	8.425967297969785483e-03
2.120000000000000031e-04	8.434792147347354788e-03
2.130000000000000003e-04	8.442940221920144928e-03
2.139999999999999975e-04	8.450418060611281090e-03
2.149999999999999947e-04	8.457232202343912750e-03
2.159999999999999919e-04	8.463389186041175502e-03
2.169999999999999891e-04	8.468895550626203209e-03
2.179999999999999863e-04	8.473757835022140139e-03
2.189999999999999835e-04	8.477982578152123624e-03
2.199999999999999807e-04	8.481576318939287526e-03
2.209999999999999779e-04	8.484545596306777848e-03
2.220000000000000022e-04	8.486896949177723248e-03
2.229999999999999994e-04	8.488636916475271466e-03
2.239999999999999966e-04	8.489772037122554627e-03
2.249999999999999938e-04	8.490308850042710062e-03
2.259999999999999910e-04	8.490253894158887246e-03
2.269999999999999882e-04	8.489613708394213101e-03
2.279999999999999854e-04	8.488394831671831897e-03
2.289999999999999826e-04	8.486603802914874026e-03
2.299999999999999799e-04	8.484247161046487226e-03
2.309999999999999771e-04	8.481331444989807095e-03
2.320000000000000014e-04	8.477863193667972697e-03
2.329999999999999986e-04	8.473848946004119628e-03
2.339999999999999958e-04	8.469295240921386955e-03
2.349999999999999930e-04	8.464208617342915478e-03
2.359999999999999902e-04	8.458595614191840792e-03
2.369999999999999874e-04	8.452462770391305433e-03
2.379999999999999846e-04	8.445816624864438057e-03
2.389999999999999818e-04	8.438663716534393344e-03
2.399999999999999790e-04	8.431010584324294746e-03
2.409999999999999762e-04	8.422863767157286533e-03
2.420000000000000005e-04	8.414229803956509504e-03
2.429999999999999977e-04	8.405115233645097522e-03
2.439999999999999949e-04	8.395526595146191387e-03
2.449999999999999921e-04	8.385470427382930164e-03
2.459999999999999622e-04	8.374953269278451184e-03
2.469999999999999865e-04	8.363981659755895248e-03
2.480000000000000108e-04	8.352562137738389278e-03
2.489999999999999809e-04	8.340701242149089686e-03
2.500000000000000052e-04	8.328405511911123396e-03
2.509999999999999753e-04	8.315681485947629473e-03
2.519999999999999996e-04	8.302535703181752186e-03
2.529999999999999697e-04	8.288974702536623662e-03
2.539999999999999940e-04	8.275005022935384702e-03
2.549999999999999641e-04	8.260633203301172636e-03
2.559999999999999884e-04	8.245865782557128265e-03
2.570000000000000127e-04	8.230709299626387185e-03
2.579999999999999828e-04	8.215170293432090196e-03
2.590000000000000071e-04	8.199255302897376363e-03
2.599999999999999772e-04	8.182970866945383018e-03
2.610000000000000015e-04	8.166323524499245756e-03
2.619999999999999716e-04	8.149319814482105379e-03
2.629999999999999959e-04	8.131966275817100950e-03
2.639999999999999660e-04	8.114269447427371537e-03
2.649999999999999903e-04	8.096235868236052735e-03
2.660000000000000146e-04	8.077872077166281875e-03
2.669999999999999847e-04	8.059184613141204961e-03
2.680000000000000090e-04	8.040180015083954121e-03
2.689999999999999791e-04	8.020864821917666684e-03
2.700000000000000035e-04	8.001245572565486922e-03
2.709999999999999735e-04	7.981328805950543490e-03
2.719999999999999979e-04	7.961121060995987597e-03
2.729999999999999680e-04	7.940628876624951371e-03
2.739999999999999923e-04	7.919858791760566938e-03
2.749999999999999624e-04	7.898817345325983771e-03
2.759999999999999867e-04	7.877511076244332264e-03
2.770000000000000110e-04	7.855946523438754950e-03
2.779999999999999811e-04	7.834130225832390895e-03
2.790000000000000054e-04	7.812068722348370492e-03
2.799999999999999755e-04	7.789768551909846683e-03
2.809999999999999998e-04	7.767236253439943790e-03
2.819999999999999699e-04	7.744478365861807816e-03
2.829999999999999942e-04	7.721501428098576959e-03
2.839999999999999643e-04	7.698311979073383347e-03
2.849999999999999886e-04	7.674916557709373852e-03
2.860000000000000129e-04	7.651321702929679731e-03
2.869999999999999830e-04	7.627533953657447859e-03
2.880000000000000073e-04	7.603559848815810360e-03
2.889999999999999774e-04	7.579405927327903698e-03
2.900000000000000017e-04	7.555078728116871277e-03
2.909999999999999718e-04	7.530584790105851294e-03
2.919999999999999961e-04	7.505930652217975875e-03
2.929999999999999662e-04	7.481122853376392760e-03
2.939999999999999905e-04	7.456167932504234076e-03
2.949999999999999606e-04	7.431072428524638888e-03
2.959999999999999849e-04	7.405842880360748864e-03
2.970000000000000092e-04	7.380485826935696131e-03
2.979999999999999793e-04	7.355007807172625825e-03
2.990000000000000036e-04	7.329415359994674410e-03
2.999999999999999737e-04	7.303715024324977483e-03
3.009999999999999980e-04	7.277913339086679312e-03
3.019999999999999681e-04	7.252016843202909423e-03
3.029999999999999924e-04	7.226032075596811217e-03
3.039999999999999625e-04	7.199965575191526364e-03
3.049999999999999868e-04	7.173823880910188723e-03
3.060000000000000111e-04	7.147613531675939096e-03
3.069999999999999812e-04	7.121341066411914812e-03
3.080000000000000055e-04	7.095013024041253204e-03
3.089999999999999756e-04	7.068635943487094203e-03
3.099999999999999999e-04	7.042216363672575141e-03
3.109999999999999700e-04	7.015760823520836818e-03
3.119999999999999944e-04	6.989275861955014831e-03
3.129999999999999644e-04	6.962768017898249978e-03
3.139999999999999888e-04	6.936243830273677857e-03
3.149999999999999589e-04	6.909709838004439268e-03
3.159999999999999832e-04	6.883172580013668940e-03
3.170000000000000075e-04	6.856638595224510274e-03
3.179999999999999776e-04	6.830114422560099735e-03
3.190000000000000019e-04	6.803606600943574653e-03
3.199999999999999720e-04	6.777121669298078431e-03
3.209999999999999963e-04	6.750666166546740593e-03
3.219999999999999664e-04	6.724246631612705409e-03
3.229999999999999907e-04	6.697869603419111945e-03
3.239999999999999608e-04	6.671541620889095796e-03
3.249999999999999851e-04	6.645269222945794294e-03
3.260000000000000094e-04	6.619058948512350840e-03
3.269999999999999795e-04	6.592917336511900164e-03
3.280000000000000038e-04	6.566850925867581332e-03
3.289999999999999739e-04	6.540865131789266873e-03
3.299999999999999982e-04	6.514960874633765782e-03
3.309999999999999683e-04	6.489137951044617915e-03
3.319999999999999926e-04	6.463396157665363996e-03
3.329999999999999627e-04	6.437735291139549954e-03
3.339999999999999870e-04	6.412155148110712174e-03
3.350000000000000113e-04	6.386655525222400057e-03
3.359999999999999814e-04	6.361236219118148252e-03
3.370000000000000057e-04	6.335897026441500955e-03
3.379999999999999758e-04	6.310637743836002359e-03
3.390000000000000001e-04	6.285458167945188850e-03
3.399999999999999702e-04	6.260358095412608091e-03
3.409999999999999945e-04	6.235337322881796471e-03
3.419999999999999646e-04	6.210395646996300784e-03
3.429999999999999889e-04	6.185532864399659152e-03
3.439999999999999590e-04	6.160748771735415769e-03
3.449999999999999833e-04	6.136043165647111358e-03
3.460000000000000076e-04	6.111415842778284910e-03
3.469999999999999777e-04	6.086866599772484086e-03
3.480000000000000020e-04	6.062395233273247010e-03
3.489999999999999721e-04	6.038001539924116139e-03
3.499999999999999964e-04	6.013685316368630462e-03
3.509999999999999665e-04	5.989446359250337644e-03
3.519999999999999908e-04	5.965284465212774070e-03
3.529999999999999609e-04	5.941199430899483935e-03
3.539999999999999853e-04	5.917191052954009697e-03
3.550000000000000096e-04	5.893259128019891213e-03
3.559999999999999797e-04	5.869403452740672676e-03
3.570000000000000040e-04	5.845623823759893076e-03
3.579999999999999741e-04	5.821920037721094870e-03
3.589999999999999984e-04	5.798291891267823121e-03
3.599999999999999685e-04	5.774739181043615950e-03
3.609999999999999928e-04	5.751261703692014081e-03
3.619999999999999629e-04	5.727859255856563442e-03
3.629999999999999872e-04	5.704531634180804757e-03
3.639999999999999573e-04	5.681278635308278750e-03
3.649999999999999816e-04	5.658100055882525278e-03
3.660000000000000059e-04	5.634995692547086800e-03
3.669999999999999760e-04	5.611965341945510111e-03
3.680000000000000003e-04	5.589008800721328996e-03
3.689999999999999704e-04	5.566125865518094587e-03
3.699999999999999947e-04	5.543316332979340670e-03
3.709999999999999648e-04	5.520579999748612306e-03
3.719999999999999891e-04	5.497916662469451952e-03
3.729999999999999592e-04	5.475326117785399467e-03
3.739999999999999835e-04	5.452808162339996441e-03
3.750000000000000078e-04	5.430362592776787067e-03
3.759999999999999779e-04	5.407989205739311203e-03
3.770000000000000022e-04	5.385687797871112174e-03
3.779999999999999723e-04	5.363458165815731572e-03
3.789999999999999966e-04	5.341300106216707519e-03
3.799999999999999667e-04	5.319213415717588544e-03
3.809999999999999910e-04	5.297197890961908434e-03
3.819999999999999611e-04	5.275253328593215718e-03
3.829999999999999854e-04	5.253379525255047651e-03
3.840000000000000097e-04	5.231576277590949293e-03
3.849999999999999798e-04	5.209843382244462237e-03
3.860000000000000041e-04	5.188180635859125471e-03
3.869999999999999742e-04	5.166587835078482321e-03
3.879999999999999985e-04	5.145064776546074380e-03
3.889999999999999686e-04	5.123611256905446706e-03
3.899999999999999929e-04	5.102227072800134822e-03
3.909999999999999630e-04	5.080912020873683786e-03
3.919999999999999873e-04	5.059665897769636926e-03
3.929999999999999574e-04	5.038488500131534098e-03
3.939999999999999817e-04	5.017379624602916026e-03
3.950000000000000061e-04	4.996339067827325169e-03
3.959999999999999762e-04	4.975366626448308321e-03
3.970000000000000005e-04	4.954462097109399270e-03
3.979999999999999706e-04	4.933625276454144809e-03
3.989999999999999949e-04	4.912855961126084796e-03
3.999999999999999650e-04	4.892153947768763424e-03
4.009999999999999893e-04	4.871519033025717947e-03
4.019999999999999594e-04	4.850951013540494294e-03
4.029999999999999837e-04	4.830449685956632322e-03
4.040000000000000080e-04	4.810014846917674489e-03
4.049999999999999781e-04	4.789646293067164121e-03
4.060000000000000024e-04	4.769343821048638472e-03
4.069999999999999725e-04	4.749107227505643472e-03
4.079999999999999968e-04	4.728936309081719844e-03
4.089999999999999669e-04	4.708830862420410046e-03
4.099999999999999912e-04	4.688790684165251334e-03
4.109999999999999613e-04	4.668815570959791370e-03
4.119999999999999856e-04	4.648905319447568275e-03
4.129999999999999557e-04	4.629059726272127979e-03
4.139999999999999800e-04	4.609278588077006869e-03
4.150000000000000043e-04	4.589561701505749138e-03
4.159999999999999744e-04	4.569908863201899846e-03
4.169999999999999987e-04	4.550319869808992779e-03
4.179999999999999688e-04	4.530794517970579936e-03
4.189999999999999931e-04	4.511332604330194236e-03
4.199999999999999632e-04	4.491933925531381606e-03
4.209999999999999875e-04	4.472598278217683639e-03
4.219999999999999576e-04	4.453325459032641057e-03
4.229999999999999819e-04	4.434115264619798921e-03
4.240000000000000062e-04	4.414967491622691018e-03
4.249999999999999763e-04	4.395881936684869346e-03
4.260000000000000006e-04	4.376858396449868557e-03
4.269999999999999707e-04	4.357896667561231979e-03
4.279999999999999950e-04	4.338996546662504672e-03
4.289999999999999651e-04	4.320157830397223890e-03
4.299999999999999894e-04	4.301380315408933827e-03
4.309999999999999595e-04	4.282663798341176074e-03
4.319999999999999838e-04	4.264008075837491356e-03
4.329999999999999539e-04	4.245412944541422998e-03
4.339999999999999782e-04	4.226878201096510856e-03
4.350000000000000026e-04	4.208403642146297391e-03
4.359999999999999726e-04	4.189989064334326795e-03
4.369999999999999970e-04	4.171634264304138057e-03
4.379999999999999671e-04	4.153339038699274503e-03
4.389999999999999914e-04	4.135103184163275124e-03
4.399999999999999615e-04	4.116926497339686714e-03
4.409999999999999858e-04	4.098808774872046527e-03
4.419999999999999559e-04	4.080749813403897024e-03
4.429999999999999802e-04	4.062749409578782396e-03
4.440000000000000045e-04	4.044807360040241634e-03
4.449999999999999746e-04	4.026923461431819798e-03
4.459999999999999989e-04	4.009097510397054143e-03
4.469999999999999690e-04	3.991329303579491464e-03
4.479999999999999933e-04	3.973618637622669016e-03
4.489999999999999634e-04	3.955965309170131859e-03
4.499999999999999877e-04	3.938369114865420718e-03
4.509999999999999578e-04	3.920829851352076317e-03
4.519999999999999821e-04	3.903347315273641115e-03
4.530000000000000064e-04	3.885921303273656702e-03
4.539999999999999765e-04	3.868551611995666838e-03
4.550000000000000008e-04	3.851238038083210080e-03
4.559999999999999709e-04	3.833980378179831488e-03
4.569999999999999952e-04	3.816778428929070485e-03
4.579999999999999653e-04	3.799631986974470396e-03
4.589999999999999896e-04	3.782540848959570646e-03
4.599999999999999597e-04	3.765504811527914993e-03
4.609999999999999840e-04	3.748523671323045030e-03
4.619999999999999541e-04	3.731597224988502780e-03
4.629999999999999784e-04	3.714725269167827668e-03
4.640000000000000027e-04	3.697907600504564320e-03
4.649999999999999728e-04	3.681144015642254328e-03
4.659999999999999971e-04	3.664434311224437982e-03
4.669999999999999672e-04	3.647778283894658174e-03
4.679999999999999915e-04	3.631175730296454761e-03
4.689999999999999616e-04	3.614626447073372804e-03
4.699999999999999859e-04	3.598130230868950858e-03
4.709999999999999560e-04	3.581686878326733551e-03
4.719999999999999803e-04	3.565296186090259872e-03
4.730000000000000046e-04	3.548957950803073580e-03
4.739999999999999747e-04	3.532671969108715834e-03
4.749999999999999990e-04	3.516438037650727790e-03
4.759999999999999691e-04	3.500255953072653643e-03
4.769999999999999934e-04	3.484125512018031515e-03
4.779999999999999635e-04	3.468046511130405598e-03
4.789999999999999879e-04	3.452018747053317484e-03
4.799999999999999580e-04	3.436042016430308765e-03
4.809999999999999823e-04	3.420116115904920165e-03
4.819999999999999524e-04	3.404240842120695443e-03
4.829999999999999767e-04	3.388415991721174456e-03
4.840000000000000010e-04	3.372641361349899228e-03
4.849999999999999711e-04	3.356916747650413955e-03
4.859999999999999954e-04	3.341241947266257624e-03
4.869999999999999655e-04	3.325616756840973128e-03
4.879999999999999898e-04	3.310040973018101625e-03
4.889999999999999599e-04	3.294514392441186441e-03
4.899999999999999842e-04	3.279036811753767433e-03
4.910000000000000085e-04	3.263608027599386625e-03
4.919999999999999244e-04	3.248227836621589079e-03
4.929999999999999487e-04	3.232896035463912049e-03
4.939999999999999730e-04	3.217612420769898427e-03
4.949999999999999973e-04	3.202376789183091106e-03
4.960000000000000216e-04	3.187188937347030376e-03
4.969999999999999375e-04	3.172048661905262600e-03
4.979999999999999618e-04	3.156955759501323296e-03
4.989999999999999861e-04	3.141910026778757959e-03
5.000000000000000104e-04	3.126911260381106880e-03
5.009999999999999263e-04	3.111959256951913819e-03
5.019999999999999506e-04	3.097053813134719065e-03
5.029999999999999749e-04	3.082194725573062042e-03
5.039999999999999992e-04	3.067381790910488678e-03
5.050000000000000235e-04	3.052614805790538396e-03
5.059999999999999394e-04	3.037893566856755823e-03
5.069999999999999637e-04	3.023217870752678647e-03
5.079999999999999880e-04	3.008587514121849760e-03
5.090000000000000123e-04	2.994002293607812924e-03
5.099999999999999282e-04	2.979462005854109294e-03
5.109999999999999525e-04	2.964966447504279162e-03
5.119999999999999768e-04	2.950515415201865419e-03
5.130000000000000011e-04	2.936108705590409224e-03
5.140000000000000254e-04	2.921746115313452602e-03
5.149999999999999413e-04	2.907427441014539312e-03
5.159999999999999656e-04	2.893152479337207910e-03
5.169999999999999899e-04	2.878921026925000855e-03
5.180000000000000143e-04	2.864732880421461472e-03
5.189999999999999301e-04	2.850587836470133089e-03
5.199999999999999544e-04	2.836485691714552525e-03
5.209999999999999788e-04	2.822426242798263540e-03
5.220000000000000031e-04	2.808409286364809895e-03
5.230000000000000274e-04	2.794434619057731013e-03
5.239999999999999433e-04	2.780502037520571085e-03
5.249999999999999676e-04	2.766611338396869971e-03
5.259999999999999919e-04	2.752762318330169693e-03
5.270000000000000162e-04	2.738954773964011845e-03
5.279999999999999321e-04	2.725188501941940185e-03
5.289999999999999564e-04	2.711463298907494136e-03
5.299999999999999807e-04	2.697778961504215724e-03
5.310000000000000050e-04	2.684135286375647408e-03
5.320000000000000293e-04	2.670532070165331211e-03
5.329999999999999452e-04	2.656969109516810028e-03
5.339999999999999695e-04	2.643446201073621979e-03
5.349999999999999938e-04	2.629963141479312125e-03
5.360000000000000181e-04	2.616519727377420324e-03
5.369999999999999340e-04	2.603115755411491636e-03
5.379999999999999583e-04	2.589751022225063315e-03
5.389999999999999826e-04	2.576425324461678688e-03
5.400000000000000069e-04	2.563138458764881080e-03
5.409999999999999228e-04	2.549890221778212517e-03
5.419999999999999471e-04	2.536680410145211555e-03
5.429999999999999714e-04	2.523508820509421952e-03
5.439999999999999957e-04	2.510375249514386169e-03
5.450000000000000200e-04	2.497279493803645795e-03
5.459999999999999359e-04	2.484221350020741990e-03
5.469999999999999602e-04	2.471200614809216344e-03
5.479999999999999845e-04	2.458217084812610882e-03
5.490000000000000088e-04	2.445270556674467629e-03
5.499999999999999247e-04	2.432360827038329044e-03
5.509999999999999490e-04	2.419487692547735418e-03
5.519999999999999733e-04	2.406650949846228776e-03
5.529999999999999976e-04	2.393850395577350708e-03
5.540000000000000219e-04	2.381085826384644107e-03
5.549999999999999378e-04	2.368357038911651866e-03
5.559999999999999621e-04	2.355663829801912541e-03
5.569999999999999864e-04	2.343005995698969456e-03
5.580000000000000107e-04	2.330383333246364638e-03
5.589999999999999266e-04	2.317795639087640979e-03
5.599999999999999509e-04	2.305242709866337034e-03
5.609999999999999752e-04	2.292724342225996997e-03
5.619999999999999996e-04	2.280240332810161592e-03
5.630000000000000239e-04	2.267790478262374145e-03
5.639999999999999397e-04	2.255374575226176247e-03
5.649999999999999641e-04	2.242992420345108189e-03
5.659999999999999884e-04	2.230643810262711996e-03
5.670000000000000127e-04	2.218328541622530126e-03
5.679999999999999286e-04	2.206046411068104604e-03
5.689999999999999529e-04	2.193797215242976155e-03
5.699999999999999772e-04	2.181580750790687237e-03
5.710000000000000015e-04	2.169396814354779008e-03
5.720000000000000258e-04	2.157245202578794360e-03
5.729999999999999417e-04	2.145125712106275319e-03
5.739999999999999660e-04	2.133038139580761740e-03
5.749999999999999903e-04	2.120982281645796517e-03
5.760000000000000146e-04	2.108957934944920808e-03
5.769999999999999305e-04	2.096964896121678804e-03
5.779999999999999548e-04	2.085002961819609930e-03
5.789999999999999791e-04	2.073071928682255344e-03
5.800000000000000034e-04	2.061171593353158804e-03
5.810000000000000277e-04	2.049301752475860602e-03
5.819999999999999436e-04	2.037462202693904496e-03
5.829999999999999679e-04	2.025652740650829911e-03
5.839999999999999922e-04	2.013873162990179738e-03
5.850000000000000165e-04	2.002123266355496003e-03
5.859999999999999324e-04	1.990402847390320730e-03
5.869999999999999567e-04	1.978711702738194210e-03
5.879999999999999810e-04	1.967049629042659335e-03
5.890000000000000053e-04	1.955416422947257697e-03
5.899999999999999212e-04	1.943811881095532188e-03
5.909999999999999455e-04	1.932235800131022882e-03
5.919999999999999698e-04	1.920687976697271152e-03
5.929999999999999941e-04	1.909168207437820760e-03
5.940000000000000184e-04	1.897676288996211777e-03
5.949999999999999343e-04	1.886212018015988182e-03
5.959999999999999586e-04	1.874775191140689830e-03
5.969999999999999829e-04	1.863365605013857663e-03
5.980000000000000072e-04	1.851983056279035440e-03
5.989999999999999231e-04	1.840627341579765403e-03
5.999999999999999474e-04	1.829298257559587408e-03
6.009999999999999717e-04	1.817995600862043265e-03
6.019999999999999961e-04	1.806719168130675865e-03
6.030000000000000204e-04	1.795468756009026799e-03
6.039999999999999362e-04	1.784244161140638310e-03
6.049999999999999606e-04	1.773045180169051339e-03
6.059999999999999849e-04	1.761871609737807043e-03
6.070000000000000092e-04	1.750723246490448531e-03
6.079999999999999251e-04	1.739599887070518046e-03
6.089999999999999494e-04	1.728501328121555226e-03
6.099999999999999737e-04	1.717427366287103182e-03
6.109999999999999980e-04	1.706377798210703504e-03
6.120000000000000223e-04	1.695352420535898002e-03
6.129999999999999382e-04	1.684351029906229784e-03
6.139999999999999625e-04	1.673373422965237839e-03
6.149999999999999868e-04	1.662419396356465927e-03
6.160000000000000111e-04	1.651488746723454772e-03
6.169999999999999270e-04	1.640581270709748352e-03
6.179999999999999513e-04	1.629696764958885437e-03
6.189999999999999756e-04	1.618835026114408921e-03
6.199999999999999999e-04	1.607995850819861263e-03
6.210000000000000242e-04	1.597179035718783403e-03
6.219999999999999401e-04	1.586384377454718884e-03
6.229999999999999644e-04	1.575611672671207346e-03
6.239999999999999887e-04	1.564860718011790814e-03
6.250000000000000130e-04	1.554131310120011964e-03
6.259999999999999289e-04	1.543423245639413471e-03
6.269999999999999532e-04	1.532736321213534108e-03
6.279999999999999775e-04	1.522070333485918067e-03
6.290000000000000018e-04	1.511425079100106074e-03
6.299999999999999177e-04	1.500800354699641887e-03
6.309999999999999420e-04	1.490195956928064497e-03
6.319999999999999663e-04	1.479611682428916579e-03
6.329999999999999906e-04	1.469047327845740590e-03
6.340000000000000149e-04	1.458502689822077690e-03
6.349999999999999308e-04	1.447977565001470988e-03
6.359999999999999551e-04	1.437471750027460122e-03
6.369999999999999794e-04	1.426985041543588203e-03
6.380000000000000037e-04	1.416517236193396605e-03
6.389999999999999196e-04	1.406068130620428220e-03
6.399999999999999439e-04	1.395637521468223122e-03
6.409999999999999682e-04	1.385225205380323770e-03
6.419999999999999925e-04	1.374830979000271972e-03
6.430000000000000169e-04	1.364454638971609101e-03
6.439999999999999327e-04	1.354095981937879353e-03
6.449999999999999570e-04	1.343754804542620848e-03
6.459999999999999814e-04	1.333430903429377130e-03
6.470000000000000057e-04	1.323124075241690007e-03
6.479999999999999215e-04	1.312834116623102154e-03
6.489999999999999459e-04	1.302560824217153428e-03
6.499999999999999702e-04	1.292303994667386071e-03
6.509999999999999945e-04	1.282063424617342975e-03
6.520000000000000188e-04	1.271838910710564865e-03
6.529999999999999347e-04	1.261630249590595283e-03
6.539999999999999590e-04	1.251437237900973219e-03
6.549999999999999833e-04	1.241259672285241998e-03
6.560000000000000076e-04	1.231097349386943863e-03
6.569999999999999235e-04	1.220950065849620621e-03
6.579999999999999478e-04	1.210817618316812347e-03
6.589999999999999721e-04	1.200699803432061716e-03
6.599999999999999964e-04	1.190596417838910969e-03
6.610000000000000207e-04	1.180507258180902132e-03
6.619999999999999366e-04	1.170432121101577013e-03
6.629999999999999609e-04	1.160370803244475685e-03
6.639999999999999852e-04	1.150323101253141475e-03
6.650000000000000095e-04	1.140288811771115541e-03
6.659999999999999254e-04	1.130267731441940990e-03
6.669999999999999497e-04	1.120259656909157681e-03
6.679999999999999740e-04	1.110264384816308071e-03
6.689999999999999983e-04	1.100281711806934187e-03
6.700000000000000226e-04	1.090311434524577835e-03
6.709999999999999385e-04	1.080353349612781910e-03
6.719999999999999628e-04	1.070407253715085398e-03
6.729999999999999871e-04	1.060472943475031845e-03
6.740000000000000114e-04	1.050550215536163491e-03
6.749999999999999273e-04	1.040638866542021711e-03
6.759999999999999516e-04	1.030738693136147447e-03
6.769999999999999759e-04	1.020849491962082722e-03
6.780000000000000002e-04	1.010971059663369996e-03
6.789999999999999161e-04	1.001103192883551728e-03
6.799999999999999404e-04	9.912456882661677734e-04
6.809999999999999647e-04	9.813983424547603751e-04
6.819999999999999890e-04	9.715609520928719916e-04
6.830000000000000134e-04	9.617333138240444310e-04
6.839999999999999292e-04	9.519152242918200437e-04
6.849999999999999535e-04	9.421064801397390116e-04
6.859999999999999779e-04	9.323068780113434682e-04
6.870000000000000022e-04	9.225162145501757636e-04
6.879999999999999180e-04	9.127342863997786821e-04
6.889999999999999424e-04	9.029608902036918633e-04
6.899999999999999667e-04	8.931958226054580912e-04
6.909999999999999910e-04	8.834388802486190656e-04
6.920000000000000153e-04	8.736898597767167032e-04
6.929999999999999312e-04	8.639485578332934627e-04
6.939999999999999555e-04	8.542147710618897428e-04
6.949999999999999798e-04	8.444882961060475686e-04
6.960000000000000041e-04	8.347689296093093987e-04
6.969999999999999200e-04	8.250564682152179089e-04
6.979999999999999443e-04	8.153507085673123052e-04
6.989999999999999686e-04	8.056514473091360221e-04
6.999999999999999929e-04	7.959584810842304341e-04
7.010000000000000172e-04	7.862716065361375663e-04
7.019999999999999331e-04	7.765906203084000942e-04
7.029999999999999574e-04	7.669153190445575493e-04
7.039999999999999817e-04	7.572454993881533661e-04
7.050000000000000060e-04	7.475809579827284853e-04
7.059999999999999219e-04	7.379214914718265584e-04
7.069999999999999462e-04	7.282668964989865747e-04
7.079999999999999705e-04	7.186169697077520770e-04
7.089999999999999948e-04	7.089715077416641146e-04
7.100000000000000191e-04	6.993303072442649294e-04
7.109999999999999350e-04	6.896931648590969802e-04
7.119999999999999593e-04	6.800598772297003405e-04
7.129999999999999836e-04	6.704302409996176857e-04
7.140000000000000079e-04	6.608040528123909326e-04
7.149999999999999238e-04	6.511811093115624314e-04
7.159999999999999481e-04	6.415612071406723640e-04
7.169999999999999724e-04	6.319441429432634061e-04
7.179999999999999967e-04	6.223297133628774742e-04
7.190000000000000210e-04	6.127177150430561598e-04
7.199999999999999369e-04	6.031079446273421383e-04
7.209999999999999612e-04	5.935001987592754833e-04
7.219999999999999855e-04	5.838942740823986535e-04
7.230000000000000098e-04	5.742899672402537823e-04
7.239999999999999257e-04	5.646870748763834370e-04
7.249999999999999500e-04	5.550853936343274741e-04
7.259999999999999743e-04	5.454847201576284608e-04
7.269999999999999987e-04	5.358848510898284222e-04
7.279999999999999145e-04	5.262855830744701422e-04
7.289999999999999388e-04	5.166867127550930439e-04
7.299999999999999632e-04	5.070880367752404532e-04
7.309999999999999875e-04	4.974893517784538532e-04
7.320000000000000118e-04	4.878904544082751063e-04
7.329999999999999277e-04	4.782911413082467254e-04
7.339999999999999520e-04	4.686912091219089466e-04
7.349999999999999763e-04	4.590904544928041744e-04
7.360000000000000006e-04	4.494886740644742714e-04
7.369999999999999165e-04	4.398856644804622382e-04
7.379999999999999408e-04	4.302812223843076062e-04
7.389999999999999651e-04	4.206751444195532680e-04
7.399999999999999894e-04	4.110672272297409232e-04
7.410000000000000137e-04	4.014572674584123801e-04
7.419999999999999296e-04	3.918450617491105311e-04
7.429999999999999539e-04	3.822304067453750160e-04
7.439999999999999782e-04	3.726130990907486188e-04
7.450000000000000025e-04	3.629929354287731477e-04
7.459999999999999184e-04	3.533697124029914409e-04
7.469999999999999427e-04	3.437432266569431382e-04
7.479999999999999670e-04	3.341132748341713488e-04
7.489999999999999913e-04	3.244796535782173389e-04
7.500000000000000156e-04	3.148421595326232961e-04
7.509999999999999315e-04	3.052005893409320044e-04
7.519999999999999558e-04	2.955547396466829410e-04
7.529999999999999801e-04	2.859044070934191068e-04
7.540000000000000044e-04	2.762493883246822015e-04
7.549999999999999203e-04	2.665894799840151175e-04
7.559999999999999446e-04	2.569244787149575489e-04
7.569999999999999689e-04	2.472541811610521711e-04
7.579999999999999932e-04	2.375783839658409280e-04
7.590000000000000175e-04	2.278968837728656007e-04
7.599999999999999334e-04	2.182094772256689460e-04
7.609999999999999577e-04	2.085159609677906308e-04
7.619999999999999820e-04	1.988161316427734934e-04
7.630000000000000063e-04	1.891097858941594232e-04
7.639999999999999222e-04	1.793967203654911230e-04
7.649999999999999465e-04	1.696767317003082325e-04
7.659999999999999708e-04	1.599496165421537797e-04
7.669999999999999951e-04	1.502151715345693560e-04
7.680000000000000195e-04	1.404731933210968237e-04
7.689999999999999353e-04	1.307234785452790482e-04
7.699999999999999597e-04	1.209658238506556286e-04
7.709999999999999840e-04	1.112000258807694302e-04
7.720000000000000083e-04	1.014258812791622477e-04
7.729999999999999242e-04	9.164318668937687868e-05
7.739999999999999485e-04	8.185173875495305770e-05
7.749999999999999728e-04	7.205133411943352815e-05
7.759999999999999971e-04	6.224176942636013888e-05
7.769999999999999130e-04	5.242284131927572811e-05
7.779999999999999373e-04	4.259434644171994919e-05
7.789999999999999616e-04	3.275608143723558610e-05
7.799999999999999859e-04	2.290784294936447417e-05
7.810000000000000102e-04	1.304942762164839449e-05
7.819999999999999261e-04	3.180632097630185263e-06
7.829999999999999504e-04	-6.698746979150500152e-06
7.839999999999999747e-04	-1.658891296515083033e-05
7.849999999999999990e-04	-2.649006921682901062e-05
7.859999999999999149e-04	-3.640241909064224348e-05
7.869999999999999392e-04	-4.632616594305080101e-05
7.879999999999999635e-04	-5.626151313051189245e-05
7.889999999999999878e-04	-6.620866400948370958e-05
7.900000000000000121e-04	-7.616782193642448486e-05
