-1.859999999999999945e-04	9.130495150352751490e-04
-1.849999999999999973e-04	8.151420903293863686e-04
-1.840000000000000001e-04	7.213913145614130962e-04
-1.830000000000000029e-04	6.317310102700158083e-04
-1.819999999999999786e-04	5.460949999938531380e-04
-1.809999999999999814e-04	4.644171062715901697e-04
-1.799999999999999842e-04	3.866311516418852114e-04
-1.789999999999999870e-04	3.126709586433992273e-04
-1.779999999999999898e-04	2.424703498147925582e-04
-1.769999999999999926e-04	1.759631476947261144e-04
-1.759999999999999954e-04	1.130831748218606432e-04
-1.749999999999999982e-04	5.376425373485671586e-05
-1.740000000000000010e-04	-2.059793027625102658e-06
-1.730000000000000038e-04	-5.445514292692395778e-05
-1.719999999999999795e-04	-1.034879734243805916e-04
-1.709999999999999823e-04	-1.492244619813314381e-04
-1.699999999999999851e-04	-1.917307860591174371e-04
-1.689999999999999879e-04	-2.310731231190777193e-04
-1.679999999999999907e-04	-2.673176506225518083e-04
-1.669999999999999935e-04	-3.005305460308786312e-04
-1.659999999999999963e-04	-3.307779868053979558e-04
-1.649999999999999991e-04	-3.581261504074489802e-04
-1.640000000000000019e-04	-3.826412142983705777e-04
-1.630000000000000047e-04	-4.043893559395029765e-04
-1.619999999999999804e-04	-4.234367527921850498e-04
-1.609999999999999832e-04	-4.398495823177553453e-04
-1.599999999999999860e-04	-4.536940219775541456e-04
-1.589999999999999888e-04	-4.650362492329205948e-04
-1.579999999999999916e-04	-4.739424415451932949e-04
-1.569999999999999944e-04	-4.804787763757127454e-04
-1.559999999999999972e-04	-4.847114311858174399e-04
-1.550000000000000000e-04	-4.867065834368468477e-04
-1.540000000000000028e-04	-4.865304105901403840e-04
-1.530000000000000056e-04	-4.842490901070373014e-04
-1.519999999999999813e-04	-4.799287994488769067e-04
-1.509999999999999841e-04	-4.736357160769986150e-04
-1.499999999999999869e-04	-4.654360174527417330e-04
-1.489999999999999897e-04	-4.553958810374455135e-04
-1.479999999999999925e-04	-4.435814842924491004e-04
-1.469999999999999953e-04	-4.300590046790922342e-04
-1.459999999999999981e-04	-4.148946196587139507e-04
-1.450000000000000009e-04	-3.981545066926537191e-04
-1.440000000000000036e-04	-3.799048432422504670e-04
-1.430000000000000064e-04	-3.602118067688440430e-04
-1.419999999999999821e-04	-3.391415747337728865e-04
-1.409999999999999849e-04	-3.167603245983774429e-04
-1.399999999999999877e-04	-2.931342338239965309e-04
-1.389999999999999905e-04	-2.683294798719694030e-04
-1.379999999999999933e-04	-2.424122402036355288e-04
-1.369999999999999961e-04	-2.154486922803341606e-04
-1.359999999999999989e-04	-1.875050135634044970e-04
-1.350000000000000017e-04	-1.586473815141859530e-04
-1.340000000000000045e-04	-1.289419735940178897e-04
-1.330000000000000073e-04	-9.845496726423945107e-05
-1.319999999999999830e-04	-6.725253998618929349e-05
-1.309999999999999858e-04	-3.540086922120851262e-05
-1.299999999999999886e-04	-2.966132430635222590e-06
-1.289999999999999914e-04	2.998549292419110720e-05
-1.279999999999999942e-04	6.338782938193089894e-05
-1.269999999999999970e-04	9.717469948124533375e-05
-1.259999999999999998e-04	1.312799257607945628e-04
-1.250000000000000026e-04	1.656373307592396587e-04
-1.240000000000000054e-04	2.001754864741716830e-04
-1.229999999999999811e-04	2.348019627389043350e-04
-1.219999999999999974e-04	2.694190788456785383e-04
-1.210000000000000002e-04	3.039291540867400409e-04
-1.199999999999999895e-04	3.382345077543317722e-04
-1.189999999999999923e-04	3.722374591406963089e-04
-1.179999999999999951e-04	4.058403275380774748e-04
-1.169999999999999979e-04	4.389454322387187140e-04
-1.160000000000000007e-04	4.714550925348631998e-04
-1.149999999999999899e-04	5.032716277187549185e-04
-1.139999999999999927e-04	5.342973570826362300e-04
-1.129999999999999955e-04	5.644345999187509039e-04
-1.119999999999999983e-04	5.935856755193427096e-04
-1.110000000000000011e-04	6.216529031766546576e-04
-1.099999999999999904e-04	6.485386021829305176e-04
-1.089999999999999932e-04	6.741450918304128662e-04
-1.079999999999999960e-04	6.983746914113456898e-04
-1.069999999999999988e-04	7.211297202179723243e-04
-1.060000000000000016e-04	7.423124975425355633e-04
-1.049999999999999908e-04	7.618253426772799352e-04
-1.039999999999999936e-04	7.795705749144476917e-04
-1.029999999999999964e-04	7.954505135462824937e-04
-1.019999999999999992e-04	8.093674778650278940e-04
-1.010000000000000020e-04	8.212237871629274452e-04
-9.999999999999999124e-05	8.309217607322241577e-04
-9.899999999999999404e-05	8.383637178651612591e-04
-9.799999999999999684e-05	8.434519778539827355e-04
-9.699999999999999963e-05	8.460888599909313808e-04
-9.600000000000000243e-05	8.461766835682510727e-04
-9.499999999999999168e-05	8.436177678781842798e-04
-9.399999999999999448e-05	8.383144322129754220e-04
-9.299999999999999727e-05	8.301689958648675099e-04
-9.200000000000000007e-05	8.190837781261035540e-04
-9.099999999999998932e-05	8.049610982889269985e-04
-8.999999999999999212e-05	7.877032756455818298e-04
-8.899999999999999491e-05	7.672126294883108415e-04
-8.799999999999999771e-05	7.433914791093576948e-04
-8.700000000000000051e-05	7.161421438009656169e-04
-8.599999999999998976e-05	6.853669428553772931e-04
-8.499999999999999255e-05	6.509681955648372520e-04
-8.399999999999999535e-05	6.128482212215891544e-04
-8.299999999999999815e-05	5.709093391178747100e-04
-8.200000000000000095e-05	5.250538685459383388e-04
-8.099999999999999019e-05	4.751841287980230512e-04
-7.999999999999999299e-05	4.212024391663721831e-04
-7.899999999999999579e-05	3.630111189432303712e-04
-7.799999999999999859e-05	3.005124874208393252e-04
-7.700000000000000139e-05	2.336088638914435734e-04
-7.599999999999999063e-05	1.622025676472843916e-04
-7.499999999999999343e-05	8.619591798060804305e-05
-7.399999999999999623e-05	5.491234183656670820e-06
-7.299999999999999903e-05	-8.000916445132671452e-05
-7.200000000000000182e-05	-1.704029586320982351e-04
-7.099999999999999107e-05	-2.657878290664159645e-04
-6.999999999999999387e-05	-3.662614564620342902e-04
-6.899999999999999667e-05	-4.719215215267112858e-04
-6.799999999999999946e-05	-5.828657049682026397e-04
-6.700000000000000226e-05	-6.991916874942659919e-04
-6.599999999999999151e-05	-8.209971498126587656e-04
-6.499999999999999431e-05	-9.483797726311344808e-04
-6.399999999999999710e-05	-1.081381401354590370e-03
-6.299999999999999990e-05	-1.219820540176472495e-03
-6.200000000000000270e-05	-1.363459857987366292e-03
-6.099999999999999872e-05	-1.512062023677859801e-03
-5.999999999999999474e-05	-1.665389706138536291e-03
-5.899999999999999754e-05	-1.823205574259979464e-03
-5.800000000000000034e-05	-1.985272296932777143e-03
-5.699999999999999636e-05	-2.151352543047514113e-03
-5.599999999999999916e-05	-2.321208981494775163e-03
-5.499999999999999518e-05	-2.494604281165148114e-03
-5.399999999999999798e-05	-2.671301110949214717e-03
-5.300000000000000078e-05	-2.851062139737561060e-03
-5.199999999999999680e-05	-3.033650036420776266e-03
-5.099999999999999960e-05	-3.218827469889441219e-03
-4.999999999999999562e-05	-3.406357109034142440e-03
-4.899999999999999842e-05	-3.596001622745466451e-03
-4.800000000000000122e-05	-3.787523679913998038e-03
-4.699999999999999724e-05	-3.980685949430324590e-03
-4.600000000000000004e-05	-4.175251100185027424e-03
-4.499999999999999606e-05	-4.370981801068695230e-03
-4.399999999999999886e-05	-4.567640720971911927e-03
-4.299999999999999488e-05	-4.764990528785265772e-03
-4.199999999999999768e-05	-4.962793893399334612e-03
-4.100000000000000047e-05	-5.160813483704711907e-03
-3.999999999999999650e-05	-5.358811968591978975e-03
-3.899999999999999929e-05	-5.556552016951722336e-03
-3.799999999999999532e-05	-5.753796297674529381e-03
-3.699999999999999811e-05	-5.950307479650979690e-03
-3.600000000000000091e-05	-6.145848231771664123e-03
-3.499999999999999693e-05	-6.340181222927168334e-03
-3.399999999999999973e-05	-6.533069122008073638e-03
-3.299999999999999575e-05	-6.724274597904968294e-03
-3.199999999999999855e-05	-6.913560319508435352e-03
-3.100000000000000135e-05	-7.100688955709063069e-03
-2.999999999999999737e-05	-7.285423175397436231e-03
-2.900000000000000017e-05	-7.467525647464135288e-03
-2.799999999999999958e-05	-7.646759040799753701e-03
-2.699999999999999899e-05	-7.822886024294872787e-03
-2.599999999999999840e-05	-7.995669266840078199e-03
-2.499999999999999781e-05	-8.164871437325953857e-03
-2.400000000000000061e-05	-8.330255204643085415e-03
-2.300000000000000002e-05	-8.491583237682061996e-03
-2.199999999999999943e-05	-8.648618205333467521e-03
-2.099999999999999884e-05	-8.801122776487887642e-03
-1.999999999999999825e-05	-8.948859620035901075e-03
-1.899999999999999766e-05	-9.091591404868096943e-03
-1.800000000000000046e-05	-9.229080799875067839e-03
-1.699999999999999987e-05	-9.361090473947390744e-03
-1.599999999999999928e-05	-9.487383095975654781e-03
-1.499999999999999869e-05	-9.607721334850447339e-03
-1.399999999999999979e-05	-9.721867859462347133e-03
-1.299999999999999920e-05	-9.829585338701945021e-03
-1.200000000000000030e-05	-9.930636441459824923e-03
-1.099999999999999971e-05	-1.002478383662657076e-02
-9.999999999999999124e-06	-1.011179019309276471e-02
-9.000000000000000228e-06	-1.019141817974900110e-02
-7.999999999999999638e-06	-1.026343046548586213e-02
-6.999999999999999895e-06	-1.032758971919392997e-02
-6.000000000000000152e-06	-1.038365860976379201e-02
-4.999999999999999562e-06	-1.043139980608603391e-02
-3.999999999999999819e-06	-1.047064362199438131e-02
-3.000000000000000076e-06	-1.050149095109512848e-02
-1.999999999999999909e-06	-1.052411033193770967e-02
-9.999999999999999547e-07	-1.053867030307155915e-02
0.000000000000000000e+00	-1.054533940304611117e-02
9.999999999999999547e-07	-1.054428617041079479e-02
1.999999999999999909e-06	-1.053567914371505120e-02
3.000000000000000076e-06	-1.051968686150831292e-02
3.999999999999999819e-06	-1.049647786234001248e-02
4.999999999999999562e-06	-1.046622068475958761e-02
6.000000000000000152e-06	-1.042908386731646736e-02
6.999999999999999895e-06	-1.038523594856009119e-02
7.999999999999999638e-06	-1.033484546703988816e-02
9.000000000000000228e-06	-1.027808096130529945e-02
9.999999999999999124e-06	-1.021511096990575414e-02
1.099999999999999971e-05	-1.014610403139068473e-02
1.200000000000000030e-05	-1.007122868430952722e-02
1.299999999999999920e-05	-9.990653467211724550e-03
1.399999999999999979e-05	-9.904546918646697090e-03
1.499999999999999869e-05	-9.813077577163886039e-03
1.599999999999999928e-05	-9.716413981312729126e-03
1.699999999999999987e-05	-9.614724669642655402e-03
1.800000000000000046e-05	-9.508178180703099128e-03
1.899999999999999766e-05	-9.396943053043494559e-03
1.999999999999999825e-05	-9.281187825213277690e-03
2.099999999999999884e-05	-9.161081035761881042e-03
2.199999999999999943e-05	-9.036791223238744078e-03
2.300000000000000002e-05	-8.908486926193290648e-03
2.400000000000000061e-05	-8.776336683174968886e-03
2.499999999999999781e-05	-8.640509032733206113e-03
2.599999999999999840e-05	-8.501172513417429646e-03
2.699999999999999899e-05	-8.358495663777082418e-03
2.799999999999999958e-05	-8.212647022361600421e-03
2.900000000000000017e-05	-8.063795127720407505e-03
2.999999999999999737e-05	-7.912108518402948334e-03
3.100000000000000135e-05	-7.757755732958656301e-03
3.199999999999999855e-05	-7.600905309936954388e-03
3.299999999999999575e-05	-7.441725787887294198e-03
3.399999999999999973e-05	-7.280385705359095246e-03
3.499999999999999693e-05	-7.117053600901798727e-03
3.600000000000000091e-05	-6.951898013064837165e-03
3.699999999999999811e-05	-6.785087480397647419e-03
3.799999999999999532e-05	-6.616790541449658544e-03
3.899999999999999929e-05	-6.447175734770308267e-03
3.999999999999999650e-05	-6.276411598909034315e-03
4.100000000000000047e-05	-6.104666672415258802e-03
4.199999999999999768e-05	-5.932109493838435069e-03
4.299999999999999488e-05	-5.758908601727980893e-03
4.399999999999999886e-05	-5.585232534633337471e-03
4.499999999999999606e-05	-5.411249831103935592e-03
4.600000000000000004e-05	-5.237129029689214718e-03
4.699999999999999724e-05	-5.063038668938603902e-03
4.800000000000000122e-05	-4.889147287401540004e-03
4.899999999999999842e-05	-4.715623423627460752e-03
4.999999999999999562e-05	-4.542635616165793463e-03
5.099999999999999960e-05	-4.370352403565974132e-03
5.199999999999999680e-05	-4.198942324377438751e-03
5.300000000000000078e-05	-4.028573917149623311e-03
5.399999999999999798e-05	-3.859415720431958602e-03
5.499999999999999518e-05	-3.691636272773882784e-03
5.599999999999999916e-05	-3.525374967146144376e-03
5.699999999999999636e-05	-3.360654614204797511e-03
5.800000000000000034e-05	-3.197468879027201040e-03
5.899999999999999754e-05	-3.035811426690726393e-03
5.999999999999999474e-05	-2.875675922272733290e-03
6.099999999999999872e-05	-2.717056030850588388e-03
6.200000000000000270e-05	-2.559945417501663118e-03
6.299999999999999990e-05	-2.404337747303317632e-03
6.399999999999999710e-05	-2.250226685332922926e-03
6.499999999999999431e-05	-2.097605896667838719e-03
6.599999999999999151e-05	-1.946469046385438609e-03
6.700000000000000226e-05	-1.796809799563079280e-03
6.799999999999999946e-05	-1.648621821278134329e-03
6.899999999999999667e-05	-1.501898776607968897e-03
6.999999999999999387e-05	-1.356634330629945089e-03
7.099999999999999107e-05	-1.212822148421429562e-03
7.200000000000000182e-05	-1.070455895059788326e-03
7.299999999999999903e-05	-9.295292356223933518e-04
7.399999999999999623e-05	-7.900358351866008889e-04
7.499999999999999343e-05	-6.519693588297861614e-04
7.599999999999999063e-05	-5.153234716293047689e-04
7.700000000000000139e-05	-3.800918386625310678e-04
7.799999999999999859e-05	-2.462681250068283556e-04
7.899999999999999579e-05	-1.138459957395625592e-04
7.999999999999999299e-05	1.718088406189966313e-05
8.099999999999999019e-05	1.468188493201942277e-04
8.200000000000000095e-05	2.750742349579554788e-04
8.299999999999999815e-05	4.019533758978172458e-04
8.399999999999999535e-05	5.274626070624095905e-04
8.499999999999999255e-05	6.516082633743709501e-04
8.599999999999998976e-05	7.743966797563319555e-04
8.700000000000000051e-05	8.958341911309337545e-04
8.799999999999999771e-05	1.015927132420802858e-03
8.899999999999999491e-05	1.134681838548575643e-03
8.999999999999999212e-05	1.252104644436886644e-03
9.099999999999998932e-05	1.368201885008371588e-03
9.200000000000000007e-05	1.482979895185664249e-03
9.299999999999999727e-05	1.596445009891392548e-03
9.399999999999999448e-05	1.708603564048196549e-03
9.499999999999999168e-05	1.819461892578708943e-03
9.600000000000000243e-05	1.929026330405568491e-03
9.699999999999999963e-05	2.037303212451401814e-03
9.799999999999999684e-05	2.144298873638845072e-03
9.899999999999999404e-05	2.250019648890533557e-03
9.999999999999999124e-05	2.354471873129101913e-03
1.010000000000000020e-04	2.457661881277185215e-03
1.019999999999999992e-04	2.559596008257412902e-03
1.029999999999999964e-04	2.660280588992421352e-03
1.039999999999999936e-04	2.759721958404846506e-03
1.049999999999999908e-04	2.857926451417322142e-03
1.060000000000000016e-04	2.954900402952480732e-03
1.069999999999999988e-04	3.050650147932957353e-03
1.079999999999999960e-04	3.145182021281383179e-03
1.089999999999999932e-04	3.238502357920396754e-03
1.099999999999999904e-04	3.330617492772630119e-03
1.110000000000000011e-04	3.421533760760719217e-03
1.119999999999999983e-04	3.511257496807294355e-03
1.129999999999999955e-04	3.599795035834989741e-03
1.139999999999999927e-04	3.687152712766444788e-03
1.149999999999999899e-04	3.773336862524289369e-03
1.160000000000000007e-04	3.858353820031158125e-03
1.169999999999999979e-04	3.942209920209683964e-03
1.179999999999999951e-04	4.024911497982504131e-03
1.189999999999999923e-04	4.106464888272249800e-03
1.199999999999999895e-04	4.186876426001558647e-03
1.210000000000000002e-04	4.266152446093059679e-03
1.219999999999999974e-04	4.344299283469388838e-03
1.229999999999999811e-04	4.421323273053182935e-03
1.240000000000000054e-04	4.497230749767076180e-03
1.250000000000000026e-04	4.572028048533697576e-03
1.259999999999999998e-04	4.645721504275685670e-03
1.269999999999999970e-04	4.718317451915673803e-03
1.279999999999999942e-04	4.789822226376292715e-03
1.289999999999999914e-04	4.860242162580180082e-03
1.299999999999999886e-04	4.929583595449966646e-03
1.309999999999999858e-04	4.997852859908293553e-03
1.319999999999999830e-04	5.065056290877788074e-03
1.330000000000000073e-04	5.131200223281089622e-03
1.340000000000000045e-04	5.196290992040824598e-03
1.350000000000000017e-04	5.260334932079631549e-03
1.359999999999999989e-04	5.323338378320147286e-03
1.369999999999999961e-04	5.385307665685003416e-03
1.379999999999999933e-04	5.446249129096834146e-03
1.389999999999999905e-04	5.506169103478271952e-03
1.399999999999999877e-04	5.565073923751951909e-03
1.409999999999999849e-04	5.622969924840505625e-03
1.419999999999999821e-04	5.679863441666575113e-03
1.430000000000000064e-04	5.735760809152788513e-03
1.440000000000000036e-04	5.790668362221776562e-03
1.450000000000000009e-04	5.844592435796184746e-03
1.459999999999999981e-04	5.897539364798635129e-03
1.469999999999999953e-04	5.949515484151764524e-03
1.479999999999999925e-04	6.000527128778211476e-03
1.489999999999999897e-04	6.050580633600607591e-03
1.499999999999999869e-04	6.099682333541587946e-03
1.509999999999999841e-04	6.147838563523785882e-03
1.519999999999999813e-04	6.195055658469833006e-03
1.530000000000000056e-04	6.241339953302367863e-03
1.540000000000000028e-04	6.286697782944022060e-03
1.550000000000000000e-04	6.331135482317428072e-03
1.559999999999999972e-04	6.374659386345225311e-03
1.569999999999999944e-04	6.417275829950042781e-03
1.579999999999999916e-04	6.458991148054516428e-03
1.589999999999999888e-04	6.499811675581278723e-03
1.599999999999999860e-04	6.539743747452966480e-03
1.609999999999999832e-04	6.578793698592212170e-03
1.619999999999999804e-04	6.616967863921649137e-03
1.630000000000000047e-04	6.654272578363917660e-03
1.640000000000000019e-04	6.690714176841641540e-03
1.649999999999999991e-04	6.726298994277460190e-03
1.659999999999999963e-04	6.761033365594009553e-03
1.669999999999999935e-04	6.794923625713921236e-03
1.679999999999999907e-04	6.827976109559828581e-03
1.689999999999999879e-04	6.860197152054366664e-03
1.699999999999999851e-04	6.891593088120172295e-03
1.709999999999999823e-04	6.922170252679876214e-03
1.719999999999999795e-04	6.951934980656113497e-03
1.730000000000000038e-04	6.980893606971517486e-03
1.740000000000000010e-04	7.009052466548721522e-03
1.749999999999999982e-04	7.036417894310359814e-03
1.759999999999999954e-04	7.062996225179073509e-03
1.769999999999999926e-04	7.088793794077487276e-03
1.779999999999999898e-04	7.113816935928238792e-03
1.789999999999999870e-04	7.138071985653961400e-03
1.799999999999999842e-04	7.161565278177290175e-03
1.809999999999999814e-04	7.184303148420860194e-03
1.819999999999999786e-04	7.206291931307303930e-03
1.830000000000000029e-04	7.227537961759256460e-03
1.840000000000000001e-04	7.248047574699345054e-03
1.849999999999999973e-04	7.267827105050216931e-03
1.859999999999999945e-04	7.286882887734497626e-03
1.869999999999999917e-04	7.305221257674823082e-03
1.879999999999999890e-04	7.322848549793825775e-03
1.889999999999999862e-04	7.339771099014144248e-03
1.899999999999999834e-04	7.355995240258405773e-03
1.909999999999999806e-04	7.371527308449250630e-03
1.920000000000000049e-04	7.386373638509311293e-03
1.930000000000000021e-04	7.400540565361216766e-03
1.939999999999999993e-04	7.414034423927610799e-03
1.949999999999999965e-04	7.426861549131113724e-03
1.959999999999999937e-04	7.439028275894375361e-03
1.969999999999999909e-04	7.450540939140017777e-03
1.979999999999999881e-04	7.461405873790682118e-03
1.989999999999999853e-04	7.471629414769001727e-03
1.999999999999999825e-04	7.481217896997606476e-03
2.009999999999999797e-04	7.490177655399132307e-03
2.020000000000000040e-04	7.498515024896215166e-03
2.030000000000000012e-04	7.506236340411486657e-03
2.039999999999999984e-04	7.513347936867584460e-03
2.049999999999999956e-04	7.519856149187140182e-03
2.059999999999999928e-04	7.525767312292783694e-03
2.069999999999999900e-04	7.531087761107160480e-03
2.079999999999999872e-04	7.535823830552893475e-03
2.089999999999999844e-04	7.539981855552617754e-03
2.099999999999999816e-04	7.543568171028972730e-03
2.109999999999999788e-04	7.546589111904590877e-03
2.120000000000000031e-04	7.549051013102109006e-03
2.130000000000000003e-04	7.550960209544153520e-03
2.139999999999999975e-04	7.552323036153364699e-03
2.149999999999999947e-04	7.553145827852373283e-03
2.159999999999999919e-04	7.553434919563814347e-03
2.169999999999999891e-04	7.553196646210325570e-03
2.179999999999999863e-04	7.552437342714536823e-03
2.189999999999999835e-04	7.551163343999080582e-03
2.199999999999999807e-04	7.549380984986597994e-03
2.209999999999999779e-04	7.547096600599715460e-03
2.220000000000000022e-04	7.544316525761070660e-03
2.229999999999999994e-04	7.541047095393302140e-03
2.239999999999999966e-04	7.537294644419031964e-03
2.249999999999999938e-04	7.533065507760909954e-03
2.259999999999999910e-04	7.528366020341553840e-03
2.269999999999999882e-04	7.523202517083609105e-03
2.279999999999999854e-04	7.517581332909704754e-03
2.289999999999999826e-04	7.511508802742477599e-03
2.299999999999999799e-04	7.504991261504560980e-03
2.309999999999999771e-04	7.498035044118589107e-03
2.320000000000000014e-04	7.490646485507194453e-03
2.329999999999999986e-04	7.482831920593011228e-03
2.339999999999999958e-04	7.474597684298676242e-03
2.349999999999999930e-04	7.465950111546821970e-03
2.359999999999999902e-04	7.456895537260081752e-03
2.369999999999999874e-04	7.447440296361089798e-03
2.379999999999999846e-04	7.437590723772484654e-03
2.389999999999999818e-04	7.427353154416889251e-03
2.399999999999999790e-04	7.416733923216951678e-03
2.409999999999999762e-04	7.405739365095293132e-03
2.420000000000000005e-04	7.394375814974556496e-03
2.429999999999999977e-04	7.382649607777377714e-03
2.439999999999999949e-04	7.370567078426380585e-03
2.449999999999999921e-04	7.358134561844206258e-03
2.459999999999999622e-04	7.345358392953489808e-03
2.469999999999999865e-04	7.332244906676857639e-03
2.480000000000000108e-04	7.318800437936955235e-03
2.489999999999999809e-04	7.305031321656407263e-03
2.500000000000000052e-04	7.290943892757849668e-03
2.509999999999999753e-04	7.276544486163922729e-03
2.519999999999999996e-04	7.261839436797251982e-03
2.529999999999999697e-04	7.246835079580477706e-03
2.539999999999999940e-04	7.231537749436229776e-03
2.549999999999999641e-04	7.215953781287144132e-03
2.559999999999999884e-04	7.200089510055858455e-03
2.570000000000000127e-04	7.183951270664997411e-03
2.579999999999999828e-04	7.167545398037205619e-03
2.590000000000000071e-04	7.150878227095110347e-03
2.599999999999999772e-04	7.133956092761348407e-03
2.610000000000000015e-04	7.116785329958555742e-03
2.619999999999999716e-04	7.099372273609358755e-03
2.629999999999999959e-04	7.081723258636398594e-03
2.639999999999999660e-04	7.063844619962312936e-03
2.649999999999999903e-04	7.045742692509722113e-03
2.660000000000000146e-04	7.027423811201275079e-03
2.669999999999999847e-04	7.008894310959595635e-03
2.680000000000000090e-04	6.990160526707322325e-03
2.689999999999999791e-04	6.971228793367090226e-03
2.700000000000000035e-04	6.952105445861528343e-03
2.709999999999999735e-04	6.932796819113276957e-03
2.719999999999999979e-04	6.913309248044967673e-03
2.729999999999999680e-04	6.893649067579230363e-03
2.739999999999999923e-04	6.873822612638708779e-03
2.749999999999999624e-04	6.853836218146025852e-03
2.759999999999999867e-04	6.833696219023824465e-03
2.770000000000000110e-04	6.813408950194731889e-03
2.779999999999999811e-04	6.792980746581390138e-03
2.790000000000000054e-04	6.772417943106426481e-03
2.799999999999999755e-04	6.751726874692477731e-03
2.809999999999999998e-04	6.730913876262175494e-03
2.819999999999999699e-04	6.709985282738160049e-03
2.829999999999999942e-04	6.688947429043054331e-03
2.839999999999999643e-04	6.667806650099507293e-03
2.849999999999999886e-04	6.646569280830141001e-03
2.860000000000000129e-04	6.625241656157595735e-03
2.869999999999999830e-04	6.603830111004502235e-03
2.880000000000000073e-04	6.582340980293494709e-03
2.889999999999999774e-04	6.560780598947209101e-03
2.900000000000000017e-04	6.539155301888278753e-03
2.909999999999999718e-04	6.517471424039339607e-03
2.919999999999999961e-04	6.495735300323019802e-03
2.929999999999999662e-04	6.473953265661962220e-03
2.939999999999999905e-04	6.452131654978794997e-03
2.949999999999999606e-04	6.430276803196152344e-03
2.959999999999999849e-04	6.408394058324356178e-03
2.970000000000000092e-04	6.386484820724464516e-03
2.979999999999999793e-04	6.364549503845223083e-03
2.990000000000000036e-04	6.342588521135378472e-03
2.999999999999999737e-04	6.320602286043677277e-03
3.009999999999999980e-04	6.298591212018863489e-03
3.019999999999999681e-04	6.276555712509682833e-03
3.029999999999999924e-04	6.254496200964881035e-03
3.039999999999999625e-04	6.232413090833204689e-03
3.049999999999999868e-04	6.210306795563398652e-03
3.060000000000000111e-04	6.188177728604206916e-03
3.069999999999999812e-04	6.166026303404379544e-03
3.080000000000000055e-04	6.143852933412656189e-03
3.089999999999999756e-04	6.121658032077788650e-03
3.099999999999999999e-04	6.099442012848515712e-03
3.109999999999999700e-04	6.077205289173589174e-03
3.119999999999999944e-04	6.054948274501752159e-03
3.129999999999999644e-04	6.032671382281752127e-03
3.139999999999999888e-04	6.010375025962329601e-03
3.149999999999999589e-04	5.988059618992234642e-03
3.159999999999999832e-04	5.965725574820210375e-03
3.170000000000000075e-04	5.943373306895005127e-03
3.179999999999999776e-04	5.921003228665362890e-03
3.190000000000000019e-04	5.898615753580028521e-03
3.199999999999999720e-04	5.876211295087750350e-03
3.209999999999999963e-04	5.853790266637269764e-03
3.219999999999999664e-04	5.831353081677337694e-03
3.229999999999999907e-04	5.808900153656693793e-03
3.239999999999999608e-04	5.786431896024089860e-03
3.249999999999999851e-04	5.763948722228265549e-03
3.260000000000000094e-04	5.741451045717970922e-03
3.269999999999999795e-04	5.718939279941949970e-03
3.280000000000000038e-04	5.696413838348946684e-03
3.289999999999999739e-04	5.673875134387710260e-03
3.299999999999999982e-04	5.651323581506982087e-03
3.309999999999999683e-04	5.628759593155513961e-03
3.319999999999999926e-04	5.606183582782043803e-03
3.329999999999999627e-04	5.583595963835321675e-03
3.339999999999999870e-04	5.560997149764092436e-03
3.350000000000000113e-04	5.538387554017100943e-03
3.359999999999999814e-04	5.515767590043096393e-03
3.370000000000000057e-04	5.493137671290818438e-03
3.379999999999999758e-04	5.470498211209018011e-03
3.390000000000000001e-04	5.447849623246437366e-03
3.399999999999999702e-04	5.425192320851823964e-03
3.409999999999999945e-04	5.402526717473922664e-03
3.419999999999999646e-04	5.379853226561478324e-03
3.429999999999999889e-04	5.357172261563239272e-03
3.439999999999999590e-04	5.334484235927946898e-03
3.449999999999999833e-04	5.311789563104351262e-03
3.460000000000000076e-04	5.289088656541192889e-03
3.469999999999999777e-04	5.266381929687223573e-03
3.480000000000000020e-04	5.243669795991182971e-03
3.489999999999999721e-04	5.220952668901820276e-03
3.499999999999999964e-04	5.198230961867880348e-03
3.509999999999999665e-04	5.175505088338108912e-03
3.519999999999999908e-04	5.152775461761250828e-03
3.529999999999999609e-04	5.130042495586053554e-03
3.539999999999999853e-04	5.107306603261259348e-03
3.550000000000000096e-04	5.084568198235617405e-03
3.559999999999999797e-04	5.061827693957870848e-03
3.570000000000000040e-04	5.039085503876766271e-03
3.579999999999999741e-04	5.016342041441048533e-03
3.589999999999999984e-04	4.993597720099465093e-03
3.599999999999999685e-04	4.970852953300759942e-03
3.609999999999999928e-04	4.948108154493678808e-03
3.619999999999999629e-04	4.925363737126967414e-03
3.629999999999999872e-04	4.902620114649371488e-03
3.639999999999999573e-04	4.879877700509637622e-03
3.649999999999999816e-04	4.857136908156510675e-03
3.660000000000000059e-04	4.834398151038732903e-03
3.669999999999999760e-04	4.811661842605056971e-03
3.680000000000000003e-04	4.788928396304222533e-03
3.689999999999999704e-04	4.766198225584978784e-03
3.699999999999999947e-04	4.743471743896067981e-03
3.709999999999999648e-04	4.720749364686239319e-03
3.719999999999999891e-04	4.698031501404234186e-03
3.729999999999999592e-04	4.675318567498803514e-03
3.739999999999999835e-04	4.652610976418687823e-03
3.750000000000000078e-04	4.629909141612635441e-03
3.759999999999999779e-04	4.607213476529392962e-03
3.770000000000000022e-04	4.584524394617703509e-03
3.779999999999999723e-04	4.561842309326311941e-03
3.789999999999999966e-04	4.539167634103966585e-03
3.799999999999999667e-04	4.516500782399414902e-03
3.809999999999999910e-04	4.493842167661395680e-03
3.819999999999999611e-04	4.471192203338660714e-03
3.829999999999999854e-04	4.448551302879952263e-03
3.840000000000000097e-04	4.425919879734016051e-03
3.849999999999999798e-04	4.403298347349602140e-03
3.860000000000000041e-04	4.380687119175451921e-03
3.869999999999999742e-04	4.358086608660310252e-03
3.879999999999999985e-04	4.335497229252923725e-03
3.889999999999999686e-04	4.312919394402041535e-03
3.899999999999999929e-04	4.290353517556403339e-03
3.909999999999999630e-04	4.267800012164760064e-03
3.919999999999999873e-04	4.245259291675853100e-03
3.929999999999999574e-04	4.222731769538430775e-03
3.939999999999999817e-04	4.200217859201236213e-03
3.950000000000000061e-04	4.177717974113016007e-03
3.959999999999999762e-04	4.155232527722521087e-03
3.970000000000000005e-04	4.132761933478487637e-03
3.979999999999999706e-04	4.110306604829668323e-03
3.989999999999999949e-04	4.087866955224806267e-03
3.999999999999999650e-04	4.065443398112646330e-03
4.009999999999999893e-04	4.043036346941934235e-03
4.019999999999999594e-04	4.020646215161419179e-03
4.029999999999999837e-04	3.998273416219839949e-03
4.040000000000000080e-04	3.975918363565949208e-03
4.049999999999999781e-04	3.953581470648488347e-03
4.060000000000000024e-04	3.931263150916204825e-03
4.069999999999999725e-04	3.908963817817842634e-03
4.079999999999999968e-04	3.886683884802148367e-03
4.089999999999999669e-04	3.864423765317869484e-03
4.099999999999999912e-04	3.842183872813747809e-03
4.109999999999999613e-04	3.819964620738531668e-03
4.119999999999999856e-04	3.797766422540963752e-03
4.129999999999999557e-04	3.775589691669793690e-03
4.139999999999999800e-04	3.753434841573764606e-03
4.150000000000000043e-04	3.731302285701620924e-03
4.159999999999999744e-04	3.709192437502113141e-03
4.169999999999999987e-04	3.687105710423981345e-03
4.179999999999999688e-04	3.665042517915974730e-03
4.189999999999999931e-04	3.643003273426838155e-03
4.199999999999999632e-04	3.620988390405314745e-03
4.209999999999999875e-04	3.598998282300152392e-03
4.219999999999999576e-04	3.577033362560098559e-03
4.229999999999999819e-04	3.555094044633894633e-03
4.240000000000000062e-04	3.533180741970288509e-03
4.249999999999999763e-04	3.511293868018026780e-03
4.260000000000000006e-04	3.489433836225853004e-03
4.269999999999999707e-04	3.467601060042514206e-03
4.279999999999999950e-04	3.445795952916753512e-03
4.289999999999999651e-04	3.424018928297320116e-03
4.299999999999999894e-04	3.402270399632956275e-03
4.309999999999999595e-04	3.380550780372411617e-03
4.319999999999999838e-04	3.358860483964428833e-03
4.329999999999999539e-04	3.337199923857752781e-03
4.339999999999999782e-04	3.315569513501130921e-03
4.350000000000000026e-04	3.293969666343307678e-03
4.359999999999999726e-04	3.272400795833030947e-03
4.369999999999999970e-04	3.250863315419043852e-03
4.379999999999999671e-04	3.229357638550092117e-03
4.389999999999999914e-04	3.207884178674922336e-03
4.399999999999999615e-04	3.186443349242280669e-03
4.409999999999999858e-04	3.165035563700911107e-03
4.419999999999999559e-04	3.143661235499560676e-03
4.429999999999999802e-04	3.122320778086974235e-03
4.440000000000000045e-04	3.101014604911895775e-03
4.449999999999999746e-04	3.079743129423074925e-03
4.459999999999999989e-04	3.058506765069253508e-03
4.469999999999999690e-04	3.037305925299180719e-03
4.479999999999999933e-04	3.016141023561597512e-03
4.489999999999999634e-04	2.995012473305253952e-03
4.499999999999999877e-04	2.973920687978892727e-03
4.509999999999999578e-04	2.952866081031261299e-03
4.519999999999999821e-04	2.931849065911103225e-03
4.530000000000000064e-04	2.910870056067165531e-03
4.539999999999999765e-04	2.889929464948194377e-03
4.550000000000000008e-04	2.869027706002933754e-03
4.559999999999999709e-04	2.848165192680131557e-03
4.569999999999999952e-04	2.827342338428530041e-03
4.579999999999999653e-04	2.806559556696878836e-03
4.589999999999999896e-04	2.785817260933918897e-03
4.599999999999999597e-04	2.765115864588400720e-03
4.609999999999999840e-04	2.744455781109066562e-03
4.619999999999999541e-04	2.723837423944663882e-03
4.629999999999999784e-04	2.703261206543935806e-03
4.640000000000000027e-04	2.682727542355630660e-03
4.649999999999999728e-04	2.662236844828493737e-03
4.659999999999999971e-04	2.641789527411267727e-03
4.669999999999999672e-04	2.621386003552703126e-03
4.679999999999999915e-04	2.601026686701540021e-03
4.689999999999999616e-04	2.580711990306528477e-03
4.699999999999999859e-04	2.560442327816411616e-03
4.709999999999999560e-04	2.540218112679937766e-03
4.719999999999999803e-04	2.520039758345847449e-03
4.730000000000000046e-04	2.499907678262891595e-03
4.739999999999999747e-04	2.479822285879814195e-03
4.749999999999999990e-04	2.459783994645358806e-03
4.759999999999999691e-04	2.439793218008273323e-03
4.769999999999999934e-04	2.419850369417301736e-03
4.779999999999999635e-04	2.399955862321192374e-03
4.789999999999999879e-04	2.380110110168687058e-03
4.799999999999999580e-04	2.360313526408534986e-03
4.809999999999999823e-04	2.340566524489478412e-03
4.819999999999999524e-04	2.320869517860266098e-03
4.829999999999999767e-04	2.301222919969640734e-03
4.840000000000000010e-04	2.281627144266349782e-03
4.849999999999999711e-04	2.262082604199139400e-03
4.859999999999999954e-04	2.242589713216753145e-03
4.869999999999999655e-04	2.223148884767938479e-03
4.879999999999999898e-04	2.203760532301439826e-03
4.889999999999999599e-04	2.184425069266004212e-03
4.899999999999999842e-04	2.165142909110375630e-03
4.910000000000000085e-04	2.145914465283298503e-03
4.919999999999999244e-04	2.126740151233523328e-03
4.929999999999999487e-04	2.107620380409791494e-03
4.939999999999999730e-04	2.088555566260848293e-03
4.949999999999999973e-04	2.069546122235441186e-03
4.960000000000000216e-04	2.050592461782315464e-03
4.969999999999999375e-04	2.031694998350218589e-03
4.979999999999999618e-04	2.012854145387892382e-03
4.989999999999999861e-04	1.994070316344084739e-03
5.000000000000000104e-04	1.975343924667540083e-03
5.009999999999999263e-04	1.956675383807007611e-03
5.019999999999999506e-04	1.938065107211226759e-03
5.029999999999999749e-04	1.919513508328947590e-03
5.039999999999999992e-04	1.901021000608913878e-03
5.050000000000000235e-04	1.882587997499872217e-03
5.059999999999999394e-04	1.864214912450569851e-03
5.069999999999999637e-04	1.845902158909748601e-03
5.079999999999999880e-04	1.827650150326155928e-03
5.090000000000000123e-04	1.809459300148536908e-03
5.099999999999999282e-04	1.791330021825640302e-03
5.109999999999999525e-04	1.773262728806207066e-03
5.119999999999999768e-04	1.755257834538984660e-03
5.130000000000000011e-04	1.737315752472718810e-03
5.140000000000000254e-04	1.719436896056154808e-03
5.149999999999999413e-04	1.701621678738041415e-03
5.159999999999999656e-04	1.683870513967118936e-03
5.169999999999999899e-04	1.666183815192136134e-03
5.180000000000000143e-04	1.648561995861837649e-03
5.189999999999999301e-04	1.631005469424970725e-03
5.199999999999999544e-04	1.613514649330278486e-03
5.209999999999999788e-04	1.596089949026508175e-03
5.220000000000000031e-04	1.578731781962404001e-03
5.230000000000000274e-04	1.561440561586712773e-03
5.239999999999999433e-04	1.544216701348181953e-03
5.249999999999999676e-04	1.527060614695552928e-03
5.259999999999999919e-04	1.509972715077573810e-03
5.270000000000000162e-04	1.492953415942989241e-03
5.279999999999999321e-04	1.476003130740547549e-03
5.289999999999999564e-04	1.459122272918990338e-03
5.299999999999999807e-04	1.442311255927064854e-03
5.310000000000000050e-04	1.425570493213517255e-03
5.320000000000000293e-04	1.408900398227091967e-03
5.329999999999999452e-04	1.392301384416538401e-03
5.339999999999999695e-04	1.375773865230596861e-03
5.349999999999999938e-04	1.359318254118015677e-03
5.360000000000000181e-04	1.342934964527539706e-03
5.369999999999999340e-04	1.326624409907917060e-03
5.379999999999999583e-04	1.310387003707888911e-03
5.389999999999999826e-04	1.294223159376204019e-03
5.400000000000000069e-04	1.278133290361606377e-03
5.409999999999999228e-04	1.262117810112843878e-03
5.419999999999999471e-04	1.246177132078659863e-03
5.429999999999999714e-04	1.230311669707799625e-03
5.439999999999999957e-04	1.214521836449010189e-03
5.450000000000000200e-04	1.198808045751036631e-03
5.459999999999999359e-04	1.183170711062627497e-03
5.469999999999999602e-04	1.167610245832523090e-03
5.479999999999999845e-04	1.152127063509471305e-03
5.490000000000000088e-04	1.136721577542218302e-03
5.499999999999999247e-04	1.121394201379510890e-03
5.509999999999999490e-04	1.106145348470092193e-03
5.519999999999999733e-04	1.090975432262708154e-03
5.529999999999999976e-04	1.075884866206105366e-03
5.540000000000000219e-04	1.060874063749028687e-03
5.549999999999999378e-04	1.045943438340226229e-03
5.559999999999999621e-04	1.031093403428439814e-03
5.569999999999999864e-04	1.016324372462415818e-03
5.580000000000000107e-04	1.001636758890901919e-03
5.589999999999999266e-04	9.870309761626438420e-04
5.599999999999999509e-04	9.725074377263839527e-04
5.609999999999999752e-04	9.580665570308701450e-04
5.619999999999999996e-04	9.437087475248481447e-04
5.630000000000000239e-04	9.294344226570625932e-04
5.639999999999999397e-04	9.152439958762612765e-04
5.649999999999999641e-04	9.011378806311864508e-04
5.659999999999999884e-04	8.871164903705863356e-04
5.670000000000000127e-04	8.731802385432045968e-04
5.679999999999999286e-04	8.593295385977895622e-04
5.689999999999999529e-04	8.455648039830839218e-04
5.699999999999999772e-04	8.318864481478345941e-04
5.710000000000000015e-04	8.182948845407867627e-04
5.720000000000000258e-04	8.047905266106865872e-04
5.729999999999999417e-04	7.913737878062808775e-04
5.739999999999999660e-04	7.780450815763121069e-04
5.749999999999999903e-04	7.648048213695281695e-04
5.760000000000000146e-04	7.516534206346739237e-04
5.769999999999999305e-04	7.385912928204962881e-04
5.779999999999999548e-04	7.256188513757387114e-04
5.789999999999999791e-04	7.127365097491475702e-04
5.800000000000000034e-04	6.999446813894688070e-04
5.810000000000000277e-04	6.872437797454480392e-04
5.819999999999999436e-04	6.746342182658322936e-04
5.829999999999999679e-04	6.621164103993640434e-04
5.839999999999999922e-04	6.496907695947906408e-04
5.850000000000000165e-04	6.373577093008574862e-04
5.859999999999999324e-04	6.251176429663118234e-04
5.869999999999999567e-04	6.129709840398963423e-04
5.879999999999999810e-04	6.009181459703580698e-04
5.890000000000000053e-04	5.889595422064424065e-04
5.899999999999999212e-04	5.770955861968964876e-04
5.909999999999999455e-04	5.653266913904634369e-04
5.919999999999999698e-04	5.536532712358898474e-04
5.929999999999999941e-04	5.420757391819216618e-04
5.940000000000000184e-04	5.305945086773039554e-04
5.949999999999999343e-04	5.192099931707841887e-04
5.959999999999999586e-04	5.079226061111049434e-04
5.969999999999999829e-04	4.967327609470132462e-04
5.980000000000000072e-04	4.856408711272552025e-04
5.989999999999999231e-04	4.746473501005768090e-04
5.999999999999999474e-04	4.637526113157219485e-04
6.009999999999999717e-04	4.529570682214371057e-04
6.019999999999999961e-04	4.422611342664682231e-04
6.030000000000000204e-04	4.316652228995602678e-04
6.039999999999999362e-04	4.211697475694601038e-04
6.049999999999999606e-04	4.107751217249113970e-04
6.059999999999999849e-04	4.004817588146613368e-04
6.070000000000000092e-04	3.902900722874542939e-04
6.079999999999999251e-04	3.802004755920382166e-04
6.089999999999999494e-04	3.702133821771560660e-04
6.099999999999999737e-04	3.603292054915540558e-04
6.109999999999999980e-04	3.505483589839781828e-04
6.120000000000000223e-04	3.408712561031737934e-04
6.129999999999999382e-04	3.312983102978885649e-04
6.139999999999999625e-04	3.218299350168646452e-04
6.149999999999999868e-04	3.124665437088497118e-04
6.160000000000000111e-04	3.032085498225886772e-04
6.169999999999999270e-04	2.940563668068287310e-04
6.179999999999999513e-04	2.850104081103126716e-04
6.189999999999999756e-04	2.760710871817879052e-04
6.199999999999999999e-04	2.672388174699996156e-04
6.210000000000000242e-04	2.585140124236941792e-04
6.219999999999999401e-04	2.498970854916164543e-04
6.229999999999999644e-04	2.413884501225117330e-04
6.239999999999999887e-04	2.329885197651260665e-04
6.250000000000000130e-04	2.246977078682049365e-04
6.259999999999999289e-04	2.165164278804951260e-04
6.269999999999999532e-04	2.084450932507403008e-04
6.279999999999999775e-04	2.004841174276868914e-04
6.290000000000000018e-04	1.926339138600805423e-04
6.299999999999999177e-04	1.848948959966676569e-04
6.309999999999999420e-04	1.772674772861921992e-04
6.319999999999999663e-04	1.697520711774006268e-04
6.329999999999999906e-04	1.623490911190385842e-04
6.340000000000000149e-04	1.550589505598517430e-04
6.349999999999999308e-04	1.478820629485863439e-04
6.359999999999999551e-04	1.408188417339864594e-04
6.369999999999999794e-04	1.338697003647986827e-04
6.380000000000000037e-04	1.270350522897681161e-04
6.389999999999999196e-04	1.203153109576416779e-04
6.399999999999999439e-04	1.137108898171633323e-04
6.409999999999999682e-04	1.072222023170790761e-04
6.419999999999999925e-04	1.008496619061349331e-04
6.430000000000000169e-04	9.459368203307616844e-05
6.439999999999999327e-04	8.845467614664951077e-05
6.449999999999999570e-04	8.243305769559905959e-05
6.459999999999999814e-04	7.652924012867075754e-05
6.470000000000000057e-04	7.074363689461052014e-05
6.479999999999999215e-04	6.507666144216464241e-05
6.489999999999999459e-04	5.952872722007711542e-05
6.499999999999999702e-04	5.410024767709469494e-05
6.509999999999999945e-04	4.879163626196256470e-05
6.520000000000000188e-04	4.360330642342636915e-05
6.529999999999999347e-04	3.853567161023267436e-05
6.539999999999999590e-04	3.358914527112557983e-05
6.549999999999999833e-04	2.876414085485119081e-05
6.560000000000000076e-04	2.406107181015542285e-05
6.569999999999999235e-04	1.948035158578421857e-05
6.579999999999999478e-04	1.502239363048200275e-05
6.589999999999999721e-04	1.068761139299544984e-05
6.599999999999999964e-04	6.476418322069336974e-06
6.610000000000000207e-04	2.389227866450203096e-06
6.619999999999999366e-04	-1.573546525116605466e-06
6.629999999999999609e-04	-5.411491403886176067e-06
6.639999999999999852e-04	-9.124193321112267913e-06
6.650000000000000095e-04	-1.271123882804948047e-05
6.659999999999999254e-04	-1.617221447595176267e-05
6.669999999999999497e-04	-1.950670681607441872e-05
6.679999999999999740e-04	-2.271430239967123493e-05
6.689999999999999983e-04	-2.579458777799656681e-05
6.700000000000000226e-04	-2.874714950230495961e-05
6.709999999999999385e-04	-3.157157412385055203e-05
6.719999999999999628e-04	-3.426744819388816035e-05
6.729999999999999871e-04	-3.683435826367205878e-05
6.740000000000000114e-04	-3.927189088445649442e-05
6.749999999999999273e-04	-4.157963260749557885e-05
6.759999999999999516e-04	-4.375716998404437230e-05
6.769999999999999759e-04	-4.580408956535706767e-05
6.780000000000000002e-04	-4.771997790268780364e-05
6.789999999999999161e-04	-4.950442154729101703e-05
6.799999999999999404e-04	-5.115700705042128022e-05
6.809999999999999647e-04	-5.267732096333289449e-05
6.819999999999999890e-04	-5.406494983728018827e-05
6.830000000000000134e-04	-5.531948022351765261e-05
6.839999999999999292e-04	-5.644049867329958880e-05
6.849999999999999535e-04	-5.742759173788046078e-05
6.859999999999999779e-04	-5.828034596851465118e-05
6.870000000000000022e-04	-5.899834791645654263e-05
6.879999999999999180e-04	-5.958118413296046353e-05
6.889999999999999424e-04	-6.002844116928101334e-05
6.899999999999999667e-04	-6.033970557667230365e-05
6.909999999999999910e-04	-6.051456390638904233e-05
6.920000000000000153e-04	-6.055260270968528674e-05
6.929999999999999312e-04	-6.045340853781569056e-05
6.939999999999999555e-04	-6.021656794203447379e-05
6.949999999999999798e-04	-5.984166747359618167e-05
6.960000000000000041e-04	-5.932829368375492577e-05
6.969999999999999200e-04	-5.867603312376557662e-05
6.979999999999999443e-04	-5.788447234488213735e-05
6.989999999999999686e-04	-5.695319789835904482e-05
6.999999999999999929e-04	-5.588179633545079005e-05
7.010000000000000172e-04	-5.466985420741170146e-05
7.019999999999999331e-04	-5.331695806549632431e-05
7.029999999999999574e-04	-5.182269446095893279e-05
7.039999999999999817e-04	-5.018664994505374691e-05
7.050000000000000060e-04	-4.840841106903531190e-05
7.059999999999999219e-04	-4.648756438415828146e-05
7.069999999999999462e-04	-4.442369644167660451e-05
7.079999999999999705e-04	-4.221639379284509736e-05
7.089999999999999948e-04	-3.986524298891770896e-05
7.100000000000000191e-04	-3.736983058114887613e-05
7.109999999999999350e-04	-3.472974312079384887e-05
7.119999999999999593e-04	-3.194456715910576295e-05
7.129999999999999836e-04	-2.901388924733970575e-05
7.140000000000000079e-04	-2.593729593674978882e-05
7.149999999999999238e-04	-2.271437377859109952e-05
7.159999999999999481e-04	-1.934470932411704470e-05
7.169999999999999724e-04	-1.582788912458249486e-05
7.179999999999999967e-04	-1.216349973124183264e-05
7.190000000000000210e-04	-8.351127695349440643e-06
7.199999999999999369e-04	-4.390359568160135187e-06
7.209999999999999612e-04	-2.807819009274315283e-07
7.219999999999999855e-04	3.978018755093799819e-06
7.230000000000000098e-04	8.386455848649230441e-06
7.239999999999999257e-04	1.294494282848398983e-05
7.249999999999999500e-04	1.765389314334450850e-05
7.259999999999999743e-04	2.251372024197607858e-05
7.269999999999999987e-04	2.752483757312426324e-05
7.279999999999999145e-04	3.268765858553402933e-05
7.289999999999999388e-04	3.800259672795229526e-05
7.299999999999999632e-04	4.347006544912381107e-05
7.309999999999999875e-04	4.909047819779446516e-05
7.320000000000000118e-04	5.486424842270971229e-05
7.329999999999999277e-04	6.079178957261462775e-05
7.339999999999999520e-04	6.687351509625596730e-05
7.349999999999999763e-04	7.310983844237869782e-05
7.360000000000000006e-04	7.950117305972854509e-05
7.369999999999999165e-04	8.604793239705036756e-05
7.379999999999999408e-04	9.275052990309124628e-05
7.389999999999999651e-04	9.960937902659593125e-05
7.399999999999999894e-04	1.066248932163100941e-04
7.410000000000000137e-04	1.137974859209793521e-04
7.419999999999999296e-04	1.211275705893484554e-04
7.429999999999999539e-04	1.286155606701648102e-04
7.439999999999999782e-04	1.362618696121730040e-04
7.450000000000000025e-04	1.440669108641187896e-04
7.459999999999999184e-04	1.520310978747467815e-04
7.469999999999999427e-04	1.601548440928044674e-04
7.479999999999999670e-04	1.684385629670363533e-04
7.489999999999999913e-04	1.768826679461883277e-04
7.500000000000000156e-04	1.854875724790058182e-04
7.509999999999999315e-04	1.942536900142336018e-04
7.519999999999999558e-04	2.031814340006190850e-04
7.529999999999999801e-04	2.122712178869069093e-04
7.540000000000000044e-04	2.215234551218426651e-04
7.549999999999999203e-04	2.309385591541711564e-04
7.559999999999999446e-04	2.405169434326398167e-04
7.569999999999999689e-04	2.502590214059932606e-04
7.579999999999999932e-04	2.601652065229771325e-04
7.590000000000000175e-04	2.702359122323370498e-04
7.599999999999999334e-04	2.804715519828174372e-04
7.609999999999999577e-04	2.908725392231662973e-04
7.619999999999999820e-04	3.014392874021280008e-04
7.630000000000000063e-04	3.121722099684481107e-04
7.639999999999999222e-04	3.230717203708710519e-04
7.649999999999999465e-04	3.341382320581449353e-04
7.659999999999999708e-04	3.453721584790141316e-04
7.669999999999999951e-04	3.567739130822242038e-04
7.680000000000000195e-04	3.683439093165206610e-04
7.689999999999999353e-04	3.800825606306480363e-04
7.699999999999999597e-04	3.919902804733544407e-04
7.709999999999999840e-04	4.040674822933840822e-04
7.720000000000000083e-04	4.163145795394826865e-04
7.729999999999999242e-04	4.287319856603944617e-04
7.739999999999999485e-04	4.413201141048677355e-04
7.749999999999999728e-04	4.540793783216466616e-04
7.759999999999999971e-04	4.670101917594771286e-04
