-2.049999999999999956e-04	1.437598651615823800e-03
-2.039999999999999984e-04	1.284392819855351663e-03
-2.030000000000000012e-04	1.136515617600005043e-03
-2.020000000000000040e-04	9.938927811073471150e-04
-2.009999999999999797e-04	8.564500466349417047e-04
-1.999999999999999825e-04	7.241131504403629368e-04
-1.989999999999999853e-04	5.968078287811708418e-04
-1.979999999999999881e-04	4.744598179149342324e-04
-1.969999999999999909e-04	3.569948540992164457e-04
-1.959999999999999937e-04	2.443386735915861860e-04
-1.949999999999999965e-04	1.364170126496076579e-04
-1.939999999999999993e-04	3.315560753084736311e-05
-1.930000000000000021e-04	-6.551980550712783048e-05
-1.920000000000000049e-04	-1.596834902067527492e-04
-1.909999999999999806e-04	-2.494097103104633579e-04
-1.899999999999999834e-04	-3.347727295606887704e-04
-1.889999999999999862e-04	-4.158468116998652428e-04
-1.879999999999999890e-04	-4.927062204704269442e-04
-1.869999999999999917e-04	-5.654252196148075015e-04
-1.859999999999999945e-04	-6.340780728754410837e-04
-1.849999999999999973e-04	-6.987390439947615889e-04
-1.840000000000000001e-04	-7.594823967152026980e-04
-1.830000000000000029e-04	-8.163823947791985260e-04
-1.819999999999999786e-04	-8.695133019291851392e-04
-1.809999999999999814e-04	-9.189493819075918819e-04
-1.799999999999999842e-04	-9.647648984568551458e-04
-1.789999999999999870e-04	-1.007034115319409371e-03
-1.779999999999999898e-04	-1.045831296237687913e-03
-1.769999999999999926e-04	-1.081230704954124671e-03
-1.759999999999999954e-04	-1.113306605211153650e-03
-1.749999999999999982e-04	-1.142133260751208206e-03
-1.740000000000000010e-04	-1.167784935316723430e-03
-1.730000000000000038e-04	-1.190335892650131811e-03
-1.719999999999999795e-04	-1.209860396493869306e-03
-1.709999999999999823e-04	-1.226432710590367970e-03
-1.699999999999999851e-04	-1.240127098682062895e-03
-1.689999999999999879e-04	-1.251017824511387001e-03
-1.679999999999999907e-04	-1.259179151820774513e-03
-1.669999999999999935e-04	-1.264685344352659002e-03
-1.659999999999999963e-04	-1.267610665849475560e-03
-1.649999999999999991e-04	-1.268029380053658194e-03
-1.640000000000000019e-04	-1.266015750707638957e-03
-1.630000000000000047e-04	-1.261644041553852940e-03
-1.619999999999999804e-04	-1.254988516334734801e-03
-1.609999999999999832e-04	-1.246123438792716594e-03
-1.599999999999999860e-04	-1.235123072670234710e-03
-1.589999999999999888e-04	-1.222061681709720555e-03
-1.579999999999999916e-04	-1.207013529653609869e-03
-1.569999999999999944e-04	-1.190052880244336225e-03
-1.559999999999999972e-04	-1.171253997224332329e-03
-1.550000000000000000e-04	-1.150691144336033703e-03
-1.540000000000000028e-04	-1.128438585321874139e-03
-1.530000000000000056e-04	-1.104570583924286125e-03
-1.519999999999999813e-04	-1.079161403885703450e-03
-1.509999999999999841e-04	-1.052285308948562289e-03
-1.499999999999999869e-04	-1.024016562855295347e-03
-1.489999999999999897e-04	-9.944294293483366305e-04
-1.479999999999999925e-04	-9.635981721701198212e-04
-1.469999999999999953e-04	-9.315970550630794673e-04
-1.459999999999999981e-04	-8.985003417696480572e-04
-1.450000000000000009e-04	-8.643822960322619826e-04
-1.440000000000000036e-04	-8.293171815933523226e-04
-1.430000000000000064e-04	-7.933792621953549267e-04
-1.419999999999999821e-04	-7.566428015807015245e-04
-1.409999999999999849e-04	-7.191820634918297001e-04
-1.399999999999999877e-04	-6.810713116711707496e-04
-1.389999999999999905e-04	-6.423848098611587877e-04
-1.379999999999999933e-04	-6.031968218042290135e-04
-1.369999999999999961e-04	-5.635816112428138069e-04
-1.359999999999999989e-04	-5.236134419193472830e-04
-1.350000000000000017e-04	-4.833665775762648574e-04
-1.340000000000000045e-04	-4.429152819559994524e-04
-1.330000000000000073e-04	-4.023338188009842071e-04
-1.319999999999999830e-04	-3.616964518536533988e-04
-1.309999999999999858e-04	-3.210774448564427145e-04
-1.299999999999999886e-04	-2.805510615517833959e-04
-1.289999999999999914e-04	-2.401915656821116719e-04
-1.279999999999999942e-04	-2.000732209898605733e-04
-1.269999999999999970e-04	-1.602702912174631305e-04
-1.259999999999999998e-04	-1.208570401073551931e-04
-1.250000000000000026e-04	-8.190773140196892441e-05
-1.240000000000000054e-04	-4.349662884373941499e-05
-1.229999999999999811e-04	-5.697996175098936529e-06
-1.219999999999999974e-04	3.141390286151622777e-05
-1.210000000000000002e-04	6.776480452367369782e-05
-1.199999999999999895e-04	1.032804450689403346e-04
-1.189999999999999923e-04	1.378865607548797464e-04
-1.179999999999999951e-04	1.715088878390599869e-04
-1.169999999999999979e-04	2.040731625790459655e-04
-1.160000000000000007e-04	2.355051212324045431e-04
-1.149999999999999899e-04	2.657305000567022554e-04
-1.139999999999999927e-04	2.946750353095037951e-04
-1.129999999999999955e-04	3.222644632483759146e-04
-1.119999999999999983e-04	3.484245201308844991e-04
-1.110000000000000011e-04	3.730809422145960844e-04
-1.099999999999999904e-04	3.961594657570766641e-04
-1.089999999999999932e-04	4.175858270158917980e-04
-1.079999999999999960e-04	4.372857622486076967e-04
-1.069999999999999988e-04	4.551850077127910042e-04
-1.060000000000000016e-04	4.712092996660077141e-04
-1.049999999999999908e-04	4.852843743658227359e-04
-1.039999999999999936e-04	4.973359680698042316e-04
-1.029999999999999964e-04	5.072898170355162432e-04
-1.019999999999999992e-04	5.150716575205256317e-04
-1.010000000000000020e-04	5.206072257823988244e-04
-9.999999999999999124e-05	5.238222580787015980e-04
-9.899999999999999404e-05	5.246424906669990788e-04
-9.799999999999999684e-05	5.229936598048598624e-04
-9.699999999999999963e-05	5.188015017498471236e-04
-9.600000000000000243e-05	5.119917527595290244e-04
-9.499999999999999168e-05	5.024901490914704741e-04
-9.399999999999999448e-05	4.902224270032376832e-04
-9.299999999999999727e-05	4.751143227523977296e-04
-9.200000000000000007e-05	4.570915725965148720e-04
-9.099999999999998932e-05	4.360799127931572726e-04
-8.999999999999999212e-05	4.120050795998896238e-04
-8.899999999999999491e-05	3.847928092742779194e-04
-8.799999999999999771e-05	3.543688380738890201e-04
-8.700000000000000051e-05	3.206589022562889198e-04
-8.599999999999998976e-05	2.835887380790431782e-04
-8.499999999999999255e-05	2.430840817997177890e-04
-8.399999999999999535e-05	1.990706696758798300e-04
-8.299999999999999815e-05	1.514742379650950779e-04
-8.200000000000000095e-05	1.002205229249284422e-04
-8.099999999999999019e-05	4.523526081294613338e-05
-7.999999999999999299e-05	-1.355581211328346983e-05
-7.899999999999999579e-05	-7.622695959619675901e-05
-7.799999999999999859e-05	-1.428524453782266564e-04
-7.700000000000000139e-05	-2.135065332018069514e-04
-7.599999999999999063e-05	-2.882634868093727348e-04
-7.499999999999999343e-05	-3.671975699433577961e-04
-7.399999999999999623e-05	-4.503830463461928890e-04
-7.299999999999999903e-05	-5.378941797603161400e-04
-7.200000000000000182e-05	-6.297779243411001735e-04
-7.099999999999999107e-05	-7.259719958956909521e-04
-6.999999999999999387e-05	-8.263868006441694785e-04
-6.899999999999999667e-05	-9.309327448066226102e-04
-6.799999999999999946e-05	-1.039520234603134169e-03
-6.700000000000000226e-05	-1.152059676253787759e-03
-6.599999999999999151e-05	-1.268461475978670781e-03
-6.499999999999999431e-05	-1.388636039997864563e-03
-6.399999999999999710e-05	-1.512493774531454985e-03
-6.299999999999999990e-05	-1.639945085799525545e-03
-6.200000000000000270e-05	-1.770900380022164076e-03
-6.099999999999999872e-05	-1.905270063419451255e-03
-5.999999999999999474e-05	-2.042964542211473181e-03
-5.899999999999999754e-05	-2.183894222618313567e-03
-5.800000000000000034e-05	-2.327969510860058728e-03
-5.699999999999999636e-05	-2.475100813156792378e-03
-5.599999999999999916e-05	-2.625198535728597796e-03
-5.499999999999999518e-05	-2.778173084795562166e-03
-5.399999999999999798e-05	-2.933934866577766164e-03
-5.300000000000000078e-05	-3.092394287295297840e-03
-5.199999999999999680e-05	-3.253461753168240041e-03
-5.099999999999999960e-05	-3.417047670416676914e-03
-4.999999999999999562e-05	-3.583062445260694340e-03
-4.899999999999999842e-05	-3.751416483920376466e-03
-4.800000000000000122e-05	-3.922020192615807005e-03
-4.699999999999999724e-05	-4.094783977567072707e-03
-4.600000000000000004e-05	-4.269618244994255116e-03
-4.499999999999999606e-05	-4.446433401117440981e-03
-4.399999999999999886e-05	-4.625139852156712715e-03
-4.299999999999999488e-05	-4.805648004332157934e-03
-4.199999999999999768e-05	-4.987868263863857315e-03
-4.100000000000000047e-05	-5.171711036971896741e-03
-3.999999999999999650e-05	-5.357086729876362960e-03
-3.899999999999999929e-05	-5.543866720369625654e-03
-3.799999999999999532e-05	-5.731766272533205323e-03
-3.699999999999999811e-05	-5.920461622020905396e-03
-3.600000000000000091e-05	-6.109629004486530172e-03
-3.499999999999999693e-05	-6.298944655583892625e-03
-3.399999999999999973e-05	-6.488084810966791849e-03
-3.299999999999999575e-05	-6.676725706289038213e-03
-3.199999999999999855e-05	-6.864543577204435150e-03
-3.100000000000000135e-05	-7.051214659366788692e-03
-2.999999999999999737e-05	-7.236415188429907476e-03
-2.900000000000000017e-05	-7.419821400047593198e-03
-2.799999999999999958e-05	-7.601109529873655360e-03
-2.699999999999999899e-05	-7.779955813561898262e-03
-2.599999999999999840e-05	-7.956036486766128804e-03
-2.499999999999999781e-05	-8.129027785140149551e-03
-2.400000000000000061e-05	-8.298605944337771739e-03
-2.300000000000000002e-05	-8.464447200012799669e-03
-2.199999999999999943e-05	-8.626227787819032433e-03
-2.099999999999999884e-05	-8.783623943410288210e-03
-1.999999999999999825e-05	-8.936311902440364358e-03
-1.899999999999999766e-05	-9.083967900563066911e-03
-1.800000000000000046e-05	-9.226268173432207106e-03
-1.699999999999999987e-05	-9.362888956701585774e-03
-1.599999999999999928e-05	-9.493506486025010682e-03
-1.499999999999999869e-05	-9.617796997056286129e-03
-1.399999999999999979e-05	-9.735436725449223352e-03
-1.299999999999999920e-05	-9.846101906857624916e-03
-1.200000000000000030e-05	-9.949468776935293385e-03
-1.099999999999999971e-05	-1.004521357133604000e-02
-9.999999999999999124e-06	-1.013301252571366905e-02
-9.000000000000000228e-06	-1.021254187572198137e-02
-7.999999999999999638e-06	-1.028347785701479340e-02
-6.999999999999999895e-06	-1.034549670524590077e-02
-6.000000000000000152e-06	-1.039835712604388236e-02
-4.999999999999999562e-06	-1.044214770493635466e-02
-3.999999999999999819e-06	-1.047703949742570875e-02
-3.000000000000000076e-06	-1.050320355901433050e-02
-1.999999999999999909e-06	-1.052081094520460752e-02
-9.999999999999999547e-07	-1.053003271149893262e-02
0.000000000000000000e+00	-1.053103991339968820e-02
9.999999999999999547e-07	-1.052400360640926881e-02
1.999999999999999909e-06	-1.050909484603005338e-02
3.000000000000000076e-06	-1.048648468776443472e-02
3.999999999999999819e-06	-1.045634418711479698e-02
4.999999999999999562e-06	-1.041884439958353642e-02
6.000000000000000152e-06	-1.037415638067303546e-02
6.999999999999999895e-06	-1.032245118588567823e-02
7.999999999999999638e-06	-1.026389987072386101e-02
9.000000000000000228e-06	-1.019867349068995406e-02
9.999999999999999124e-06	-1.012694310128637101e-02
1.099999999999999971e-05	-1.004887975801548386e-02
1.200000000000000030e-05	-9.964654516379678473e-03
1.299999999999999920e-05	-9.874438431881351133e-03
1.399999999999999979e-05	-9.778402560022884243e-03
1.499999999999999869e-05	-9.676717956306667145e-03
1.599999999999999928e-05	-9.569555676235087446e-03
1.699999999999999987e-05	-9.457086775310536222e-03
1.800000000000000046e-05	-9.339482309035395877e-03
1.899999999999999766e-05	-9.216913332912059220e-03
1.999999999999999825e-05	-9.089550902442905186e-03
2.099999999999999884e-05	-8.957566073130331791e-03
2.199999999999999943e-05	-8.821129900476723171e-03
2.300000000000000002e-05	-8.680413439984465199e-03
2.400000000000000061e-05	-8.535587747155950686e-03
2.499999999999999781e-05	-8.386823877493558566e-03
2.599999999999999840e-05	-8.234292886499686853e-03
2.699999999999999899e-05	-8.078165829676721421e-03
2.799999999999999958e-05	-7.918613762527041203e-03
2.900000000000000017e-05	-7.755807740553039877e-03
2.999999999999999737e-05	-7.589918819257111988e-03
3.100000000000000135e-05	-7.421118054141633870e-03
3.199999999999999855e-05	-7.249576500709000067e-03
3.299999999999999575e-05	-7.075465214461599053e-03
3.399999999999999973e-05	-6.898955250901809763e-03
3.499999999999999693e-05	-6.720217665532034548e-03
3.600000000000000091e-05	-6.539423513854648873e-03
3.699999999999999811e-05	-6.356743851372043813e-03
3.799999999999999532e-05	-6.172349733586609578e-03
3.899999999999999929e-05	-5.986412216000733776e-03
3.999999999999999650e-05	-5.799102354116801410e-03
4.100000000000000047e-05	-5.610591203437201822e-03
4.199999999999999768e-05	-5.421049819464326958e-03
4.299999999999999488e-05	-5.230649257700558351e-03
4.399999999999999886e-05	-5.039560573648285344e-03
4.499999999999999606e-05	-4.847954822809897278e-03
4.600000000000000004e-05	-4.656003060687780894e-03
4.699999999999999724e-05	-4.463876342784325532e-03
4.800000000000000122e-05	-4.271745724601918801e-03
4.899999999999999842e-05	-4.079782261642943102e-03
4.999999999999999562e-05	-3.888157009409795150e-03
5.099999999999999960e-05	-3.697041023404859950e-03
5.199999999999999680e-05	-3.506605359130517303e-03
5.300000000000000078e-05	-3.317021072089164791e-03
5.399999999999999798e-05	-3.128459217783189153e-03
5.499999999999999518e-05	-2.941090851714974527e-03
5.599999999999999916e-05	-2.755087029386905917e-03
5.699999999999999636e-05	-2.570618806301381773e-03
5.800000000000000034e-05	-2.387857237960781028e-03
5.899999999999999754e-05	-2.206943541720888472e-03
5.999999999999999474e-05	-2.027899582351081961e-03
6.099999999999999872e-05	-1.850717386474127210e-03
6.200000000000000270e-05	-1.675388980712797741e-03
6.299999999999999990e-05	-1.501906391689858834e-03
6.399999999999999710e-05	-1.330261646028084660e-03
6.499999999999999431e-05	-1.160446770350237900e-03
6.599999999999999151e-05	-9.924537912790974952e-04
6.700000000000000226e-05	-8.262747354374223299e-04
6.799999999999999946e-05	-6.619016294479902621e-04
6.899999999999999667e-05	-4.993264999335738372e-04
6.999999999999999387e-05	-3.385413735169331322e-04
7.099999999999999107e-05	-1.795382768208422645e-04
7.200000000000000182e-05	-2.230923646806979503e-05
7.299999999999999903e-05	1.331537209186090204e-04
7.399999999999999623e-05	2.868585687164318821e-04
7.499999999999999343e-05	4.388132803026235343e-04
7.599999999999999063e-05	5.890258290544188313e-04
7.700000000000000139e-05	7.375041883490461494e-04
7.799999999999999859e-05	8.842563315637336479e-04
7.899999999999999579e-05	1.029290232075715612e-03
7.999999999999999299e-05	1.172613863262220038e-03
8.099999999999999019e-05	1.314235198500475791e-03
8.200000000000000095e-05	1.454162211167717373e-03
8.299999999999999815e-05	1.592402874641173647e-03
8.399999999999999535e-05	1.728965162298069357e-03
8.499999999999999255e-05	1.863857047515643343e-03
8.599999999999998976e-05	1.997086503671117313e-03
8.700000000000000051e-05	2.128661504141732275e-03
8.799999999999999771e-05	2.258590022304708851e-03
8.899999999999999491e-05	2.386880031537282412e-03
8.999999999999999212e-05	2.513539505216682689e-03
9.099999999999998932e-05	2.638576416720136812e-03
9.200000000000000007e-05	2.761998739424881451e-03
9.299999999999999727e-05	2.883814446708136796e-03
9.399999999999999448e-05	3.004031511947144288e-03
9.499999999999999168e-05	3.122657908519125419e-03
9.600000000000000243e-05	3.239701609801318594e-03
9.699999999999999963e-05	3.355170589170947473e-03
9.799999999999999684e-05	3.469072820005243522e-03
9.899999999999999404e-05	3.581416275681439075e-03
9.999999999999999124e-05	3.692208929576765598e-03
1.010000000000000020e-04	3.801458755068452388e-03
1.019999999999999992e-04	3.909173725533721805e-03
1.029999999999999964e-04	4.015361814349815289e-03
1.039999999999999936e-04	4.120030994893957368e-03
1.049999999999999908e-04	4.223189240543385146e-03
1.060000000000000016e-04	4.324844524675320982e-03
1.069999999999999988e-04	4.425004820666995908e-03
1.079999999999999960e-04	4.523678101895643559e-03
1.089999999999999932e-04	4.620872341738494968e-03
1.099999999999999904e-04	4.716595513572778564e-03
1.110000000000000011e-04	4.810855590775720177e-03
1.119999999999999983e-04	4.903660546724555175e-03
1.129999999999999955e-04	4.995018354796517193e-03
1.139999999999999927e-04	5.084936988368832060e-03
1.149999999999999899e-04	5.173424420818729073e-03
1.160000000000000007e-04	5.260488625523438398e-03
1.169999999999999979e-04	5.346137575860192802e-03
1.179999999999999951e-04	5.430379245206222449e-03
1.189999999999999923e-04	5.513221606938758373e-03
1.199999999999999895e-04	5.594672634435027270e-03
1.210000000000000002e-04	5.674740301072260171e-03
1.219999999999999974e-04	5.753432580227691578e-03
1.229999999999999811e-04	5.830757445278548189e-03
1.240000000000000054e-04	5.906722869602065371e-03
1.250000000000000026e-04	5.981336826575462014e-03
1.259999999999999998e-04	6.054607289575980426e-03
1.269999999999999970e-04	6.126542231980844702e-03
1.279999999999999942e-04	6.197149627167285874e-03
1.289999999999999914e-04	6.266437448512537575e-03
1.299999999999999886e-04	6.334413669393824768e-03
1.309999999999999858e-04	6.401086263188381087e-03
1.319999999999999830e-04	6.466463203273436697e-03
1.330000000000000073e-04	6.530552463026223498e-03
1.340000000000000045e-04	6.593362015823968185e-03
1.350000000000000017e-04	6.654899835043900924e-03
1.359999999999999989e-04	6.715173894063256217e-03
1.369999999999999961e-04	6.774192166259259892e-03
1.379999999999999933e-04	6.831962625009149054e-03
1.389999999999999905e-04	6.888493243690142591e-03
1.399999999999999877e-04	6.943791995679480210e-03
1.409999999999999849e-04	6.997866854354390341e-03
1.419999999999999821e-04	7.050725793092102282e-03
1.430000000000000064e-04	7.102376785269844464e-03
1.440000000000000036e-04	7.152827804264852256e-03
1.450000000000000009e-04	7.202086823454353220e-03
1.459999999999999981e-04	7.250161816215575789e-03
1.469999999999999953e-04	7.297060755925750992e-03
1.479999999999999925e-04	7.342791615962109865e-03
1.489999999999999897e-04	7.387362369701884306e-03
1.499999999999999869e-04	7.430780990522302745e-03
1.509999999999999841e-04	7.473055451800596216e-03
1.519999999999999813e-04	7.514193726913994884e-03
1.530000000000000056e-04	7.554203789239728913e-03
1.540000000000000028e-04	7.593093612155026734e-03
1.550000000000000000e-04	7.630871169037125451e-03
1.559999999999999972e-04	7.667544433263245689e-03
1.569999999999999944e-04	7.703121378210624551e-03
1.579999999999999916e-04	7.737609977256489600e-03
1.589999999999999888e-04	7.771018203778072737e-03
1.599999999999999860e-04	7.803354031152600657e-03
1.609999999999999832e-04	7.834625432757308730e-03
1.619999999999999804e-04	7.864840381969422783e-03
1.630000000000000047e-04	7.894006852166183391e-03
1.640000000000000019e-04	7.922132816724807708e-03
1.649999999999999991e-04	7.949226249022528501e-03
1.659999999999999963e-04	7.975295122436578538e-03
1.669999999999999935e-04	8.000347410344188850e-03
1.679999999999999907e-04	8.024391086122590472e-03
1.689999999999999879e-04	8.047434123149012700e-03
1.699999999999999851e-04	8.069484494800688301e-03
1.709999999999999823e-04	8.090550174454841370e-03
1.719999999999999795e-04	8.110639135488704674e-03
1.730000000000000038e-04	8.129759351279510979e-03
1.740000000000000010e-04	8.147918795204487849e-03
1.749999999999999982e-04	8.165125440640869786e-03
1.759999999999999954e-04	8.181387260965884353e-03
1.769999999999999926e-04	8.196712229556759113e-03
1.779999999999999898e-04	8.211108319790726834e-03
1.789999999999999870e-04	8.224583505045020282e-03
1.799999999999999842e-04	8.237145758696863551e-03
1.809999999999999814e-04	8.248803054123496348e-03
1.819999999999999786e-04	8.259563364702141031e-03
1.830000000000000029e-04	8.269434663810030367e-03
1.840000000000000001e-04	8.278424924824395389e-03
1.849999999999999973e-04	8.286542121122461926e-03
1.859999999999999945e-04	8.293794226081466214e-03
1.869999999999999917e-04	8.300189213078637551e-03
1.879999999999999890e-04	8.305735055491205235e-03
1.889999999999999862e-04	8.310439726696400298e-03
1.899999999999999834e-04	8.314311200071448568e-03
1.909999999999999806e-04	8.317357448993586283e-03
1.920000000000000049e-04	8.319586446840044475e-03
1.930000000000000021e-04	8.321006166988045502e-03
1.939999999999999993e-04	8.321624582814827337e-03
1.949999999999999965e-04	8.321449667697614072e-03
1.959999999999999937e-04	8.320489395013643680e-03
1.969999999999999909e-04	8.318751738140140253e-03
1.979999999999999881e-04	8.316244670454334825e-03
1.989999999999999853e-04	8.312976165333463632e-03
1.999999999999999825e-04	8.308954196154745564e-03
2.009999999999999797e-04	8.304186736295425530e-03
2.020000000000000040e-04	8.298681759132722421e-03
2.030000000000000012e-04	8.292447238043869004e-03
2.039999999999999984e-04	8.285491146406098045e-03
2.049999999999999956e-04	8.277821457596635374e-03
2.059999999999999928e-04	8.269446144992715492e-03
2.069999999999999900e-04	8.260373181971576370e-03
2.079999999999999872e-04	8.250610541910428225e-03
2.089999999999999844e-04	8.240166198186515967e-03
2.099999999999999816e-04	8.229048124177070628e-03
2.109999999999999788e-04	8.217264293259312832e-03
2.120000000000000031e-04	8.204822678810485756e-03
2.130000000000000003e-04	8.191731254207806553e-03
2.139999999999999975e-04	8.177997992828513196e-03
2.149999999999999947e-04	8.163630868049833247e-03
2.159999999999999919e-04	8.148637853249001209e-03
2.169999999999999891e-04	8.133026921803244644e-03
2.179999999999999863e-04	8.116806047089791115e-03
2.189999999999999835e-04	8.099983202485873390e-03
2.199999999999999807e-04	8.082566361368724236e-03
2.209999999999999779e-04	8.064563497115569482e-03
2.220000000000000022e-04	8.045982583103640159e-03
2.229999999999999994e-04	8.026831592710169036e-03
2.239999999999999966e-04	8.007118499312387144e-03
2.249999999999999938e-04	7.986851276287523782e-03
2.259999999999999910e-04	7.966037897012803043e-03
2.269999999999999882e-04	7.944686334865462898e-03
2.279999999999999854e-04	7.922804563222734381e-03
2.289999999999999826e-04	7.900400555461838115e-03
2.299999999999999799e-04	7.877482284960017275e-03
2.309999999999999771e-04	7.854057725094494222e-03
2.320000000000000014e-04	7.830134849242501721e-03
2.329999999999999986e-04	7.805721630781266469e-03
2.339999999999999958e-04	7.780826043088023836e-03
2.349999999999999930e-04	7.755456059540003985e-03
2.359999999999999902e-04	7.729619653514433614e-03
2.369999999999999874e-04	7.703324798388543754e-03
2.379999999999999846e-04	7.676579467539567173e-03
2.389999999999999818e-04	7.649391634344731433e-03
2.399999999999999790e-04	7.621769272181263231e-03
2.409999999999999762e-04	7.593720354426403141e-03
2.420000000000000005e-04	7.565252854457376122e-03
2.429999999999999977e-04	7.536374745651412341e-03
2.439999999999999949e-04	7.507094001385741094e-03
2.449999999999999921e-04	7.477418595037593416e-03
2.459999999999999622e-04	7.447356499984202072e-03
2.469999999999999865e-04	7.416915689602787687e-03
2.480000000000000108e-04	7.386104137270596906e-03
2.489999999999999809e-04	7.354929816364847751e-03
2.500000000000000052e-04	7.323400700262772990e-03
2.509999999999999753e-04	7.291524762341606257e-03
2.519999999999999996e-04	7.259309975978571645e-03
2.529999999999999697e-04	7.226764314550908862e-03
2.539999999999999940e-04	7.193895751435839397e-03
2.549999999999999641e-04	7.160712260010596887e-03
2.559999999999999884e-04	7.127221813652414098e-03
2.570000000000000127e-04	7.093432385738514256e-03
2.579999999999999828e-04	7.059351949646136201e-03
2.590000000000000071e-04	7.024988478752502291e-03
2.599999999999999772e-04	6.990349946434850498e-03
2.610000000000000015e-04	6.955444326070409251e-03
2.619999999999999716e-04	6.920279591036401778e-03
2.629999999999999959e-04	6.884863714710066918e-03
2.639999999999999660e-04	6.849204670468633099e-03
2.649999999999999903e-04	6.813310431689324417e-03
2.660000000000000146e-04	6.777188971749378843e-03
2.669999999999999847e-04	6.740848264026024807e-03
2.680000000000000090e-04	6.704296281896489872e-03
2.689999999999999791e-04	6.667540998738011142e-03
2.700000000000000035e-04	6.630590387927809241e-03
2.709999999999999735e-04	6.593452422843120407e-03
2.719999999999999979e-04	6.556135076861171335e-03
2.729999999999999680e-04	6.518646323359199128e-03
2.739999999999999923e-04	6.480994135714427881e-03
2.749999999999999624e-04	6.443186487304091228e-03
2.759999999999999867e-04	6.405231351505413263e-03
2.770000000000000110e-04	6.367136701695631958e-03
2.779999999999999811e-04	6.328910511251974007e-03
2.790000000000000054e-04	6.290560753551673046e-03
2.799999999999999755e-04	6.252095401971956637e-03
2.809999999999999998e-04	6.213522429890050609e-03
2.819999999999999699e-04	6.174849810683196404e-03
2.829999999999999942e-04	6.136085517728610307e-03
2.839999999999999643e-04	6.097237524403536363e-03
2.849999999999999886e-04	6.058313804085195195e-03
2.860000000000000129e-04	6.019322330150822173e-03
2.869999999999999830e-04	5.980271075977646594e-03
2.880000000000000073e-04	5.941168014942894288e-03
2.889999999999999774e-04	5.902021120423804959e-03
2.900000000000000017e-04	5.862838365797600100e-03
2.909999999999999718e-04	5.823627724441514213e-03
2.919999999999999961e-04	5.784397169732776595e-03
2.929999999999999662e-04	5.745154675048617411e-03
2.939999999999999905e-04	5.705908213766266827e-03
2.949999999999999606e-04	5.666665759262959345e-03
2.959999999999999849e-04	5.627435284915915589e-03
2.970000000000000092e-04	5.588224764102373530e-03
2.979999999999999793e-04	5.549042170199564201e-03
2.990000000000000036e-04	5.509895476584711696e-03
2.999999999999999737e-04	5.470792656635054853e-03
3.009999999999999980e-04	5.431741683727814296e-03
3.019999999999999681e-04	5.392750531240228865e-03
3.029999999999999924e-04	5.353827172549522652e-03
3.039999999999999625e-04	5.314979581032931027e-03
3.049999999999999868e-04	5.276215730067679820e-03
3.060000000000000111e-04	5.237543593030998326e-03
3.069999999999999812e-04	5.198971143300127121e-03
3.080000000000000055e-04	5.160506354252284225e-03
3.089999999999999756e-04	5.122157199264705009e-03
3.099999999999999999e-04	5.083931651714623974e-03
3.109999999999999700e-04	5.045837684979264347e-03
3.119999999999999944e-04	5.007883272435856292e-03
3.129999999999999644e-04	4.970076387461640384e-03
3.139999999999999888e-04	4.932425003433832042e-03
3.149999999999999589e-04	4.894937093729675309e-03
3.159999999999999832e-04	4.857620631726389075e-03
3.170000000000000075e-04	4.820483590801212179e-03
3.179999999999999776e-04	4.783533944331373917e-03
3.190000000000000019e-04	4.746779665694094048e-03
3.199999999999999720e-04	4.710228728266620951e-03
3.209999999999999963e-04	4.673889105426170046e-03
3.219999999999999664e-04	4.637767339304542033e-03
3.229999999999999907e-04	4.601864247051801540e-03
3.239999999999999608e-04	4.566179214572567251e-03
3.249999999999999851e-04	4.530711627771467388e-03
3.260000000000000094e-04	4.495460872553130177e-03
3.269999999999999795e-04	4.460426334822178637e-03
3.280000000000000038e-04	4.425607400483244462e-03
3.289999999999999739e-04	4.391003455440943733e-03
3.299999999999999982e-04	4.356613885599908143e-03
3.309999999999999683e-04	4.322438076864766783e-03
3.319999999999999926e-04	4.288475415140132266e-03
3.329999999999999627e-04	4.254725286330650162e-03
3.339999999999999870e-04	4.221187076340929614e-03
3.350000000000000113e-04	4.187860171075603183e-03
3.359999999999999814e-04	4.154743956439299092e-03
3.370000000000000057e-04	4.121837818336633423e-03
3.379999999999999758e-04	4.089141142672247410e-03
3.390000000000000001e-04	4.056653315350752798e-03
3.399999999999999702e-04	4.024373722276781279e-03
3.409999999999999945e-04	3.992301749354962813e-03
3.419999999999999646e-04	3.960436782489915215e-03
3.429999999999999889e-04	3.928778207586265843e-03
3.439999999999999590e-04	3.897325410548648124e-03
3.449999999999999833e-04	3.866077777281675103e-03
3.460000000000000076e-04	3.835034693689985848e-03
3.469999999999999777e-04	3.804195545678197739e-03
3.480000000000000020e-04	3.773559719150938567e-03
3.489999999999999721e-04	3.743126600012836556e-03
3.499999999999999964e-04	3.712895574168510824e-03
3.509999999999999665e-04	3.682866027522596966e-03
3.519999999999999908e-04	3.653037345979715834e-03
3.529999999999999609e-04	3.623408915444490449e-03
3.539999999999999853e-04	3.593980121821552937e-03
3.550000000000000096e-04	3.564750351015521113e-03
3.559999999999999797e-04	3.535718988931029275e-03
3.570000000000000040e-04	3.506885421472697405e-03
3.579999999999999741e-04	3.478249034545153728e-03
3.589999999999999984e-04	3.449809214053023432e-03
3.599999999999999685e-04	3.421565345900935175e-03
3.609999999999999928e-04	3.393516815993508507e-03
3.619999999999999629e-04	3.365663010235375556e-03
3.629999999999999872e-04	3.338003314531157607e-03
3.639999999999999573e-04	3.310537114785484618e-03
3.649999999999999816e-04	3.283263796902978308e-03
3.660000000000000059e-04	3.256182746788266035e-03
3.669999999999999760e-04	3.229293350345976456e-03
3.680000000000000003e-04	3.202594993480730855e-03
3.689999999999999704e-04	3.176087062097159193e-03
3.699999999999999947e-04	3.149768942099883621e-03
3.709999999999999648e-04	3.123640019393532797e-03
3.719999999999999891e-04	3.097699679882729307e-03
3.729999999999999592e-04	3.071947309472104412e-03
3.739999999999999835e-04	3.046382294066277661e-03
3.750000000000000078e-04	3.021004019569879882e-03
3.759999999999999779e-04	2.995811871887533659e-03
3.770000000000000022e-04	2.970805236923866784e-03
3.779999999999999723e-04	2.945983500583505311e-03
3.789999999999999966e-04	2.921346048771073130e-03
3.799999999999999667e-04	2.896892267391195860e-03
3.809999999999999910e-04	2.872621542348501728e-03
3.819999999999999611e-04	2.848533259547615919e-03
3.829999999999999854e-04	2.824626804893163191e-03
3.840000000000000097e-04	2.800901564289770031e-03
3.849999999999999798e-04	2.777356923642062929e-03
3.860000000000000041e-04	2.753992268854665772e-03
3.869999999999999742e-04	2.730806985832206785e-03
3.879999999999999985e-04	2.707800460479310289e-03
3.889999999999999686e-04	2.684972078700602772e-03
3.899999999999999929e-04	2.662321226400709423e-03
3.909999999999999630e-04	2.639847289484256732e-03
3.919999999999999873e-04	2.617549653855869452e-03
3.929999999999999574e-04	2.595427705420175375e-03
3.939999999999999817e-04	2.573480830081798388e-03
3.950000000000000061e-04	2.551708413745364112e-03
3.959999999999999762e-04	2.530109842315500339e-03
3.970000000000000005e-04	2.508684501696831822e-03
3.979999999999999706e-04	2.487431777793985485e-03
3.989999999999999949e-04	2.466351056511585215e-03
3.999999999999999650e-04	2.445441723754257501e-03
4.009999999999999893e-04	2.424703165426628833e-03
4.019999999999999594e-04	2.404134767433326568e-03
4.029999999999999837e-04	2.383735915678971556e-03
4.040000000000000080e-04	2.363505996068194625e-03
4.049999999999999781e-04	2.343444394505619227e-03
4.060000000000000024e-04	2.323550496895871419e-03
4.069999999999999725e-04	2.303823689143578990e-03
4.079999999999999968e-04	2.284263357153364961e-03
4.089999999999999669e-04	2.264868886829856254e-03
4.099999999999999912e-04	2.245639664077678493e-03
4.109999999999999613e-04	2.226575074801459032e-03
4.119999999999999856e-04	2.207674504905821327e-03
4.129999999999999557e-04	2.188937340295393601e-03
4.139999999999999800e-04	2.170362966874798006e-03
4.150000000000000043e-04	2.151950770548664068e-03
4.159999999999999744e-04	2.133700137221617409e-03
4.169999999999999987e-04	2.115610452798281915e-03
4.179999999999999688e-04	2.097681103183284511e-03
4.189999999999999931e-04	2.079911474281251251e-03
4.199999999999999632e-04	2.062300951996808625e-03
4.209999999999999875e-04	2.044848922234579654e-03
4.219999999999999576e-04	2.027554770899192560e-03
4.229999999999999819e-04	2.010417883895272099e-03
4.240000000000000062e-04	1.993437647127443892e-03
4.249999999999999763e-04	1.976613446500336598e-03
4.260000000000000006e-04	1.959944667918571935e-03
4.269999999999999707e-04	1.943430697286779646e-03
4.279999999999999950e-04	1.927070920509581882e-03
4.289999999999999651e-04	1.910864723491607952e-03
4.299999999999999894e-04	1.894811492137481309e-03
4.309999999999999595e-04	1.878910612351828227e-03
4.319999999999999838e-04	1.863161470039273676e-03
4.329999999999999539e-04	1.847563451104446532e-03
4.339999999999999782e-04	1.832115941451969597e-03
4.350000000000000026e-04	1.816818326986470011e-03
4.359999999999999726e-04	1.801669993612573829e-03
4.369999999999999970e-04	1.786670327234905807e-03
4.379999999999999671e-04	1.771818713758092651e-03
4.389999999999999914e-04	1.757114539086760199e-03
4.399999999999999615e-04	1.742557189125534291e-03
4.409999999999999858e-04	1.728146049779040114e-03
4.419999999999999559e-04	1.713880506951905025e-03
4.429999999999999802e-04	1.699759946548752261e-03
4.440000000000000045e-04	1.685783754474209396e-03
4.449999999999999746e-04	1.671951316632902702e-03
4.459999999999999989e-04	1.658262018929456717e-03
4.469999999999999690e-04	1.644715247268498147e-03
4.479999999999999933e-04	1.631310387554652614e-03
4.489999999999999634e-04	1.618046825692545741e-03
4.499999999999999877e-04	1.604923947586804232e-03
4.509999999999999578e-04	1.591941139142052843e-03
4.519999999999999821e-04	1.579097786262917413e-03
4.530000000000000064e-04	1.566393274854024431e-03
4.539999999999999765e-04	1.553826990820000387e-03
4.550000000000000008e-04	1.541398320065468950e-03
4.559999999999999709e-04	1.529106648495057912e-03
4.569999999999999952e-04	1.516951362013392026e-03
4.579999999999999653e-04	1.504931846525098000e-03
4.589999999999999896e-04	1.493047487934800370e-03
4.599999999999999597e-04	1.481297672147127145e-03
4.609999999999999840e-04	1.469681785066700693e-03
4.619999999999999541e-04	1.458199212598151190e-03
4.629999999999999784e-04	1.446849340646100789e-03
4.640000000000000027e-04	1.435631555115177063e-03
4.649999999999999728e-04	1.424545241910006284e-03
4.659999999999999971e-04	1.413589786935212991e-03
4.669999999999999672e-04	1.402764576095423673e-03
4.679999999999999915e-04	1.392068995295263952e-03
4.689999999999999616e-04	1.381502430439359667e-03
4.699999999999999859e-04	1.371064267432337523e-03
4.709999999999999560e-04	1.360753892178822493e-03
4.719999999999999803e-04	1.350570690583439981e-03
4.730000000000000046e-04	1.340514048550816260e-03
4.739999999999999747e-04	1.330583351985578037e-03
4.749999999999999990e-04	1.320777986792350065e-03
4.759999999999999691e-04	1.311097338875758618e-03
4.769999999999999934e-04	1.301540794140429317e-03
4.779999999999999635e-04	1.292107738490988001e-03
4.789999999999999879e-04	1.282797557832060726e-03
4.799999999999999580e-04	1.273609638068272897e-03
4.809999999999999823e-04	1.264543365104251220e-03
4.819999999999999524e-04	1.255598124844621317e-03
4.829999999999999767e-04	1.246773303194007943e-03
4.840000000000000010e-04	1.238068286057037587e-03
4.849999999999999711e-04	1.229482459338336739e-03
4.859999999999999954e-04	1.221015208942530369e-03
4.869999999999999655e-04	1.212665920774244751e-03
4.879999999999999898e-04	1.204433980738105507e-03
4.889999999999999599e-04	1.196318774738738691e-03
4.899999999999999842e-04	1.188319688680770144e-03
4.910000000000000085e-04	1.180436108468825053e-03
4.919999999999999244e-04	1.172667420007530124e-03
4.929999999999999487e-04	1.165013009201510980e-03
4.939999999999999730e-04	1.157472261955393026e-03
4.949999999999999973e-04	1.150044564173802100e-03
4.960000000000000216e-04	1.142729301761364691e-03
4.969999999999999375e-04	1.135525860622706423e-03
4.979999999999999618e-04	1.128433626662452916e-03
4.989999999999999861e-04	1.121451985785229793e-03
5.000000000000000104e-04	1.114580323895662892e-03
5.009999999999999263e-04	1.107818026898379571e-03
5.019999999999999506e-04	1.101164480698003066e-03
5.029999999999999749e-04	1.094619071199161167e-03
5.039999999999999992e-04	1.088181184306478847e-03
5.050000000000000235e-04	1.081850205924581943e-03
5.059999999999999394e-04	1.075625521958097595e-03
5.069999999999999637e-04	1.069506518311650126e-03
5.079999999999999880e-04	1.063492580889865806e-03
5.090000000000000123e-04	1.057583095597370258e-03
5.099999999999999282e-04	1.051777448338789972e-03
5.109999999999999525e-04	1.046075025018750135e-03
5.119999999999999768e-04	1.040475211541876588e-03
5.130000000000000011e-04	1.034977393812794950e-03
5.140000000000000254e-04	1.029580957736131929e-03
5.149999999999999413e-04	1.024285289216514232e-03
5.159999999999999656e-04	1.019089774158564877e-03
5.169999999999999899e-04	1.013993798466911655e-03
5.180000000000000143e-04	1.008996748046179972e-03
5.189999999999999301e-04	1.004098008800996100e-03
5.199999999999999544e-04	9.992969666359845758e-04
5.209999999999999788e-04	9.945930074557729744e-04
5.220000000000000031e-04	9.899855171649856161e-04
5.230000000000000274e-04	9.854738816682494240e-04
5.239999999999999433e-04	9.810574868701900202e-04
5.249999999999999676e-04	9.767357186754321591e-04
5.259999999999999919e-04	9.725079629886029808e-04
5.270000000000000162e-04	9.683736057143276735e-04
5.279999999999999321e-04	9.643320327572329435e-04
5.289999999999999564e-04	9.603826300219435452e-04
5.299999999999999807e-04	9.565247834130858598e-04
5.310000000000000050e-04	9.527578788352849670e-04
5.320000000000000293e-04	9.490813021931677898e-04
5.329999999999999452e-04	9.454944393913597336e-04
5.339999999999999695e-04	9.419966763344866370e-04
5.349999999999999938e-04	9.385873989271736884e-04
5.360000000000000181e-04	9.352659930740477023e-04
5.369999999999999340e-04	9.320318446797347346e-04
5.379999999999999583e-04	9.288843396488597566e-04
5.389999999999999826e-04	9.258228638860482819e-04
5.400000000000000069e-04	9.228468032959272335e-04
5.409999999999999228e-04	9.199555437831219082e-04
5.419999999999999471e-04	9.171484712522584700e-04
5.429999999999999714e-04	9.144249716079616737e-04
5.439999999999999957e-04	9.117844307548587674e-04
5.450000000000000200e-04	9.092262345975748311e-04
5.459999999999999359e-04	9.067497690407362457e-04
5.469999999999999602e-04	9.043544199889676574e-04
5.479999999999999845e-04	9.020395733468960977e-04
5.490000000000000088e-04	8.998046150191471885e-04
5.499999999999999247e-04	8.976489309103463351e-04
5.509999999999999490e-04	8.955719069251198098e-04
5.519999999999999733e-04	8.935729289680934516e-04
5.529999999999999976e-04	8.916513829438925572e-04
5.540000000000000219e-04	8.898066547571427485e-04
5.549999999999999378e-04	8.880381303124714907e-04
5.559999999999999621e-04	8.863451955145028880e-04
5.569999999999999864e-04	8.847272362678635380e-04
5.580000000000000107e-04	8.831836384771792796e-04
5.589999999999999266e-04	8.817137880470756264e-04
5.599999999999999509e-04	8.803170708821789594e-04
5.609999999999999752e-04	8.789928728871146835e-04
5.619999999999999996e-04	8.777405799665084210e-04
5.630000000000000239e-04	8.765595780249867694e-04
5.639999999999999397e-04	8.754492529671749172e-04
5.649999999999999641e-04	8.744089906976991369e-04
5.659999999999999884e-04	8.734381771211849419e-04
5.670000000000000127e-04	8.725361981422579544e-04
5.679999999999999286e-04	8.717024396655444467e-04
5.689999999999999529e-04	8.709362875956704747e-04
5.699999999999999772e-04	8.702371278372610097e-04
5.710000000000000015e-04	8.696043462949426496e-04
5.720000000000000258e-04	8.690373288733410162e-04
5.729999999999999417e-04	8.685354614770818401e-04
5.739999999999999660e-04	8.680981300107909601e-04
5.749999999999999903e-04	8.677247203790943234e-04
5.760000000000000146e-04	8.674146184866176603e-04
5.769999999999999305e-04	8.671672102379870267e-04
5.779999999999999548e-04	8.669818815378282613e-04
5.789999999999999791e-04	8.668580182907667693e-04
5.800000000000000034e-04	8.667950064014284979e-04
5.810000000000000277e-04	8.667922317744399365e-04
5.819999999999999436e-04	8.668490803144259481e-04
5.829999999999999679e-04	8.669649379260129136e-04
5.839999999999999922e-04	8.671391905138271057e-04
5.850000000000000165e-04	8.673712239824936041e-04
5.859999999999999324e-04	8.676604242366383560e-04
5.869999999999999567e-04	8.680061771808873089e-04
5.879999999999999810e-04	8.684078687198661930e-04
5.890000000000000053e-04	8.688648847582012809e-04
5.899999999999999212e-04	8.693766112005183030e-04
5.909999999999999455e-04	8.699424339514422308e-04
5.919999999999999698e-04	8.705617389156002041e-04
5.929999999999999941e-04	8.712339119976173028e-04
5.940000000000000184e-04	8.719583391021191489e-04
5.949999999999999343e-04	8.727344061337323402e-04
5.959999999999999586e-04	8.735614989970820650e-04
5.969999999999999829e-04	8.744390035967943790e-04
5.980000000000000072e-04	8.753663058374952293e-04
5.989999999999999231e-04	8.763427916238101297e-04
5.999999999999999474e-04	8.773678468603652442e-04
6.009999999999999717e-04	8.784408574517863031e-04
6.019999999999999961e-04	8.795612093026993622e-04
6.030000000000000204e-04	8.807282883177298266e-04
6.039999999999999362e-04	8.819414804015038604e-04
6.049999999999999606e-04	8.832001714586466519e-04
6.059999999999999849e-04	8.845037473937851242e-04
6.070000000000000092e-04	8.858515941115442487e-04
6.079999999999999251e-04	8.872430975165504063e-04
6.089999999999999494e-04	8.886776435134293274e-04
6.099999999999999737e-04	8.901546180068064173e-04
6.109999999999999980e-04	8.916734069013079484e-04
6.120000000000000223e-04	8.932333961015596511e-04
6.129999999999999382e-04	8.948339715121869306e-04
6.139999999999999625e-04	8.964745190378163846e-04
6.149999999999999868e-04	8.981544245830734184e-04
6.160000000000000111e-04	8.998730740525841959e-04
6.169999999999999270e-04	9.016298533509735803e-04
6.179999999999999513e-04	9.034241483828686029e-04
6.189999999999999756e-04	9.052553450528945606e-04
6.199999999999999999e-04	9.071228292656775090e-04
6.210000000000000242e-04	9.090259869258430700e-04
6.219999999999999401e-04	9.109642039380166489e-04
6.229999999999999644e-04	9.129368662068250602e-04
6.239999999999999887e-04	9.149433596368937091e-04
6.250000000000000130e-04	9.169830701328481092e-04
6.259999999999999289e-04	9.190553835993140993e-04
6.269999999999999532e-04	9.211596859409181687e-04
6.279999999999999775e-04	9.232953630622858310e-04
6.290000000000000018e-04	9.254618008680427083e-04
6.299999999999999177e-04	9.276583852628144224e-04
6.309999999999999420e-04	9.298845021512272459e-04
6.319999999999999663e-04	9.321395374379075598e-04
6.329999999999999906e-04	9.344228770274802271e-04
6.340000000000000149e-04	9.367339068245714119e-04
6.349999999999999308e-04	9.390720127338065193e-04
6.359999999999999551e-04	9.414365806598123639e-04
6.369999999999999794e-04	9.438269965072142425e-04
6.380000000000000037e-04	9.462426461806377771e-04
6.389999999999999196e-04	9.486829155847089148e-04
6.399999999999999439e-04	9.511471906240540368e-04
6.409999999999999682e-04	9.536348572032980059e-04
6.419999999999999925e-04	9.561453012270674200e-04
6.430000000000000169e-04	9.586779085999882263e-04
6.439999999999999327e-04	9.612320652266851794e-04
6.449999999999999570e-04	9.638071570117858530e-04
6.459999999999999814e-04	9.664025698599145679e-04
6.470000000000000057e-04	9.690176896756975966e-04
6.479999999999999215e-04	9.716519023637608865e-04
6.489999999999999459e-04	9.743045938287298426e-04
6.499999999999999702e-04	9.769751499752313880e-04
6.509999999999999945e-04	9.796629567078900605e-04
6.520000000000000188e-04	9.823673999313331084e-04
6.529999999999999347e-04	9.850878655501850694e-04
6.539999999999999590e-04	9.878237394690724330e-04
6.549999999999999833e-04	9.905744075926208210e-04
6.560000000000000076e-04	9.933392558254565061e-04
6.569999999999999235e-04	9.961176700722040259e-04
6.579999999999999478e-04	9.989090362374905205e-04
6.589999999999999721e-04	1.001712740225942045e-03
6.599999999999999964e-04	1.004528167942183355e-03
6.610000000000000207e-04	1.007354705290840723e-03
6.619999999999999366e-04	1.010191738176539986e-03
6.629999999999999609e-04	1.013038652503907202e-03
6.639999999999999852e-04	1.015894834177568425e-03
6.650000000000000095e-04	1.018759669102148845e-03
6.659999999999999254e-04	1.021632543182274082e-03
6.669999999999999497e-04	1.024512842322570410e-03
6.679999999999999740e-04	1.027399952427664100e-03
6.689999999999999983e-04	1.030293259402180776e-03
6.700000000000000226e-04	1.033192149150745625e-03
6.709999999999999385e-04	1.036096007577984920e-03
6.719999999999999628e-04	1.039004220588525150e-03
6.729999999999999871e-04	1.041916174086990853e-03
6.740000000000000114e-04	1.044831253978009168e-03
6.749999999999999273e-04	1.047748846166204418e-03
6.759999999999999516e-04	1.050668336556203741e-03
6.769999999999999759e-04	1.053589111052632976e-03
6.780000000000000002e-04	1.056510555560116879e-03
6.789999999999999161e-04	1.059432055983282155e-03
6.799999999999999404e-04	1.062352998226754209e-03
6.809999999999999647e-04	1.065272768195159531e-03
6.819999999999999890e-04	1.068190751793123526e-03
6.830000000000000134e-04	1.071106334925272033e-03
6.839999999999999292e-04	1.074018903496230240e-03
6.849999999999999535e-04	1.076927843410625070e-03
6.859999999999999779e-04	1.079832540573081928e-03
6.870000000000000022e-04	1.082732380888226653e-03
6.879999999999999180e-04	1.085626750260684868e-03
6.889999999999999424e-04	1.088515034595082843e-03
6.899999999999999667e-04	1.091396619796045986e-03
6.909999999999999910e-04	1.094270891768200568e-03
6.920000000000000153e-04	1.097137236416172211e-03
6.929999999999999312e-04	1.099995039644585887e-03
6.939999999999999555e-04	1.102843687358068953e-03
6.949999999999999798e-04	1.105682565461246379e-03
6.960000000000000041e-04	1.108511059858744438e-03
6.969999999999999200e-04	1.111328556455188103e-03
6.979999999999999443e-04	1.114134441155204295e-03
6.989999999999999686e-04	1.116928099863418421e-03
6.999999999999999929e-04	1.119708918484456318e-03
7.010000000000000172e-04	1.122476282922943609e-03
7.019999999999999331e-04	1.125229579083505916e-03
7.029999999999999574e-04	1.127968192870769729e-03
7.039999999999999817e-04	1.130691510189360668e-03
7.050000000000000060e-04	1.133398916943904790e-03
7.059999999999999219e-04	1.136089799039026850e-03
7.069999999999999462e-04	1.138763542379354204e-03
7.079999999999999705e-04	1.141419532869511824e-03
7.089999999999999948e-04	1.144057156414125332e-03
7.100000000000000191e-04	1.146675798917821433e-03
7.109999999999999350e-04	1.149274846285224883e-03
7.119999999999999593e-04	1.151853684420962604e-03
7.129999999999999836e-04	1.154411699229659569e-03
7.140000000000000079e-04	1.156948276615942049e-03
7.149999999999999238e-04	1.159462802484435449e-03
7.159999999999999481e-04	1.161954662739766043e-03
7.169999999999999724e-04	1.164423243286559885e-03
7.179999999999999967e-04	1.166867930029442599e-03
7.190000000000000210e-04	1.169288108873039588e-03
7.199999999999999369e-04	1.171683165721977126e-03
7.209999999999999612e-04	1.174052486480880834e-03
7.219999999999999855e-04	1.176395457054376769e-03
7.230000000000000098e-04	1.178711463347090985e-03
7.239999999999999257e-04	1.180999891263648238e-03
7.249999999999999500e-04	1.183260126708675451e-03
7.259999999999999743e-04	1.185491555586798244e-03
7.269999999999999987e-04	1.187693563802642242e-03
7.279999999999999145e-04	1.189865537260833064e-03
7.289999999999999388e-04	1.192006861865997202e-03
7.299999999999999632e-04	1.194116923522759843e-03
7.309999999999999875e-04	1.196195108135747476e-03
7.320000000000000118e-04	1.198240801609585723e-03
7.329999999999999277e-04	1.200253389848899340e-03
7.339999999999999520e-04	1.202232258758315899e-03
7.349999999999999763e-04	1.204176794242460373e-03
7.360000000000000006e-04	1.206086382205958816e-03
7.369999999999999165e-04	1.207960408553436418e-03
7.379999999999999408e-04	1.209798259189519450e-03
7.389999999999999651e-04	1.211599320018834185e-03
7.399999999999999894e-04	1.213362976946005811e-03
7.410000000000000137e-04	1.215088615875660819e-03
7.419999999999999296e-04	1.216775622712424395e-03
7.429999999999999539e-04	1.218423383360922596e-03
7.439999999999999782e-04	1.220031283725781478e-03
7.450000000000000025e-04	1.221598709711626662e-03
7.459999999999999184e-04	1.223125047223083770e-03
7.469999999999999427e-04	1.224609682164779292e-03
7.479999999999999670e-04	1.226052000441338417e-03
7.489999999999999913e-04	1.227451387957386765e-03
7.500000000000000156e-04	1.228807230617551260e-03
7.509999999999999315e-04	1.230118914326456874e-03
7.519999999999999558e-04	1.231385824988729880e-03
7.529999999999999801e-04	1.232607348508995681e-03
7.540000000000000044e-04	1.233782870791880551e-03
7.549999999999999203e-04	1.234911777742009895e-03
7.559999999999999446e-04	1.235993455264009768e-03
7.569999999999999689e-04	1.237027289262506010e-03
7.579999999999999932e-04	1.238012665642124460e-03
7.590000000000000175e-04	1.238948970307491172e-03
7.599999999999999334e-04	1.239835589163231552e-03
7.609999999999999577e-04	1.240671908113971655e-03
7.619999999999999820e-04	1.241457313064337539e-03
7.630000000000000063e-04	1.242191189918954823e-03
7.639999999999999222e-04	1.242872924582448697e-03
7.649999999999999465e-04	1.243501902959446084e-03
7.659999999999999708e-04	1.244077510954572823e-03
7.669999999999999951e-04	1.244599134472453668e-03
7.680000000000000195e-04	1.245066159417715108e-03
7.689999999999999353e-04	1.245477971694983199e-03
7.699999999999999597e-04	1.245833957208883347e-03
7.709999999999999840e-04	1.246133501864041607e-03
7.720000000000000083e-04	1.246375991565084034e-03
7.729999999999999242e-04	1.246560812216635818e-03
7.739999999999999485e-04	1.246687349723323446e-03
7.749999999999999728e-04	1.246754989989772326e-03
7.759999999999999971e-04	1.246763118920608511e-03
7.769999999999999130e-04	1.246711122420458059e-03
7.779999999999999373e-04	1.246598386393946156e-03
7.789999999999999616e-04	1.246424296745699293e-03
7.799999999999999859e-04	1.246188239380342658e-03
7.810000000000000102e-04	1.245889600202502740e-03
7.819999999999999261e-04	1.245527765116805161e-03
7.829999999999999504e-04	1.245102120027875327e-03
7.839999999999999747e-04	1.244612050840339726e-03
7.849999999999999990e-04	1.244056943458823547e-03
7.859999999999999149e-04	1.243436183787953496e-03
7.869999999999999392e-04	1.242749157732354545e-03
7.879999999999999635e-04	1.241995251196653183e-03
7.889999999999999878e-04	1.241173850085475032e-03
7.900000000000000121e-04	1.240284340303445497e-03
7.909999999999999280e-04	1.239326107755190851e-03
7.919999999999999523e-04	1.238298538345336932e-03
7.929999999999999766e-04	1.237201017978509145e-03
7.940000000000000009e-04	1.236032932559333981e-03
7.949999999999999168e-04	1.234793667992437061e-03
7.959999999999999411e-04	1.233482610182443789e-03
7.969999999999999654e-04	1.232099145033980440e-03
7.979999999999999897e-04	1.230642658451672634e-03
7.990000000000000140e-04	1.229112536340146644e-03
7.999999999999999299e-04	1.227508164604027875e-03
8.009999999999999542e-04	1.225828929147942167e-03
8.019999999999999785e-04	1.224074215876515357e-03
8.030000000000000028e-04	1.222243410694373502e-03
8.039999999999999187e-04	1.220335899506142657e-03
8.049999999999999430e-04	1.218351068216447577e-03
8.059999999999999673e-04	1.216288302729915402e-03
8.069999999999999916e-04	1.214146988951171104e-03
8.080000000000000160e-04	1.211926512784840954e-03
8.089999999999999318e-04	1.209626260135550791e-03
8.099999999999999561e-04	1.207245616907926021e-03
8.109999999999999805e-04	1.204783969006592700e-03
8.120000000000000048e-04	1.202240702336176883e-03
8.129999999999999206e-04	1.199615202801304625e-03
8.139999999999999450e-04	1.196906856306601116e-03
8.149999999999999693e-04	1.194115048756692193e-03
8.159999999999999936e-04	1.191239166056204130e-03
8.169999999999999095e-04	1.188278594109762982e-03
8.179999999999999338e-04	1.185232718821993721e-03
8.189999999999999581e-04	1.182100926097522618e-03
8.199999999999999824e-04	1.178882601840975947e-03
8.210000000000000067e-04	1.175577131956978896e-03
8.219999999999999226e-04	1.172183902350157955e-03
8.229999999999999469e-04	1.168702298925138093e-03
8.239999999999999712e-04	1.165131707586545802e-03
8.249999999999999955e-04	1.161471514239006703e-03
8.259999999999999114e-04	1.157721104787146852e-03
8.269999999999999357e-04	1.153879865135591654e-03
8.279999999999999600e-04	1.149947181188966947e-03
8.289999999999999843e-04	1.145922438851899004e-03
8.300000000000000086e-04	1.141805024029013665e-03
8.309999999999999245e-04	1.137594322624936767e-03
8.319999999999999488e-04	1.133289720544293283e-03
8.329999999999999731e-04	1.128890603691710135e-03
8.339999999999999974e-04	1.124396357971812511e-03
8.349999999999999133e-04	1.119806369289227336e-03
8.359999999999999376e-04	1.115120023548578712e-03
8.369999999999999619e-04	1.110336706654493346e-03
8.379999999999999862e-04	1.105455804511597077e-03
8.390000000000000105e-04	1.100476703024515744e-03
8.399999999999999264e-04	1.095398788097875619e-03
8.409999999999999507e-04	1.090221445636301890e-03
8.419999999999999750e-04	1.084944061544420397e-03
8.429999999999999993e-04	1.079566021726857195e-03
8.439999999999999152e-04	1.074086712088238773e-03
8.449999999999999395e-04	1.068505518533189452e-03
8.459999999999999638e-04	1.062821826966336156e-03
