-2.289999999999999826e-04	8.698798008119118432e-04
-2.279999999999999854e-04	8.448387397975956788e-04
-2.269999999999999882e-04	8.210001695976155804e-04
-2.259999999999999910e-04	7.983418101638386230e-04
-2.249999999999999938e-04	7.768413814481314478e-04
-2.239999999999999966e-04	7.564766034023609129e-04
-2.229999999999999994e-04	7.372251959783943098e-04
-2.220000000000000022e-04	7.190648791280986052e-04
-2.209999999999999779e-04	7.019733728033403317e-04
-2.199999999999999807e-04	6.859283969559868896e-04
-2.189999999999999835e-04	6.709076715379054621e-04
-2.179999999999999863e-04	6.568889165009625820e-04
-2.169999999999999891e-04	6.438498517970251073e-04
-2.159999999999999919e-04	6.317681973779601130e-04
-2.149999999999999947e-04	6.206216731956348907e-04
-2.139999999999999975e-04	6.103879992019160816e-04
-2.130000000000000003e-04	6.010448953486706523e-04
-2.120000000000000031e-04	5.925700815877657859e-04
-2.109999999999999788e-04	5.849412778710675817e-04
-2.099999999999999816e-04	5.781362041504441987e-04
-2.089999999999999844e-04	5.721325803777621696e-04
-2.079999999999999872e-04	5.669081265048881357e-04
-2.069999999999999900e-04	5.624405624836893887e-04
-2.059999999999999928e-04	5.587076082660328950e-04
-2.049999999999999956e-04	5.556869838037851875e-04
-2.039999999999999984e-04	5.533564090488136663e-04
-2.030000000000000012e-04	5.516936039529851893e-04
-2.020000000000000040e-04	5.506762884681666147e-04
-2.009999999999999797e-04	5.502821825462250174e-04
-1.999999999999999825e-04	5.504890061390272553e-04
-1.989999999999999853e-04	5.512744791984401866e-04
-1.979999999999999881e-04	5.526163216763312113e-04
-1.969999999999999909e-04	5.544922535245667538e-04
-1.959999999999999937e-04	5.568799946950143227e-04
-1.949999999999999965e-04	5.597572651395403423e-04
-1.939999999999999993e-04	5.631017848100119960e-04
-1.930000000000000021e-04	5.668912736582962502e-04
-1.920000000000000049e-04	5.711034516362600713e-04
-1.909999999999999806e-04	5.757160386957704259e-04
-1.899999999999999834e-04	5.807067547886942804e-04
-1.889999999999999862e-04	5.860533198668984927e-04
-1.879999999999999890e-04	5.917334538822500295e-04
-1.869999999999999917e-04	5.977248767866159655e-04
-1.859999999999999945e-04	6.040053085318631589e-04
-1.849999999999999973e-04	6.105524690698586844e-04
-1.840000000000000001e-04	6.173440783524692917e-04
-1.830000000000000029e-04	6.243578563315621641e-04
-1.819999999999999786e-04	6.315715229590043766e-04
-1.809999999999999814e-04	6.389627981866625702e-04
-1.799999999999999842e-04	6.465094019664036030e-04
-1.789999999999999870e-04	6.541890542500947668e-04
-1.779999999999999898e-04	6.619794749896029196e-04
-1.769999999999999926e-04	6.698583841367947026e-04
-1.759999999999999954e-04	6.778035016435378412e-04
-1.749999999999999982e-04	6.857925474616985428e-04
-1.740000000000000010e-04	6.938032415431440994e-04
-1.730000000000000038e-04	7.018133038397413688e-04
-1.719999999999999795e-04	7.098004543033575343e-04
-1.709999999999999823e-04	7.177424128858594541e-04
-1.699999999999999851e-04	7.256168995391136609e-04
-1.689999999999999879e-04	7.334016342149875549e-04
-1.679999999999999907e-04	7.410743368653479940e-04
-1.669999999999999935e-04	7.486127274420619447e-04
-1.659999999999999963e-04	7.559945258969963736e-04
-1.649999999999999991e-04	7.631974521820182470e-04
-1.640000000000000019e-04	7.701992262489945314e-04
-1.630000000000000047e-04	7.769775680497919765e-04
-1.619999999999999804e-04	7.835101975362781992e-04
-1.609999999999999832e-04	7.897748346603194070e-04
-1.599999999999999860e-04	7.957491993737826749e-04
-1.589999999999999888e-04	8.014110116285348608e-04
-1.579999999999999916e-04	8.067379913764437986e-04
-1.569999999999999944e-04	8.117078585693755875e-04
-1.559999999999999972e-04	8.162983331591973021e-04
-1.550000000000000000e-04	8.204871350977760176e-04
-1.540000000000000028e-04	8.242519843369790255e-04
-1.530000000000000056e-04	8.275706008286727502e-04
-1.519999999999999813e-04	8.304207045247241582e-04
-1.509999999999999841e-04	8.327800153770006496e-04
-1.499999999999999869e-04	8.346262533373689741e-04
-1.489999999999999897e-04	8.359371383576959897e-04
-1.479999999999999925e-04	8.366903903898487713e-04
-1.469999999999999953e-04	8.368637293856939600e-04
-1.459999999999999981e-04	8.364348752970989561e-04
-1.450000000000000009e-04	8.353815480759304007e-04
-1.440000000000000036e-04	8.336814676740559107e-04
-1.430000000000000064e-04	8.313123540433415854e-04
-1.419999999999999821e-04	8.282519271356546080e-04
-1.409999999999999849e-04	8.244779069028619449e-04
-1.399999999999999877e-04	8.199680132968309963e-04
-1.389999999999999905e-04	8.146999662694282950e-04
-1.379999999999999933e-04	8.086514857725209159e-04
-1.369999999999999961e-04	8.018002917579757170e-04
-1.359999999999999989e-04	7.941241041776596647e-04
-1.350000000000000017e-04	7.856006429834399424e-04
-1.340000000000000045e-04	7.762076281271834081e-04
-1.330000000000000073e-04	7.659227795607567030e-04
-1.319999999999999830e-04	7.547238172360267935e-04
-1.309999999999999858e-04	7.425884611048617304e-04
-1.299999999999999886e-04	7.294944311191272875e-04
-1.289999999999999914e-04	7.154194472306903228e-04
-1.279999999999999942e-04	7.003412293914185616e-04
-1.269999999999999970e-04	6.842374975531789706e-04
-1.259999999999999998e-04	6.670859716678378655e-04
-1.250000000000000026e-04	6.488643716872622130e-04
-1.240000000000000054e-04	6.295504175633198467e-04
-1.229999999999999811e-04	6.091218292478766489e-04
-1.219999999999999974e-04	5.875563266928008873e-04
-1.210000000000000002e-04	5.648316298499579018e-04
-1.199999999999999895e-04	5.409254586712152011e-04
-1.189999999999999923e-04	5.158155331084406190e-04
-1.179999999999999951e-04	4.894795731135005799e-04
-1.169999999999999979e-04	4.618952986382619417e-04
-1.160000000000000007e-04	4.330404296345913458e-04
-1.149999999999999899e-04	4.028926860543560837e-04
-1.139999999999999927e-04	3.714297878494234473e-04
-1.129999999999999955e-04	3.386335938186325802e-04
-1.119999999999999983e-04	3.045025181487113347e-04
-1.110000000000000011e-04	2.690391138733614208e-04
-1.099999999999999904e-04	2.322459340262826512e-04
-1.089999999999999932e-04	1.941255316411768714e-04
-1.079999999999999960e-04	1.546804597517446259e-04
-1.069999999999999988e-04	1.139132713916865948e-04
-1.060000000000000016e-04	7.182651959470400015e-05
-1.049999999999999908e-04	2.842275739449689180e-05
-1.039999999999999936e-04	-1.629546217523350813e-05
-1.029999999999999964e-04	-6.232558608078539474e-05
-1.019999999999999992e-04	-1.096650612884591180e-04
-1.010000000000000020e-04	-1.583113347645534897e-04
-9.999999999999999124e-05	-2.082618534753680737e-04
-9.899999999999999404e-05	-2.595140643872011601e-04
-9.799999999999999684e-05	-3.120654144663526108e-04
-9.699999999999999963e-05	-3.659133506791207159e-04
-9.600000000000000243e-05	-4.210553199918059880e-04
-9.499999999999999168e-05	-4.774887693707074218e-04
-9.399999999999999448e-05	-5.352111457821220062e-04
-9.299999999999999727e-05	-5.942198961923515549e-04
-9.200000000000000007e-05	-6.545124675676936531e-04
-9.099999999999998932e-05	-7.160863068744493555e-04
-8.999999999999999212e-05	-7.789388610789146211e-04
-8.899999999999999491e-05	-8.430675771473911551e-04
-8.799999999999999771e-05	-9.084699020461771933e-04
-8.700000000000000051e-05	-9.751432827415724893e-04
-8.599999999999998976e-05	-1.043085166199876363e-03
-8.499999999999999255e-05	-1.112292999387386400e-03
-8.399999999999999535e-05	-1.182764229270403221e-03
-8.299999999999999815e-05	-1.254496302815224194e-03
-8.200000000000000095e-05	-1.327486666988151459e-03
-8.099999999999999019e-05	-1.401732768755482817e-03
-7.999999999999999299e-05	-1.477232055083515854e-03
-7.899999999999999579e-05	-1.553981972938551625e-03
-7.799999999999999859e-05	-1.631979969286888148e-03
-7.700000000000000139e-05	-1.711223491094825177e-03
-7.599999999999999063e-05	-1.791709985328662682e-03
-7.499999999999999343e-05	-1.873436898954698683e-03
-7.399999999999999623e-05	-1.956401678939232499e-03
-7.299999999999999903e-05	-2.040601772248562800e-03
-7.200000000000000182e-05	-2.126034625848988689e-03
-7.099999999999999107e-05	-2.212697686706812956e-03
-6.999999999999999387e-05	-2.300588401788329282e-03
-6.899999999999999667e-05	-2.389704218059840023e-03
-6.799999999999999946e-05	-2.480042582487643199e-03
-6.700000000000000226e-05	-2.571600942038038129e-03
-6.599999999999999151e-05	-2.664376743677325868e-03
-6.499999999999999431e-05	-2.758367434371802700e-03
-6.399999999999999710e-05	-2.853570461087769246e-03
-6.299999999999999990e-05	-2.949983270791524392e-03
-6.200000000000000270e-05	-3.047603310449367026e-03
-6.099999999999999872e-05	-3.146428027027596899e-03
-5.999999999999999474e-05	-3.246454867492513767e-03
-5.899999999999999754e-05	-3.347681278810414780e-03
-5.800000000000000034e-05	-3.450104707947600994e-03
-5.699999999999999636e-05	-3.553722601870370860e-03
-5.599999999999999916e-05	-3.658532407545022399e-03
-5.499999999999999518e-05	-3.764513862320983863e-03
-5.399999999999999798e-05	-3.871575865080185801e-03
-5.300000000000000078e-05	-3.979609605087689427e-03
-5.199999999999999680e-05	-4.088506271608552921e-03
-5.099999999999999960e-05	-4.198157053907836632e-03
-4.999999999999999562e-05	-4.308453141250600908e-03
-4.899999999999999842e-05	-4.419285722901904363e-03
-4.800000000000000122e-05	-4.530545988126805611e-03
-4.699999999999999724e-05	-4.642125126190366734e-03
-4.600000000000000004e-05	-4.753914326357643744e-03
-4.499999999999999606e-05	-4.865804777893699591e-03
-4.399999999999999886e-05	-4.977687670063590288e-03
-4.299999999999999488e-05	-5.089454192132378783e-03
-4.199999999999999768e-05	-5.200995533365121958e-03
-4.100000000000000047e-05	-5.312202883026883628e-03
-3.999999999999999650e-05	-5.422967430382718938e-03
-3.899999999999999929e-05	-5.533180364697688237e-03
-3.799999999999999532e-05	-5.642732875236854476e-03
-3.699999999999999811e-05	-5.751516151265271930e-03
-3.600000000000000091e-05	-5.859421382048001815e-03
-3.499999999999999693e-05	-5.966339756850105348e-03
-3.399999999999999973e-05	-6.072162464936642010e-03
-3.299999999999999575e-05	-6.176780695572669545e-03
-3.199999999999999855e-05	-6.280085638023250039e-03
-3.100000000000000135e-05	-6.381968481553440369e-03
-2.999999999999999737e-05	-6.482320415428302618e-03
-2.900000000000000017e-05	-6.581032628912894533e-03
-2.799999999999999958e-05	-6.677996311272275595e-03
-2.699999999999999899e-05	-6.773102651771504418e-03
-2.599999999999999840e-05	-6.866242839675644818e-03
-2.499999999999999781e-05	-6.957308064249753676e-03
-2.400000000000000061e-05	-7.046189514758887870e-03
-2.300000000000000002e-05	-7.132778380468110350e-03
-2.199999999999999943e-05	-7.216965850642477996e-03
-2.099999999999999884e-05	-7.298643114547053758e-03
-1.999999999999999825e-05	-7.377701361446896249e-03
-1.899999999999999766e-05	-7.454031780607065817e-03
-1.800000000000000046e-05	-7.527525561292616740e-03
-1.699999999999999987e-05	-7.598073892768613703e-03
-1.599999999999999928e-05	-7.665567964300114452e-03
-1.499999999999999869e-05	-7.729898965152181070e-03
-1.399999999999999979e-05	-7.790958084589867834e-03
-1.299999999999999920e-05	-7.848636511878242031e-03
-1.200000000000000030e-05	-7.902825436282352733e-03
-1.099999999999999971e-05	-7.953416047067269831e-03
-9.999999999999999124e-06	-8.000299533498046733e-03
-9.000000000000000228e-06	-8.043367084839743789e-03
-7.999999999999999638e-06	-8.082509890357423080e-03
-6.999999999999999895e-06	-8.117619139316141486e-03
-6.000000000000000152e-06	-8.148586020980959355e-03
-4.999999999999999562e-06	-8.175301724616938770e-03
-3.999999999999999819e-06	-8.197657439489134876e-03
-3.000000000000000076e-06	-8.215544354862609755e-03
-1.999999999999999909e-06	-8.228853660002423756e-03
-9.999999999999999547e-07	-8.237476544173632023e-03
0.000000000000000000e+00	-8.241304196641298374e-03
9.999999999999999547e-07	-8.240227806670481422e-03
1.999999999999999909e-06	-8.234170524471009014e-03
3.000000000000000076e-06	-8.223183344031817152e-03
3.999999999999999819e-06	-8.207349220286585048e-03
4.999999999999999562e-06	-8.186751108169016203e-03
6.000000000000000152e-06	-8.161471962612807177e-03
6.999999999999999895e-06	-8.131594738551647591e-03
7.999999999999999638e-06	-8.097202390919234008e-03
9.000000000000000228e-06	-8.058377874649266456e-03
9.999999999999999124e-06	-8.015204144675438028e-03
1.099999999999999971e-05	-7.967764155931443548e-03
1.200000000000000030e-05	-7.916140863350974374e-03
1.299999999999999920e-05	-7.860417221867730536e-03
1.399999999999999979e-05	-7.800676186415405125e-03
1.499999999999999869e-05	-7.737000711927699906e-03
1.599999999999999928e-05	-7.669473753338300163e-03
1.699999999999999987e-05	-7.598178265580903326e-03
1.800000000000000046e-05	-7.523197203589212026e-03
1.899999999999999766e-05	-7.444613522296913283e-03
1.999999999999999825e-05	-7.362510176637708861e-03
2.099999999999999884e-05	-7.276970121545290118e-03
2.199999999999999943e-05	-7.188076311953351012e-03
2.300000000000000002e-05	-7.095911702795588971e-03
2.400000000000000061e-05	-7.000559249005701423e-03
2.499999999999999781e-05	-6.902101905517380592e-03
2.599999999999999840e-05	-6.800622627264323906e-03
2.699999999999999899e-05	-6.696204369180220120e-03
2.799999999999999958e-05	-6.588930086198775335e-03
2.900000000000000017e-05	-6.478882733253676571e-03
2.999999999999999737e-05	-6.366145265278622123e-03
3.100000000000000135e-05	-6.250800637207306817e-03
3.199999999999999855e-05	-6.132931803973427215e-03
3.299999999999999575e-05	-6.012621720510676407e-03
3.399999999999999973e-05	-5.889953341752750086e-03
3.499999999999999693e-05	-5.765009622633346549e-03
3.600000000000000091e-05	-5.637873518086154549e-03
3.699999999999999811e-05	-5.508627983044876719e-03
3.799999999999999532e-05	-5.377355972443205283e-03
3.899999999999999929e-05	-5.244140441214834199e-03
3.999999999999999650e-05	-5.109064344293460895e-03
4.100000000000000047e-05	-4.972210636612778463e-03
4.199999999999999768e-05	-4.833662273106484331e-03
4.299999999999999488e-05	-4.693502208708272457e-03
4.399999999999999886e-05	-4.551813398351839401e-03
4.499999999999999606e-05	-4.408678796970879124e-03
4.600000000000000004e-05	-4.264181359499085583e-03
4.699999999999999724e-05	-4.118404040870157073e-03
4.800000000000000122e-05	-3.971429796017786687e-03
4.899999999999999842e-05	-3.823341579875673586e-03
4.999999999999999562e-05	-3.674222347377509128e-03
5.099999999999999960e-05	-3.524155053456988138e-03
5.199999999999999680e-05	-3.373222653047808477e-03
5.300000000000000078e-05	-3.221508101083663238e-03
5.399999999999999798e-05	-3.069094352498248548e-03
5.499999999999999518e-05	-2.916064362225262267e-03
5.599999999999999916e-05	-2.762501085198394886e-03
5.699999999999999636e-05	-2.608487476351345133e-03
5.800000000000000034e-05	-2.454106490617807834e-03
5.899999999999999754e-05	-2.299441082931477816e-03
5.999999999999999474e-05	-2.144566876369138810e-03
6.099999999999999872e-05	-1.989530166579937115e-03
6.200000000000000270e-05	-1.834369917356104031e-03
6.299999999999999990e-05	-1.679125092489875196e-03
6.399999999999999710e-05	-1.523834655773484946e-03
6.499999999999999431e-05	-1.368537570999165450e-03
6.599999999999999151e-05	-1.213272801959151045e-03
6.700000000000000226e-05	-1.058079312445673031e-03
6.799999999999999946e-05	-9.029960662509695394e-04
6.899999999999999667e-05	-7.480620271672715465e-04
6.999999999999999387e-05	-5.933161589868146896e-04
7.099999999999999107e-05	-4.387974255018302697e-04
7.200000000000000182e-05	-2.845447905045513223e-04
7.299999999999999903e-05	-1.305972177872163854e-04
7.399999999999999623e-05	2.300632885794441911e-05
7.499999999999999343e-05	1.762268856386969580e-04
7.599999999999999063e-05	3.290254887628067454e-04
7.700000000000000139e-05	4.813631744380422500e-04
7.799999999999999859e-05	6.332009788721668043e-04
7.899999999999999579e-05	7.844999382729467763e-04
7.999999999999999299e-05	9.352210888481507023e-04
8.099999999999999019e-05	1.085325466805543053e-03
8.200000000000000095e-05	1.234774108352893396e-03
8.299999999999999815e-05	1.383528049697962730e-03
8.399999999999999535e-05	1.531548327048519323e-03
8.499999999999999255e-05	1.678795976612331223e-03
8.599999999999998976e-05	1.825232034597162791e-03
8.700000000000000051e-05	1.970817537210782511e-03
8.799999999999999771e-05	2.115513520660953876e-03
8.899999999999999491e-05	2.259281021155445154e-03
8.999999999999999212e-05	2.402081074902019404e-03
9.099999999999998932e-05	2.543874718108447494e-03
9.200000000000000007e-05	2.684622986982495088e-03
9.299999999999999727e-05	2.824286917731923946e-03
9.399999999999999448e-05	2.962827546564504068e-03
9.499999999999999168e-05	3.100205909688000683e-03
9.600000000000000243e-05	3.236383043310182058e-03
9.699999999999999963e-05	3.371319983638811253e-03
9.799999999999999684e-05	3.504977766881655233e-03
9.899999999999999404e-05	3.637317429246481396e-03
9.999999999999999124e-05	3.768300006941054971e-03
1.010000000000000020e-04	3.897886536173145091e-03
1.019999999999999992e-04	4.026038053150516119e-03
1.029999999999999964e-04	4.152715594080930682e-03
1.039999999999999936e-04	4.277880195172160081e-03
1.049999999999999908e-04	4.401492892631969980e-03
1.060000000000000016e-04	4.523514722668125175e-03
1.069999999999999988e-04	4.643906721488391329e-03
1.079999999999999960e-04	4.762629925300534972e-03
1.089999999999999932e-04	4.879645370312323503e-03
1.099999999999999904e-04	4.994914092731523453e-03
1.110000000000000011e-04	5.108397128765900484e-03
1.119999999999999983e-04	5.220055514623219393e-03
1.129999999999999955e-04	5.329850286511247578e-03
1.139999999999999927e-04	5.437742480637753305e-03
1.149999999999999899e-04	5.543693133210498766e-03
1.160000000000000007e-04	5.647663280437255698e-03
1.169999999999999979e-04	5.749623243324086287e-03
1.179999999999999951e-04	5.849580482070272647e-03
1.189999999999999923e-04	5.947551741673386475e-03
1.199999999999999895e-04	6.043553767131012479e-03
1.210000000000000002e-04	6.137603303440728429e-03
1.219999999999999974e-04	6.229717095600110360e-03
1.229999999999999811e-04	6.319911888606735174e-03
1.240000000000000054e-04	6.408204427458187580e-03
1.250000000000000026e-04	6.494611457152040142e-03
1.259999999999999998e-04	6.579149722685874099e-03
1.269999999999999970e-04	6.661835969057268957e-03
1.279999999999999942e-04	6.742686941263799014e-03
1.289999999999999914e-04	6.821719384303045509e-03
1.299999999999999886e-04	6.898950043172588815e-03
1.309999999999999858e-04	6.974395662870003232e-03
1.319999999999999830e-04	7.048072988392872600e-03
1.330000000000000073e-04	7.119998764738770351e-03
1.340000000000000045e-04	7.190189736905276859e-03
1.350000000000000017e-04	7.258662649889969024e-03
1.359999999999999989e-04	7.325434248690428952e-03
1.369999999999999961e-04	7.390521278304234415e-03
1.379999999999999933e-04	7.453940483728962313e-03
1.389999999999999905e-04	7.515708609962187814e-03
1.399999999999999877e-04	7.575842402001493892e-03
1.409999999999999849e-04	7.634358604844459183e-03
1.419999999999999821e-04	7.691273963488662324e-03
1.430000000000000064e-04	7.746605222931681085e-03
1.440000000000000036e-04	7.800369128171089766e-03
1.450000000000000009e-04	7.852582424204475678e-03
1.459999999999999981e-04	7.903261856029408783e-03
1.469999999999999953e-04	7.952424168643470320e-03
1.479999999999999925e-04	8.000086107044241529e-03
1.489999999999999897e-04	8.046264416229294975e-03
1.499999999999999869e-04	8.090975841196218835e-03
1.509999999999999841e-04	8.134237126942580470e-03
1.519999999999999813e-04	8.176065018465964590e-03
1.530000000000000056e-04	8.216476260763950698e-03
1.540000000000000028e-04	8.255487598834113094e-03
1.550000000000000000e-04	8.293115777674036487e-03
1.559999999999999972e-04	8.329377542281288238e-03
1.569999999999999944e-04	8.364289637653459994e-03
1.579999999999999916e-04	8.397868808788122585e-03
1.589999999999999888e-04	8.430131800682857252e-03
1.599999999999999860e-04	8.461095358335238292e-03
1.609999999999999832e-04	8.490776226742850416e-03
1.619999999999999804e-04	8.519191150903264453e-03
1.630000000000000047e-04	8.546356875814068582e-03
1.640000000000000019e-04	8.572290146472833633e-03
1.649999999999999991e-04	8.597007707877140845e-03
1.659999999999999963e-04	8.620526305024567987e-03
1.669999999999999935e-04	8.642862682912691094e-03
1.679999999999999907e-04	8.664033586539096610e-03
1.689999999999999879e-04	8.684055760901353629e-03
1.699999999999999851e-04	8.702945950997046862e-03
1.709999999999999823e-04	8.720720901823755811e-03
1.719999999999999795e-04	8.737397358379051307e-03
1.730000000000000038e-04	8.752992065660518059e-03
1.740000000000000010e-04	8.767521768665732101e-03
1.749999999999999982e-04	8.781003212392272939e-03
1.759999999999999954e-04	8.793453141837721809e-03
1.769999999999999926e-04	8.804888301999651279e-03
1.779999999999999898e-04	8.815325437875642586e-03
1.789999999999999870e-04	8.824781294463275236e-03
1.799999999999999842e-04	8.833272616760126997e-03
1.809999999999999814e-04	8.840816149763779108e-03
1.819999999999999786e-04	8.847428638471802401e-03
1.830000000000000029e-04	8.853126827881783317e-03
1.840000000000000001e-04	8.857927462991297893e-03
1.849999999999999973e-04	8.861847288797918692e-03
1.859999999999999945e-04	8.864903050299237364e-03
1.869999999999999917e-04	8.867111492492821267e-03
1.879999999999999890e-04	8.868489360376248173e-03
1.889999999999999862e-04	8.869053398947106259e-03
1.899999999999999834e-04	8.868820353202966356e-03
1.909999999999999806e-04	8.867806968141404497e-03
1.920000000000000049e-04	8.866029988760008862e-03
1.930000000000000021e-04	8.863506160056352015e-03
1.939999999999999993e-04	8.860252227028011726e-03
1.949999999999999965e-04	8.856284934672569234e-03
1.959999999999999937e-04	8.851621027987598839e-03
1.969999999999999909e-04	8.846277251970686983e-03
1.979999999999999881e-04	8.840270351619401029e-03
1.989999999999999853e-04	8.833617071931329154e-03
1.999999999999999825e-04	8.826334157904043923e-03
2.009999999999999797e-04	8.818438354535124840e-03
2.020000000000000040e-04	8.809946406822154880e-03
2.030000000000000012e-04	8.800875059762708341e-03
2.039999999999999984e-04	8.791241058354362994e-03
2.049999999999999956e-04	8.781061147594700078e-03
2.059999999999999928e-04	8.770352072481295627e-03
2.069999999999999900e-04	8.759130578011729146e-03
2.079999999999999872e-04	8.747413409183581873e-03
2.089999999999999844e-04	8.735217310994429843e-03
2.099999999999999816e-04	8.722559028441847356e-03
2.109999999999999788e-04	8.709455306523422591e-03
2.120000000000000031e-04	8.695922890236724642e-03
2.130000000000000003e-04	8.681978524579336484e-03
2.139999999999999975e-04	8.667638954548835886e-03
2.149999999999999947e-04	8.652920925142798883e-03
2.159999999999999919e-04	8.637841181358811918e-03
2.169999999999999891e-04	8.622416468194445821e-03
2.179999999999999863e-04	8.606663530647280097e-03
2.189999999999999835e-04	8.590599113714894250e-03
2.199999999999999807e-04	8.574239962394866049e-03
2.209999999999999779e-04	8.557602821684774999e-03
2.220000000000000022e-04	8.540704436582202339e-03
2.229999999999999994e-04	8.523561552084720633e-03
2.239999999999999966e-04	8.506190913189914590e-03
2.249999999999999938e-04	8.488609264895356776e-03
2.259999999999999910e-04	8.470833352198628430e-03
2.269999999999999882e-04	8.452879920097309055e-03
2.279999999999999854e-04	8.434765713588974687e-03
2.289999999999999826e-04	8.416507477671208298e-03
2.299999999999999799e-04	8.398121957341582455e-03
2.309999999999999771e-04	8.379625897597678397e-03
2.320000000000000014e-04	8.361033374424195128e-03
2.329999999999999986e-04	8.342347787754302718e-03
2.339999999999999958e-04	8.323569868508295944e-03
2.349999999999999930e-04	8.304700347606471314e-03
2.359999999999999902e-04	8.285739955969109727e-03
2.369999999999999874e-04	8.266689424516512896e-03
2.379999999999999846e-04	8.247549484168972128e-03
2.389999999999999818e-04	8.228320865846780463e-03
2.399999999999999790e-04	8.209004300470224003e-03
2.409999999999999762e-04	8.189600518959602726e-03
2.420000000000000005e-04	8.170110252235206205e-03
2.429999999999999977e-04	8.150534231217327480e-03
2.439999999999999949e-04	8.130873186826257856e-03
2.449999999999999921e-04	8.111127849982286905e-03
2.459999999999999622e-04	8.091298951605714607e-03
2.469999999999999865e-04	8.071387222616827062e-03
2.480000000000000108e-04	8.051393393935922516e-03
2.489999999999999809e-04	8.031318196483283600e-03
2.500000000000000052e-04	8.011162361179213764e-03
2.509999999999999753e-04	7.990926618943997375e-03
2.519999999999999996e-04	7.970611700697932678e-03
2.529999999999999697e-04	7.950218337361309243e-03
2.539999999999999940e-04	7.929747259854416641e-03
2.549999999999999641e-04	7.909199199097553118e-03
2.559999999999999884e-04	7.888574886011006509e-03
2.570000000000000127e-04	7.867875051515073326e-03
2.579999999999999828e-04	7.847100426530044873e-03
2.590000000000000071e-04	7.826251741976207252e-03
2.599999999999999772e-04	7.805329728773862177e-03
2.610000000000000015e-04	7.784335117843296618e-03
2.619999999999999716e-04	7.763268640104807085e-03
2.629999999999999959e-04	7.742131026478681413e-03
2.639999999999999660e-04	7.720923007885213511e-03
2.649999999999999903e-04	7.699645315244697287e-03
2.660000000000000146e-04	7.678298679477424046e-03
2.669999999999999847e-04	7.656883831503687697e-03
2.680000000000000090e-04	7.635401502243775208e-03
2.689999999999999791e-04	7.613852422617989162e-03
2.700000000000000035e-04	7.592237323546612189e-03
2.709999999999999735e-04	7.570556935949941668e-03
2.719999999999999979e-04	7.548811990748269772e-03
2.729999999999999680e-04	7.527003218861886939e-03
2.739999999999999923e-04	7.505131351211087078e-03
2.749999999999999624e-04	7.483197118716162360e-03
2.759999999999999867e-04	7.461201252297405828e-03
2.770000000000000110e-04	7.439144482875107919e-03
2.779999999999999811e-04	7.417027541369564277e-03
2.790000000000000054e-04	7.394851158701062736e-03
2.799999999999999755e-04	7.372616065789901543e-03
2.809999999999999998e-04	7.350322993556367666e-03
2.819999999999999699e-04	7.327972672920757616e-03
2.829999999999999942e-04	7.305565834803360963e-03
2.839999999999999643e-04	7.283103210124472482e-03
2.849999999999999886e-04	7.260585529804383480e-03
2.860000000000000129e-04	7.238013524763386129e-03
2.869999999999999830e-04	7.215387925921773471e-03
2.880000000000000073e-04	7.192709464199837678e-03
2.889999999999999774e-04	7.169978870517870057e-03
2.900000000000000017e-04	7.147196875796165381e-03
2.909999999999999718e-04	7.124364210955014091e-03
2.919999999999999961e-04	7.101481606914709227e-03
2.929999999999999662e-04	7.078549794595543829e-03
2.939999999999999905e-04	7.055569504917809202e-03
2.949999999999999606e-04	7.032541468801801858e-03
2.959999999999999849e-04	7.009466417167805295e-03
2.970000000000000092e-04	6.986345080936120361e-03
2.979999999999999793e-04	6.963178191027036626e-03
2.990000000000000036e-04	6.939966478360844529e-03
2.999999999999999737e-04	6.916710673857841447e-03
3.009999999999999980e-04	6.893411508438316952e-03
3.019999999999999681e-04	6.870069713022562349e-03
3.029999999999999924e-04	6.846686018530870679e-03
3.039999999999999625e-04	6.823261155883534983e-03
3.049999999999999868e-04	6.799795856000849167e-03
3.060000000000000111e-04	6.776290849803100202e-03
3.069999999999999812e-04	6.752746868210587200e-03
3.080000000000000055e-04	6.729164642143598864e-03
3.089999999999999756e-04	6.705544902522431704e-03
3.099999999999999999e-04	6.681888380267370954e-03
3.109999999999999700e-04	6.658195806298713992e-03
3.119999999999999944e-04	6.634467911536752124e-03
3.129999999999999644e-04	6.610705426901780993e-03
3.139999999999999888e-04	6.586909083314087567e-03
3.149999999999999589e-04	6.563079611693968356e-03
3.159999999999999832e-04	6.539217742961709462e-03
3.170000000000000075e-04	6.515324208037611732e-03
3.179999999999999776e-04	6.491399737841965605e-03
3.190000000000000019e-04	6.467445063295058048e-03
3.199999999999999720e-04	6.443460915317189043e-03
3.209999999999999963e-04	6.419448024828643823e-03
3.219999999999999664e-04	6.395407122749722367e-03
3.229999999999999907e-04	6.371338940000709043e-03
3.239999999999999608e-04	6.347244207501900361e-03
3.249999999999999851e-04	6.323123656173590228e-03
3.260000000000000094e-04	6.298978016936069083e-03
3.269999999999999795e-04	6.274808020709632568e-03
3.280000000000000038e-04	6.250614398414568521e-03
3.289999999999999739e-04	6.226397880971169113e-03
3.299999999999999982e-04	6.202159199299730856e-03
3.309999999999999683e-04	6.177899084320544187e-03
3.319999999999999926e-04	6.153618266953903015e-03
3.329999999999999627e-04	6.129317478120095176e-03
3.339999999999999870e-04	6.104997448739418048e-03
3.350000000000000113e-04	6.080658909732160333e-03
3.359999999999999814e-04	6.056302592018620277e-03
3.370000000000000057e-04	6.031929226519083982e-03
3.379999999999999758e-04	6.007539544153847957e-03
3.390000000000000001e-04	5.983134275843201774e-03
3.399999999999999702e-04	5.958714152507438473e-03
3.409999999999999945e-04	5.934279905066851095e-03
3.419999999999999646e-04	5.909832264441734415e-03
3.429999999999999889e-04	5.885371961552377136e-03
3.439999999999999590e-04	5.860899727319074902e-03
3.449999999999999833e-04	5.836416292662115549e-03
3.460000000000000076e-04	5.811922388501794719e-03
3.469999999999999777e-04	5.787418745758407188e-03
3.480000000000000020e-04	5.762906095352239924e-03
3.489999999999999721e-04	5.738385168203590306e-03
3.499999999999999964e-04	5.713856695232747036e-03
3.509999999999999665e-04	5.689321407360005758e-03
3.519999999999999908e-04	5.664780035505655176e-03
3.529999999999999609e-04	5.640233310589991798e-03
3.539999999999999853e-04	5.615681963533305197e-03
3.550000000000000096e-04	5.591126725255889281e-03
3.559999999999999797e-04	5.566568326678035354e-03
3.570000000000000040e-04	5.542007498720037326e-03
3.579999999999999741e-04	5.517444972302187368e-03
3.589999999999999984e-04	5.492881478344775054e-03
3.599999999999999685e-04	5.468317747768095156e-03
3.609999999999999928e-04	5.443754511492440717e-03
3.619999999999999629e-04	5.419192500438104777e-03
3.629999999999999872e-04	5.394632445525377774e-03
3.639999999999999573e-04	5.370075077674552749e-03
3.649999999999999816e-04	5.345521127805921008e-03
3.660000000000000059e-04	5.320971326839777325e-03
3.669999999999999760e-04	5.296426405696413008e-03
3.680000000000000003e-04	5.271887095296119360e-03
3.689999999999999704e-04	5.247354126559192027e-03
3.699999999999999947e-04	5.222828230405921444e-03
3.709999999999999648e-04	5.198310137756598920e-03
3.719999999999999891e-04	5.173800579531517493e-03
3.729999999999999592e-04	5.149300286650971073e-03
3.739999999999999835e-04	5.124809990035250097e-03
3.750000000000000078e-04	5.100330420604648474e-03
3.759999999999999779e-04	5.075862309279458376e-03
3.770000000000000022e-04	5.051406386979971977e-03
3.779999999999999723e-04	5.026963384626482317e-03
3.789999999999999966e-04	5.002534033139278968e-03
3.799999999999999667e-04	4.978119063438659307e-03
3.809999999999999910e-04	4.953719206444912038e-03
3.819999999999999611e-04	4.929335193078332802e-03
3.829999999999999854e-04	4.904967754259210305e-03
3.840000000000000097e-04	4.880617620907839321e-03
3.849999999999999798e-04	4.856285523944510289e-03
3.860000000000000041e-04	4.831972194289517984e-03
3.869999999999999742e-04	4.807678362863152845e-03
3.879999999999999985e-04	4.783404760585708779e-03
3.889999999999999686e-04	4.759152118377479694e-03
3.899999999999999929e-04	4.734921167158752560e-03
3.909999999999999630e-04	4.710712637849825621e-03
3.919999999999999873e-04	4.686527261370988448e-03
3.929999999999999574e-04	4.662365768642534949e-03
3.939999999999999817e-04	4.638228890584753829e-03
3.950000000000000061e-04	4.614117358117941596e-03
3.959999999999999762e-04	4.590031902162391292e-03
3.970000000000000005e-04	4.565973253638390753e-03
3.979999999999999706e-04	4.541942143466238223e-03
3.989999999999999949e-04	4.517939302566220672e-03
3.999999999999999650e-04	4.493965461858633742e-03
4.009999999999999893e-04	4.470021352263769607e-03
4.019999999999999594e-04	4.446107704701920439e-03
4.029999999999999837e-04	4.422225250093377545e-03
4.040000000000000080e-04	4.398374719358432230e-03
4.049999999999999781e-04	4.374556843417383607e-03
4.060000000000000024e-04	4.350772353190515175e-03
4.069999999999999725e-04	4.327021979598126913e-03
4.079999999999999968e-04	4.303306453560505791e-03
4.089999999999999669e-04	4.279626505997948319e-03
4.099999999999999912e-04	4.255982867830744067e-03
4.109999999999999613e-04	4.232376269979186943e-03
4.119999999999999856e-04	4.208807443363567387e-03
4.129999999999999557e-04	4.185277118904180173e-03
4.139999999999999800e-04	4.161786027521317474e-03
4.150000000000000043e-04	4.138334900135270597e-03
4.159999999999999744e-04	4.114924467666332582e-03
4.169999999999999987e-04	4.091555461034795602e-03
4.179999999999999688e-04	4.068228611160953564e-03
4.189999999999999931e-04	4.044944648965096909e-03
4.199999999999999632e-04	4.021704305367518675e-03
4.209999999999999875e-04	3.998508311288511904e-03
4.219999999999999576e-04	3.975357397648367035e-03
4.229999999999999819e-04	3.952252295367380576e-03
4.240000000000000062e-04	3.929193735365840365e-03
4.249999999999999763e-04	3.906182448564042044e-03
4.260000000000000006e-04	3.883219165882276485e-03
4.269999999999999707e-04	3.860304618240837163e-03
4.279999999999999950e-04	3.837439536560014949e-03
4.289999999999999651e-04	3.814624651760104186e-03
4.299999999999999894e-04	3.791860694761396179e-03
4.309999999999999595e-04	3.769148396484183969e-03
4.319999999999999838e-04	3.746488487848757994e-03
4.329999999999999539e-04	3.723881699775413896e-03
4.339999999999999782e-04	3.701328763184441682e-03
4.350000000000000026e-04	3.678830408996134390e-03
4.359999999999999726e-04	3.656387368130785062e-03
4.369999999999999970e-04	3.634000371508686739e-03
4.379999999999999671e-04	3.611670150050129858e-03
4.389999999999999914e-04	3.589397434675408328e-03
4.399999999999999615e-04	3.567182956304813888e-03
4.409999999999999858e-04	3.545027445858638711e-03
4.419999999999999559e-04	3.522931634257176706e-03
4.429999999999999802e-04	3.500896252420719178e-03
4.440000000000000045e-04	3.478922031269557433e-03
4.449999999999999746e-04	3.457009701723987548e-03
4.459999999999999989e-04	3.435159994704297792e-03
4.469999999999999690e-04	3.413373641130782940e-03
4.479999999999999933e-04	3.391651371923735166e-03
4.489999999999999634e-04	3.369993918003446644e-03
4.499999999999999877e-04	3.348402010290210413e-03
4.509999999999999578e-04	3.326876379704317346e-03
4.519999999999999821e-04	3.305417757166060917e-03
4.530000000000000064e-04	3.284026873595733732e-03
4.539999999999999765e-04	3.262704459913628400e-03
4.550000000000000008e-04	3.241451247040036659e-03
4.559999999999999709e-04	3.220267965895251116e-03
4.569999999999999952e-04	3.199155347399564378e-03
4.579999999999999653e-04	3.178114122473268618e-03
4.589999999999999896e-04	3.157145022036658179e-03
4.599999999999999597e-04	3.136248777010023064e-03
4.609999999999999840e-04	3.115426118313654579e-03
4.619999999999999541e-04	3.094677776867849669e-03
4.629999999999999784e-04	3.074004483592895735e-03
4.640000000000000027e-04	3.053406969409088421e-03
4.649999999999999728e-04	3.032885965236720768e-03
4.659999999999999971e-04	3.012442201996081911e-03
4.669999999999999672e-04	2.992076410607468363e-03
4.679999999999999915e-04	2.971789321991168391e-03
4.689999999999999616e-04	2.951581667067478508e-03
4.699999999999999859e-04	2.931454176756686982e-03
4.709999999999999560e-04	2.911407581979090324e-03
4.719999999999999803e-04	2.891442613654977671e-03
4.730000000000000046e-04	2.871560002704641630e-03
4.739999999999999747e-04	2.851760480048378277e-03
4.749999999999999990e-04	2.832044776606476317e-03
4.759999999999999691e-04	2.812413623299230524e-03
4.769999999999999934e-04	2.792867751046930903e-03
4.779999999999999635e-04	2.773407890769872663e-03
4.789999999999999879e-04	2.754034773388345375e-03
4.799999999999999580e-04	2.734749129822643815e-03
4.809999999999999823e-04	2.715551690993058855e-03
4.819999999999999524e-04	2.696443187819884835e-03
4.829999999999999767e-04	2.677424351223411762e-03
4.840000000000000010e-04	2.658495912123933977e-03
4.849999999999999711e-04	2.639658601441743219e-03
4.859999999999999954e-04	2.620913150097130793e-03
4.869999999999999655e-04	2.602260289010393211e-03
4.879999999999999898e-04	2.583700749101816140e-03
4.889999999999999599e-04	2.565235261291698692e-03
4.899999999999999842e-04	2.546864556500329137e-03
4.910000000000000085e-04	2.528589365648000950e-03
4.919999999999999244e-04	2.510410419655008905e-03
4.929999999999999487e-04	2.492328449441641707e-03
4.939999999999999730e-04	2.474344185928193697e-03
4.949999999999999973e-04	2.456458360034956614e-03
4.960000000000000216e-04	2.438671702682223500e-03
4.969999999999999375e-04	2.420984944790288695e-03
4.979999999999999618e-04	2.403398817279440471e-03
4.989999999999999861e-04	2.385914051069974035e-03
5.000000000000000104e-04	2.368531377082180693e-03
5.009999999999999263e-04	2.351251526236354788e-03
5.019999999999999506e-04	2.334075229452786324e-03
5.029999999999999749e-04	2.317003217651768341e-03
5.039999999999999992e-04	2.300036221753593447e-03
5.050000000000000235e-04	2.283174972678554682e-03
5.059999999999999394e-04	2.266420201346946821e-03
5.069999999999999637e-04	2.249772638679056833e-03
5.079999999999999880e-04	2.233233015595180362e-03
5.090000000000000123e-04	2.216802063015609146e-03
5.099999999999999282e-04	2.200480511860637960e-03
5.109999999999999525e-04	2.184269093050555076e-03
5.119999999999999768e-04	2.168168537505654834e-03
5.130000000000000011e-04	2.152179576146230275e-03
5.140000000000000254e-04	2.136302939892573572e-03
5.149999999999999413e-04	2.120539359664978633e-03
5.159999999999999656e-04	2.104889566383734596e-03
5.169999999999999899e-04	2.089354290969135802e-03
5.180000000000000143e-04	2.073934264341473991e-03
5.189999999999999301e-04	2.058630217421043938e-03
5.199999999999999544e-04	2.043442881128134780e-03
5.209999999999999788e-04	2.028372986383039558e-03
5.220000000000000031e-04	2.013421264106053047e-03
5.230000000000000274e-04	1.998588445217465252e-03
5.239999999999999433e-04	1.983875260637571816e-03
5.249999999999999676e-04	1.969282441286660575e-03
5.259999999999999919e-04	1.954810718085026738e-03
5.270000000000000162e-04	1.940460821952962262e-03
5.279999999999999321e-04	1.926233483810761487e-03
5.289999999999999564e-04	1.912129434578713118e-03
5.299999999999999807e-04	1.898149405177111280e-03
5.310000000000000050e-04	1.884294126526249230e-03
5.320000000000000293e-04	1.870564329546417839e-03
5.329999999999999452e-04	1.856960745157912969e-03
5.339999999999999695e-04	1.843484104281022887e-03
5.349999999999999938e-04	1.830135137836041287e-03
5.360000000000000181e-04	1.816914576743261425e-03
5.369999999999999340e-04	1.803823151922976558e-03
5.379999999999999583e-04	1.790861594295476908e-03
5.389999999999999826e-04	1.778030634781055299e-03
5.400000000000000069e-04	1.765331004300005205e-03
5.409999999999999228e-04	1.752763433772619884e-03
5.419999999999999471e-04	1.740328654119189557e-03
5.429999999999999714e-04	1.728027396260007264e-03
5.439999999999999957e-04	1.715860391115365613e-03
5.450000000000000200e-04	1.703828369605557861e-03
5.459999999999999359e-04	1.691932062650876832e-03
5.469999999999999602e-04	1.680172201171612530e-03
5.479999999999999845e-04	1.668549516088059298e-03
5.490000000000000088e-04	1.657064738320508657e-03
5.499999999999999247e-04	1.645718598789255166e-03
5.509999999999999490e-04	1.634511828414587963e-03
5.519999999999999733e-04	1.623445158116801606e-03
5.529999999999999976e-04	1.612519318816187618e-03
5.540000000000000219e-04	1.601735041433038822e-03
5.549999999999999378e-04	1.591093056887649126e-03
5.559999999999999621e-04	1.580594096100308103e-03
5.569999999999999864e-04	1.570238889991309658e-03
5.580000000000000107e-04	1.560028169480946617e-03
5.589999999999999266e-04	1.549962665489511802e-03
5.599999999999999509e-04	1.540043108937295870e-03
5.609999999999999752e-04	1.530270230744592294e-03
5.619999999999999996e-04	1.520644761831693465e-03
5.630000000000000239e-04	1.511167433118891772e-03
5.639999999999999397e-04	1.501838975526480473e-03
5.649999999999999641e-04	1.492660119974750441e-03
5.659999999999999884e-04	1.483631597383994714e-03
5.670000000000000127e-04	1.474754138674505902e-03
5.679999999999999286e-04	1.466028474766577694e-03
5.689999999999999529e-04	1.457455336580500312e-03
5.699999999999999772e-04	1.449035455036567013e-03
5.710000000000000015e-04	1.440769561055070189e-03
5.720000000000000258e-04	1.432658385556303095e-03
5.729999999999999417e-04	1.424702659460557906e-03
5.739999999999999660e-04	1.416903113688125927e-03
5.749999999999999903e-04	1.409260479159300632e-03
5.760000000000000146e-04	1.401775486794373544e-03
5.769999999999999305e-04	1.394448867513639438e-03
5.779999999999999548e-04	1.387281352237387452e-03
5.789999999999999791e-04	1.380273671885912361e-03
5.800000000000000034e-04	1.373426557379505905e-03
5.810000000000000277e-04	1.366740739638460040e-03
5.819999999999999436e-04	1.360216949583068456e-03
5.829999999999999679e-04	1.353855918133622027e-03
5.839999999999999922e-04	1.347658376210414226e-03
5.850000000000000165e-04	1.341625054733737443e-03
5.859999999999999324e-04	1.335756684623884069e-03
5.869999999999999567e-04	1.330053996801145843e-03
5.879999999999999810e-04	1.324517722185815805e-03
5.890000000000000053e-04	1.319148591698186346e-03
5.899999999999999212e-04	1.313947336258550506e-03
5.909999999999999455e-04	1.308914686787199157e-03
5.919999999999999698e-04	1.304051374204426208e-03
5.929999999999999941e-04	1.299358129430523397e-03
5.940000000000000184e-04	1.294835683385783115e-03
5.949999999999999343e-04	1.290484766990498836e-03
5.959999999999999586e-04	1.286306111164961432e-03
5.969999999999999829e-04	1.282300446829464161e-03
5.980000000000000072e-04	1.278468504904298978e-03
5.989999999999999231e-04	1.274811016309759792e-03
5.999999999999999474e-04	1.271328711966137693e-03
6.009999999999999717e-04	1.268022322793724852e-03
6.019999999999999961e-04	1.264892579712814311e-03
6.030000000000000204e-04	1.261940213643698676e-03
6.039999999999999362e-04	1.259165955506670338e-03
6.049999999999999606e-04	1.256570536222021469e-03
6.059999999999999849e-04	1.254154686710044677e-03
6.070000000000000092e-04	1.251919137891031918e-03
6.079999999999999251e-04	1.249864620685276449e-03
6.089999999999999494e-04	1.247991866013069794e-03
6.099999999999999737e-04	1.246301604794705208e-03
6.109999999999999980e-04	1.244794567950474650e-03
6.120000000000000223e-04	1.243471486400670942e-03
6.129999999999999382e-04	1.242333091065586041e-03
6.139999999999999625e-04	1.241380112865512770e-03
6.149999999999999868e-04	1.240613282720743954e-03
6.160000000000000111e-04	1.240033331551570897e-03
6.169999999999999270e-04	1.239640990278286642e-03
6.179999999999999513e-04	1.239436989821183577e-03
6.189999999999999756e-04	1.239422061100554310e-03
6.199999999999999999e-04	1.239596935036691664e-03
6.210000000000000242e-04	1.239962342549886729e-03
6.219999999999999401e-04	1.240519014560433411e-03
6.229999999999999644e-04	1.241267681988623235e-03
6.239999999999999887e-04	1.242209075754749023e-03
6.250000000000000130e-04	1.243343926779103166e-03
6.259999999999999289e-04	1.244672965981977837e-03
6.269999999999999532e-04	1.246196924283665859e-03
6.279999999999999775e-04	1.247916532604459623e-03
6.290000000000000018e-04	1.249832521864651519e-03
6.299999999999999177e-04	1.251945622984533286e-03
6.309999999999999420e-04	1.254256566884398615e-03
6.319999999999999663e-04	1.256766084484539246e-03
6.329999999999999906e-04	1.259474906705247785e-03
6.340000000000000149e-04	1.262383764466816407e-03
6.349999999999999308e-04	1.265493388689537067e-03
6.359999999999999551e-04	1.268804510293703672e-03
6.369999999999999794e-04	1.272317860199607747e-03
6.380000000000000037e-04	1.276034169327541897e-03
6.389999999999999196e-04	1.279954168597797646e-03
6.399999999999999439e-04	1.284078588930669118e-03
6.409999999999999682e-04	1.288408161246448053e-03
6.419999999999999925e-04	1.292943616465426189e-03
6.430000000000000169e-04	1.297685685507896786e-03
6.439999999999999327e-04	1.302635099294151798e-03
6.449999999999999570e-04	1.307792588744484050e-03
6.459999999999999814e-04	1.313158884779185714e-03
6.470000000000000057e-04	1.318734718318549833e-03
6.479999999999999215e-04	1.324520820282867059e-03
6.489999999999999459e-04	1.330517921592432170e-03
6.499999999999999702e-04	1.336726753167536471e-03
6.509999999999999945e-04	1.343148045928472135e-03
6.520000000000000188e-04	1.349782530795532419e-03
6.529999999999999347e-04	1.356630938689008196e-03
6.539999999999999590e-04	1.363694000529194024e-03
6.549999999999999833e-04	1.370972447236381208e-03
6.560000000000000076e-04	1.378467009730861706e-03
6.569999999999999235e-04	1.386178418932928558e-03
6.579999999999999478e-04	1.394107405762874587e-03
6.589999999999999721e-04	1.402254701140991534e-03
6.599999999999999964e-04	1.410621035987572654e-03
6.610000000000000207e-04	1.419207141222909472e-03
6.619999999999999366e-04	1.428013747767293944e-03
6.629999999999999609e-04	1.437041586541020627e-03
6.639999999999999852e-04	1.446291388464380177e-03
6.650000000000000095e-04	1.455763884457665852e-03
6.659999999999999254e-04	1.465459805441168524e-03
6.669999999999999497e-04	1.475379882335182968e-03
6.679999999999999740e-04	1.485524846060000707e-03
6.689999999999999983e-04	1.495895427535914131e-03
6.700000000000000226e-04	1.506492357683215412e-03
6.709999999999999385e-04	1.517316367422195857e-03
6.719999999999999628e-04	1.528368187673150675e-03
6.729999999999999871e-04	1.539648549356370522e-03
6.740000000000000114e-04	1.551158183392148003e-03
6.749999999999999273e-04	1.562897820700774858e-03
6.759999999999999516e-04	1.574868192202545430e-03
6.769999999999999759e-04	1.587070028817750807e-03
6.780000000000000002e-04	1.599504061466683596e-03
6.789999999999999161e-04	1.612171021069635970e-03
6.799999999999999404e-04	1.625071638546901186e-03
6.809999999999999647e-04	1.638206644818771419e-03
6.819999999999999890e-04	1.651576770805539491e-03
6.830000000000000134e-04	1.665182747427496491e-03
6.839999999999999292e-04	1.679025305604934159e-03
6.849999999999999535e-04	1.693105176258147921e-03
6.859999999999999779e-04	1.707423090307428866e-03
6.870000000000000022e-04	1.721979778673069384e-03
6.879999999999999180e-04	1.736775972275360130e-03
6.889999999999999424e-04	1.751812402034597180e-03
6.899999999999999667e-04	1.767089798871070323e-03
6.909999999999999910e-04	1.782608893705072599e-03
