-1.949999999999999965e-04	-9.310862138458602863e-05
-1.939999999999999993e-04	-6.827933329483891348e-05
-1.930000000000000021e-04	-4.620609602684536794e-05
-1.920000000000000049e-04	-2.681075144026447000e-05
-1.909999999999999806e-04	-1.001514139475493512e-05
-1.899999999999999834e-04	4.258892250023237129e-06
-1.889999999999999862e-04	1.608950763441142277e-05
-1.879999999999999890e-04	2.555486289875048622e-05
-1.869999999999999917e-04	3.273311618338130882e-05
-1.859999999999999945e-04	3.770242562864478886e-05
-1.849999999999999973e-04	4.054094937488180432e-05
-1.840000000000000001e-04	4.132684556243323992e-05
-1.830000000000000029e-04	4.013827233164008205e-05
-1.819999999999999786e-04	3.705338782284292408e-05
-1.809999999999999814e-04	3.215035017638294212e-05
-1.799999999999999842e-04	2.550731753260098363e-05
-1.789999999999999870e-04	1.720244803183783511e-05
-1.779999999999999898e-04	7.313899814434372828e-06
-1.769999999999999926e-04	-4.080168979268305034e-06
-1.759999999999999954e-04	-1.690160020892953735e-05
-1.749999999999999982e-04	-3.107223573420838855e-05
-1.740000000000000010e-04	-4.651391741476385363e-05
-1.730000000000000038e-04	-6.314848711025516643e-05
-1.719999999999999795e-04	-8.089778668034193010e-05
-1.709999999999999823e-04	-9.968365798468227057e-05
-1.699999999999999851e-04	-1.194279428829357978e-04
-1.689999999999999879e-04	-1.400524832347615524e-04
-1.679999999999999907e-04	-1.614791208998187378e-04
-1.669999999999999935e-04	-1.836296977377663677e-04
-1.659999999999999963e-04	-2.064260556082636317e-04
-1.649999999999999991e-04	-2.297900363709696656e-04
-1.640000000000000019e-04	-2.536434818855434693e-04
-1.630000000000000047e-04	-2.779082340116441514e-04
-1.619999999999999804e-04	-3.025061346089317690e-04
-1.609999999999999832e-04	-3.273590255370638314e-04
-1.599999999999999860e-04	-3.523887486557001248e-04
-1.589999999999999888e-04	-3.775171458244998388e-04
-1.579999999999999916e-04	-4.026660589031221633e-04
-1.569999999999999944e-04	-4.277573297512261255e-04
-1.559999999999999972e-04	-4.527128002284708068e-04
-1.550000000000000000e-04	-4.774543121945152343e-04
-1.540000000000000028e-04	-5.019037075090186520e-04
-1.530000000000000056e-04	-5.259828280316401414e-04
-1.519999999999999813e-04	-5.496135156220396511e-04
-1.509999999999999841e-04	-5.727176121398746362e-04
-1.499999999999999869e-04	-5.952169594448051540e-04
-1.489999999999999897e-04	-6.170333993964902857e-04
-1.479999999999999925e-04	-6.380887738545888959e-04
-1.469999999999999953e-04	-6.583049246787603913e-04
-1.459999999999999981e-04	-6.776036937286636364e-04
-1.450000000000000009e-04	-6.959069228639580378e-04
-1.440000000000000036e-04	-7.131364539443024600e-04
-1.430000000000000064e-04	-7.292141288293562014e-04
-1.419999999999999821e-04	-7.440617893787784516e-04
-1.409999999999999849e-04	-7.576012774522279669e-04
-1.399999999999999877e-04	-7.697544349093642622e-04
-1.389999999999999905e-04	-7.804431036098458769e-04
-1.379999999999999933e-04	-7.895891254133323260e-04
-1.369999999999999961e-04	-7.971143421794826909e-04
-1.359999999999999989e-04	-8.029405957679560529e-04
-1.350000000000000017e-04	-8.069897280384117104e-04
-1.340000000000000045e-04	-8.091835808505083109e-04
-1.330000000000000073e-04	-8.094439960639055864e-04
-1.319999999999999830e-04	-8.077231474806525731e-04
-1.309999999999999858e-04	-8.040945366723608375e-04
-1.299999999999999886e-04	-7.986619971530329850e-04
-1.289999999999999914e-04	-7.915293624366697778e-04
-1.279999999999999942e-04	-7.828004660372742552e-04
-1.269999999999999970e-04	-7.725791414688479384e-04
-1.259999999999999998e-04	-7.609692222453925655e-04
-1.250000000000000026e-04	-7.480745418809103082e-04
-1.240000000000000054e-04	-7.339989338894032300e-04
-1.229999999999999811e-04	-7.188462317848725268e-04
-1.219999999999999974e-04	-7.027202690813216714e-04
-1.210000000000000002e-04	-6.857248792927509926e-04
-1.199999999999999895e-04	-6.679638959331629872e-04
-1.189999999999999923e-04	-6.495411525165600440e-04
-1.179999999999999951e-04	-6.305604825569440094e-04
-1.169999999999999979e-04	-6.111257195683167300e-04
-1.160000000000000007e-04	-5.913406970646792934e-04
-1.149999999999999899e-04	-5.713092485600349555e-04
-1.139999999999999927e-04	-5.511352075683846954e-04
-1.129999999999999955e-04	-5.309224076037314440e-04
-1.119999999999999983e-04	-5.107746821800762888e-04
-1.110000000000000011e-04	-4.907958648114212931e-04
-1.099999999999999904e-04	-4.710897890117685203e-04
-1.089999999999999932e-04	-4.517602882951198169e-04
-1.079999999999999960e-04	-4.329111961754777342e-04
-1.069999999999999988e-04	-4.146463461668434139e-04
-1.060000000000000016e-04	-3.970695717832191905e-04
-1.049999999999999908e-04	-3.802847065386066937e-04
-1.039999999999999936e-04	-3.643955839470084746e-04
-1.029999999999999964e-04	-3.495060375224261088e-04
-1.019999999999999992e-04	-3.357199007788613885e-04
-1.010000000000000020e-04	-3.231410072303165398e-04
-9.999999999999999124e-05	-3.118731903907931381e-04
-9.899999999999999404e-05	-3.020202837742937347e-04
-9.799999999999999684e-05	-2.936861208948197423e-04
-9.699999999999999963e-05	-2.869745352663731703e-04
-9.600000000000000243e-05	-2.819893604029564071e-04
-9.499999999999999168e-05	-2.788344298185708114e-04
-9.399999999999999448e-05	-2.776135770272185549e-04
-9.299999999999999727e-05	-2.784306355429017553e-04
-9.200000000000000007e-05	-2.813894388796220965e-04
-9.099999999999998932e-05	-2.865938205513818586e-04
-8.999999999999999212e-05	-2.941476140721826713e-04
-8.899999999999999491e-05	-3.041546529560264353e-04
-8.799999999999999771e-05	-3.167187707169150514e-04
-8.700000000000000051e-05	-3.319438008688509623e-04
-8.599999999999998976e-05	-3.499335769258360147e-04
-8.499999999999999255e-05	-3.707919324018715129e-04
-8.399999999999999535e-05	-3.946227008109600082e-04
-8.299999999999999815e-05	-4.215297156671031303e-04
-8.200000000000000095e-05	-4.516168104843031050e-04
-8.099999999999999019e-05	-4.849878187765619959e-04
-7.999999999999999299e-05	-5.217465740578811073e-04
-7.899999999999999579e-05	-5.619969098422626652e-04
-7.799999999999999859e-05	-6.058426596437086788e-04
-7.700000000000000139e-05	-6.533876569762213198e-04
-7.599999999999999063e-05	-7.047357353538027600e-04
-7.499999999999999343e-05	-7.599907282904540869e-04
-7.399999999999999623e-05	-8.192564693001774725e-04
-7.299999999999999903e-05	-8.826367918969753052e-04
-7.200000000000000182e-05	-9.502355295948489980e-04
-7.099999999999999107e-05	-1.022156515907802132e-03
-6.999999999999999387e-05	-1.098478488895452505e-03
-6.899999999999999667e-05	-1.179179804799896465e-03
-6.799999999999999946e-05	-1.264213724408847070e-03
-6.700000000000000226e-05	-1.353533508510018678e-03
-6.599999999999999151e-05	-1.447092417891124782e-03
-6.499999999999999431e-05	-1.544843713339877139e-03
-6.399999999999999710e-05	-1.646740655643990324e-03
-6.299999999999999990e-05	-1.752736505591177829e-03
-6.200000000000000270e-05	-1.862784523969152279e-03
-6.099999999999999872e-05	-1.976837971565629116e-03
-5.999999999999999474e-05	-2.094850109168319881e-03
-5.899999999999999754e-05	-2.216774197564938282e-03
-5.800000000000000034e-05	-2.342563497543198245e-03
-5.699999999999999636e-05	-2.472171269890813695e-03
-5.599999999999999916e-05	-2.605550775395495955e-03
-5.499999999999999518e-05	-2.742655274844961986e-03
-5.399999999999999798e-05	-2.883438029026921378e-03
-5.300000000000000078e-05	-3.027852298729089790e-03
-5.199999999999999680e-05	-3.175851344739181580e-03
-5.099999999999999960e-05	-3.327388427844908073e-03
-4.999999999999999562e-05	-3.482416808833983194e-03
-4.899999999999999842e-05	-3.640889748494120434e-03
-4.800000000000000122e-05	-3.802760507613033719e-03
-4.699999999999999724e-05	-3.967982346978437408e-03
-4.600000000000000004e-05	-4.136508527378041956e-03
-4.499999999999999606e-05	-4.308292309599565627e-03
-4.399999999999999886e-05	-4.483286954430715406e-03
-4.299999999999999488e-05	-4.661445722659210422e-03
-4.199999999999999768e-05	-4.842721875072762000e-03
-4.100000000000000047e-05	-5.027068672459082330e-03
-3.999999999999999650e-05	-5.214439375605887071e-03
-3.899999999999999929e-05	-5.404725288041770104e-03
-3.799999999999999532e-05	-5.597569884258854662e-03
-3.699999999999999811e-05	-5.792554681490140467e-03
-3.600000000000000091e-05	-5.989261196968633308e-03
-3.499999999999999693e-05	-6.187270947927336374e-03
-3.399999999999999973e-05	-6.386165451599252856e-03
-3.299999999999999575e-05	-6.585526225217387675e-03
-3.199999999999999855e-05	-6.784934786014737949e-03
-3.100000000000000135e-05	-6.983972651224312940e-03
-2.999999999999999737e-05	-7.182221338079114968e-03
-2.900000000000000017e-05	-7.379262363812145488e-03
-2.799999999999999958e-05	-7.574677245656407688e-03
-2.699999999999999899e-05	-7.768047500844909095e-03
-2.599999999999999840e-05	-7.958954646610645958e-03
-2.499999999999999781e-05	-8.146980200186627538e-03
-2.400000000000000061e-05	-8.331705678805853554e-03
-2.300000000000000002e-05	-8.512712599701332400e-03
-2.199999999999999943e-05	-8.689582480106060325e-03
-2.099999999999999884e-05	-8.861896837253045722e-03
-1.999999999999999825e-05	-9.029237188375286577e-03
-1.899999999999999766e-05	-9.191185050705791282e-03
-1.800000000000000046e-05	-9.347321941477557822e-03
-1.699999999999999987e-05	-9.497229377923596325e-03
-1.599999999999999928e-05	-9.640488877276908244e-03
-1.499999999999999869e-05	-9.776681956770495036e-03
-1.399999999999999979e-05	-9.905390133637354683e-03
-1.299999999999999920e-05	-1.002619492511050078e-02
-1.200000000000000030e-05	-1.013867784842292959e-02
-1.099999999999999971e-05	-1.024242042080764602e-02
-9.999999999999999124e-06	-1.033700415949765673e-02
-9.000000000000000228e-06	-1.042201058172595798e-02
-7.999999999999999638e-06	-1.049712231740050628e-02
-6.999999999999999895e-06	-1.056242644712904015e-02
-6.000000000000000152e-06	-1.061811116419424279e-02
-4.999999999999999562e-06	-1.066436466187881127e-02
-3.999999999999999819e-06	-1.070137513346542182e-02
-3.000000000000000076e-06	-1.072933077223676632e-02
-1.999999999999999909e-06	-1.074841977147553140e-02
-9.999999999999999547e-07	-1.075883032446440547e-02
0.000000000000000000e+00	-1.076075062448607518e-02
9.999999999999999547e-07	-1.075436886482322371e-02
1.999999999999999909e-06	-1.073987323875854119e-02
3.000000000000000076e-06	-1.071745193957471601e-02
3.999999999999999819e-06	-1.068729316055443655e-02
4.999999999999999562e-06	-1.064958509498038428e-02
6.000000000000000152e-06	-1.060451593613525451e-02
6.999999999999999895e-06	-1.055227387730172349e-02
7.999999999999999638e-06	-1.049304711176249003e-02
9.000000000000000228e-06	-1.042702383280023209e-02
9.999999999999999124e-06	-1.035439223369764156e-02
1.099999999999999971e-05	-1.027534050773740854e-02
1.200000000000000030e-05	-1.019005684820220754e-02
1.299999999999999920e-05	-1.009872944837474085e-02
1.399999999999999979e-05	-1.000154650153768469e-02
1.499999999999999869e-05	-9.898696200973736148e-03
1.599999999999999928e-05	-9.790366739965567985e-03
1.699999999999999987e-05	-9.676746311795882474e-03
1.800000000000000046e-05	-9.558023109747357596e-03
1.899999999999999766e-05	-9.434385327102686944e-03
1.999999999999999825e-05	-9.306021157144550235e-03
2.099999999999999884e-05	-9.173118793155639328e-03
2.199999999999999943e-05	-9.035866428418640878e-03
2.300000000000000002e-05	-8.894452256216239805e-03
2.400000000000000061e-05	-8.749064469831127969e-03
2.499999999999999781e-05	-8.599891262545986820e-03
2.599999999999999840e-05	-8.447120827643508217e-03
2.699999999999999899e-05	-8.290941358406375347e-03
2.799999999999999958e-05	-8.131541048117276599e-03
2.900000000000000017e-05	-7.969108090058903832e-03
2.999999999999999737e-05	-7.803830677513932425e-03
3.100000000000000135e-05	-7.635897003765067248e-03
3.199999999999999855e-05	-7.465495262094975007e-03
3.299999999999999575e-05	-7.292813645786362306e-03
3.399999999999999973e-05	-7.118040348121897586e-03
3.499999999999999693e-05	-6.941363562384284848e-03
3.600000000000000091e-05	-6.762971481856200340e-03
3.699999999999999811e-05	-6.583052299820342859e-03
3.799999999999999532e-05	-6.401794209559378245e-03
3.899999999999999929e-05	-6.219385404356013967e-03
3.999999999999999650e-05	-6.036014077492930612e-03
4.100000000000000047e-05	-5.851868422252811362e-03
4.199999999999999768e-05	-5.667136631918349814e-03
4.299999999999999488e-05	-5.482006899772229151e-03
4.399999999999999886e-05	-5.296667419097140367e-03
4.499999999999999606e-05	-5.111306383175764911e-03
4.600000000000000004e-05	-4.926111985290792909e-03
4.699999999999999724e-05	-4.741272418724906679e-03
4.800000000000000122e-05	-4.556975876760798079e-03
4.899999999999999842e-05	-4.373410552681159837e-03
4.999999999999999562e-05	-4.190764639768676872e-03
5.099999999999999960e-05	-4.009226331306021095e-03
5.199999999999999680e-05	-3.828983820575899109e-03
5.300000000000000078e-05	-3.650225300860988030e-03
5.399999999999999798e-05	-3.473106463540630469e-03
5.499999999999999518e-05	-3.297652992380795903e-03
5.599999999999999916e-05	-3.123858069244089819e-03
5.699999999999999636e-05	-2.951714875993137650e-03
5.800000000000000034e-05	-2.781216594490550521e-03
5.899999999999999754e-05	-2.612356406598951263e-03
5.999999999999999474e-05	-2.445127494180950132e-03
6.099999999999999872e-05	-2.279523039099170395e-03
6.200000000000000270e-05	-2.115536223216224910e-03
6.299999999999999990e-05	-1.953160228394731739e-03
6.399999999999999710e-05	-1.792388236497310678e-03
6.499999999999999431e-05	-1.633213429386572201e-03
6.599999999999999151e-05	-1.475628988925142609e-03
6.700000000000000226e-05	-1.319628096975626955e-03
6.799999999999999946e-05	-1.165203935400652190e-03
6.899999999999999667e-05	-1.012349686062830306e-03
6.999999999999999387e-05	-8.610585308247804479e-04
7.099999999999999107e-05	-7.113236515491193779e-04
7.200000000000000182e-05	-5.631382300984588696e-04
7.299999999999999903e-05	-4.164954483354233274e-04
7.399999999999999623e-05	-2.713884881226249590e-04
7.499999999999999343e-05	-1.278105313226854584e-04
7.599999999999999063e-05	1.424524020178475742e-05
7.700000000000000139e-05	1.547856445881659138e-04
7.799999999999999859e-05	2.938174999738386796e-04
7.899999999999999579e-05	4.313476244961884335e-04
7.999999999999999299e-05	5.673828362925986040e-04
8.099999999999999019e-05	7.019299535004519964e-04
8.200000000000000095e-05	8.349957942571303859e-04
8.299999999999999815e-05	9.665871767000204810e-04
8.399999999999999535e-05	1.096710918966499124e-03
8.499999999999999255e-05	1.225373839193955082e-03
8.599999999999998976e-05	1.352582755519767151e-03
8.700000000000000051e-05	1.478344486081323772e-03
8.799999999999999771e-05	1.602665849016004498e-03
8.899999999999999491e-05	1.725553662461188666e-03
8.999999999999999212e-05	1.847014744554267536e-03
9.099999999999998932e-05	1.967055913432618278e-03
9.200000000000000007e-05	2.085683987233628248e-03
9.299999999999999727e-05	2.202905784094675266e-03
9.399999999999999448e-05	2.318728122153146907e-03
9.499999999999999168e-05	2.433157819546421206e-03
9.600000000000000243e-05	2.546201694411888775e-03
9.699999999999999963e-05	2.657866564886926346e-03
9.799999999999999684e-05	2.768159249108918894e-03
9.899999999999999404e-05	2.877086565215249223e-03
9.999999999999999124e-05	2.984655331343302742e-03
1.010000000000000020e-04	3.090872365630462255e-03
1.019999999999999992e-04	3.195744486214105798e-03
1.029999999999999964e-04	3.299278511231622680e-03
1.039999999999999936e-04	3.401481258820389202e-03
1.049999999999999908e-04	3.502359547117796408e-03
1.060000000000000016e-04	3.601920194261221467e-03
1.069999999999999988e-04	3.700170018388051086e-03
1.079999999999999960e-04	3.797115837635664168e-03
1.089999999999999932e-04	3.892764470141449589e-03
1.099999999999999904e-04	3.987122734042784084e-03
1.110000000000000011e-04	4.080197447477056094e-03
1.119999999999999983e-04	4.171995428581646258e-03
1.129999999999999955e-04	4.262523495493937380e-03
1.139999999999999927e-04	4.351788466351310530e-03
1.149999999999999899e-04	4.439797159291154587e-03
1.160000000000000007e-04	4.526556392450848017e-03
1.169999999999999979e-04	4.612072983967776228e-03
1.179999999999999951e-04	4.696353751979318557e-03
1.189999999999999923e-04	4.779405514622863879e-03
1.199999999999999895e-04	4.861235090035789796e-03
1.210000000000000002e-04	4.941849296355484318e-03
1.219999999999999974e-04	5.021254951719324178e-03
1.229999999999999811e-04	5.099458874264699119e-03
1.240000000000000054e-04	5.176467882128991081e-03
1.250000000000000026e-04	5.252288793449577664e-03
1.259999999999999998e-04	5.326928426363846877e-03
1.269999999999999970e-04	5.400393599009179792e-03
1.279999999999999942e-04	5.472691129522960080e-03
1.289999999999999914e-04	5.543827836042572281e-03
1.299999999999999886e-04	5.613810536705396599e-03
1.309999999999999858e-04	5.682646049648821043e-03
1.319999999999999830e-04	5.750341193010224082e-03
1.330000000000000073e-04	5.816902784926991123e-03
1.340000000000000045e-04	5.882337643536501501e-03
1.350000000000000017e-04	5.946652586976141491e-03
1.359999999999999989e-04	6.009854433383294767e-03
1.369999999999999961e-04	6.071950000895343265e-03
1.379999999999999933e-04	6.132946107649669791e-03
1.389999999999999905e-04	6.192849571783654548e-03
1.399999999999999877e-04	6.251667211434689016e-03
1.409999999999999849e-04	6.309405844740148192e-03
1.419999999999999821e-04	6.366072289837419219e-03
1.430000000000000064e-04	6.421673364863883168e-03
1.440000000000000036e-04	6.476215887956923711e-03
1.450000000000000009e-04	6.529706677253927123e-03
1.459999999999999981e-04	6.582152550892269270e-03
1.469999999999999953e-04	6.633560327009340764e-03
1.479999999999999925e-04	6.683936823742520940e-03
1.489999999999999897e-04	6.733288859229190869e-03
1.499999999999999869e-04	6.781623251606737693e-03
1.509999999999999841e-04	6.828946819012542482e-03
1.519999999999999813e-04	6.875266379583988043e-03
1.530000000000000056e-04	6.920588751458460648e-03
1.540000000000000028e-04	6.964920752773340502e-03
1.550000000000000000e-04	7.008269201666009543e-03
1.559999999999999972e-04	7.050640916273854912e-03
1.569999999999999944e-04	7.092042714734253343e-03
1.579999999999999916e-04	7.132481415184592846e-03
1.589999999999999888e-04	7.171963835762256226e-03
1.599999999999999860e-04	7.210496794604624553e-03
1.609999999999999832e-04	7.248087109849083234e-03
1.619999999999999804e-04	7.284741599633014209e-03
1.630000000000000047e-04	7.320467082093802882e-03
1.640000000000000019e-04	7.355270375368825990e-03
1.649999999999999991e-04	7.389158297595470673e-03
1.659999999999999963e-04	7.422137666911121472e-03
1.669999999999999935e-04	7.454215301453157722e-03
1.679999999999999907e-04	7.485398019358969167e-03
1.689999999999999879e-04	7.515692638765930807e-03
1.699999999999999851e-04	7.545105977811430650e-03
1.709999999999999823e-04	7.573644854632850636e-03
1.719999999999999795e-04	7.601316087367573568e-03
1.730000000000000038e-04	7.628126494152981385e-03
1.740000000000000010e-04	7.654082893126458627e-03
1.749999999999999982e-04	7.679192102425387231e-03
1.759999999999999954e-04	7.703460940187154340e-03
1.769999999999999926e-04	7.726896224549135821e-03
1.779999999999999898e-04	7.749504773648724018e-03
1.789999999999999870e-04	7.771293405623292197e-03
1.799999999999999842e-04	7.792268938610229234e-03
1.809999999999999814e-04	7.812438190746917935e-03
1.819999999999999786e-04	7.831807980170741104e-03
1.830000000000000029e-04	7.850385125019079813e-03
1.840000000000000001e-04	7.868176443429316866e-03
1.849999999999999973e-04	7.885188753538840273e-03
1.859999999999999945e-04	7.901428873485025900e-03
1.869999999999999917e-04	7.916903621405265226e-03
1.879999999999999890e-04	7.931619815436932383e-03
1.889999999999999862e-04	7.945584273717422319e-03
1.899999999999999834e-04	7.958803814384102226e-03
1.909999999999999806e-04	7.971285255574368789e-03
1.920000000000000049e-04	7.983035415425596137e-03
1.930000000000000021e-04	7.994061112075174017e-03
1.939999999999999993e-04	8.004369163660485231e-03
1.949999999999999965e-04	8.013966388318907383e-03
1.959999999999999937e-04	8.022859604187825011e-03
1.969999999999999909e-04	8.031055629404622656e-03
1.979999999999999881e-04	8.038561282106684858e-03
1.989999999999999853e-04	8.045383380431390952e-03
1.999999999999999825e-04	8.051528742516132417e-03
2.009999999999999797e-04	8.057004186498279916e-03
2.020000000000000040e-04	8.061816530515224927e-03
2.030000000000000012e-04	8.065972592704348521e-03
2.039999999999999984e-04	8.069479191203035237e-03
2.049999999999999956e-04	8.072343144148662678e-03
2.059999999999999928e-04	8.074571269678618851e-03
2.069999999999999900e-04	8.076170385930288298e-03
2.079999999999999872e-04	8.077147311041050354e-03
2.089999999999999844e-04	8.077508863148289558e-03
2.099999999999999816e-04	8.077261860389386983e-03
2.109999999999999788e-04	8.076413120901728901e-03
2.120000000000000031e-04	8.074969462822701588e-03
2.130000000000000003e-04	8.072937704289673971e-03
2.139999999999999975e-04	8.070324663440046203e-03
2.149999999999999947e-04	8.067137158411188946e-03
2.159999999999999919e-04	8.063382007340491944e-03
2.169999999999999891e-04	8.059066028365339737e-03
2.179999999999999863e-04	8.054196039623106457e-03
2.189999999999999835e-04	8.048778859251187051e-03
2.199999999999999807e-04	8.042821305386955652e-03
2.209999999999999779e-04	8.036330196167795065e-03
2.220000000000000022e-04	8.029312349731095033e-03
2.229999999999999994e-04	8.021774584214236628e-03
2.239999999999999966e-04	8.013723717754597450e-03
2.249999999999999938e-04	8.005166568489568979e-03
2.259999999999999910e-04	7.996109954556523611e-03
2.269999999999999882e-04	7.986560694092854559e-03
2.279999999999999854e-04	7.976525605235939426e-03
2.289999999999999826e-04	7.966011506123162750e-03
2.299999999999999799e-04	7.955025214891909072e-03
2.309999999999999771e-04	7.943573549679559462e-03
2.320000000000000014e-04	7.931663328623500195e-03
2.329999999999999986e-04	7.919301369861105402e-03
2.339999999999999958e-04	7.906494491529768298e-03
2.349999999999999930e-04	7.893249511766868218e-03
2.359999999999999902e-04	7.879573248709791436e-03
2.369999999999999874e-04	7.865472520495910350e-03
2.379999999999999846e-04	7.850954145262625111e-03
2.389999999999999818e-04	7.836024941147299444e-03
2.399999999999999790e-04	7.820691726287331766e-03
2.409999999999999762e-04	7.804961318820094474e-03
2.420000000000000005e-04	7.788840536882980781e-03
2.429999999999999977e-04	7.772336198613369156e-03
2.439999999999999949e-04	7.755455122148638934e-03
2.449999999999999921e-04	7.738204125626178993e-03
2.459999999999999622e-04	7.720590027183369536e-03
2.469999999999999865e-04	7.702619644957590765e-03
2.480000000000000108e-04	7.684299797086234160e-03
2.489999999999999809e-04	7.665637301706673852e-03
2.500000000000000052e-04	7.646638976956297851e-03
2.509999999999999753e-04	7.627311640972488961e-03
2.519999999999999996e-04	7.607662111892623917e-03
2.529999999999999697e-04	7.587697207854098534e-03
2.539999999999999940e-04	7.567423746994286944e-03
2.549999999999999641e-04	7.546848547450571085e-03
2.559999999999999884e-04	7.525978427360340700e-03
2.570000000000000127e-04	7.504820204860969055e-03
2.579999999999999828e-04	7.483380698089852831e-03
2.590000000000000071e-04	7.461666725184362692e-03
2.599999999999999772e-04	7.439685104281887514e-03
2.610000000000000015e-04	7.417442653519808367e-03
2.619999999999999716e-04	7.394946191035510659e-03
2.629999999999999959e-04	7.372202534966375460e-03
2.639999999999999660e-04	7.349218503449790781e-03
2.649999999999999903e-04	7.326000914623126414e-03
2.660000000000000146e-04	7.302556586623781647e-03
2.669999999999999847e-04	7.278892337589129742e-03
2.680000000000000090e-04	7.255014985656555240e-03
2.689999999999999791e-04	7.230931348963448753e-03
2.700000000000000035e-04	7.206648245647177473e-03
2.709999999999999735e-04	7.182172493845141552e-03
2.719999999999999979e-04	7.157510911694711653e-03
2.729999999999999680e-04	7.132670317333278387e-03
2.739999999999999923e-04	7.107657528898223692e-03
2.749999999999999624e-04	7.082479364526926904e-03
2.759999999999999867e-04	7.057142642356771696e-03
2.770000000000000110e-04	7.031654180525145209e-03
2.779999999999999811e-04	7.006020797169426780e-03
2.790000000000000054e-04	6.980249310427001815e-03
2.799999999999999755e-04	6.954346538435252252e-03
2.809999999999999998e-04	6.928319299331559163e-03
2.819999999999999699e-04	6.902174411253313158e-03
2.829999999999999942e-04	6.875918692337884899e-03
2.839999999999999643e-04	6.849558960722669336e-03
2.849999999999999886e-04	6.823102034545044069e-03
2.860000000000000129e-04	6.796554731942390168e-03
2.869999999999999830e-04	6.769923871052097378e-03
2.880000000000000073e-04	6.743216270011538963e-03
2.889999999999999774e-04	6.716438746958109871e-03
2.900000000000000017e-04	6.689598120029183366e-03
2.909999999999999718e-04	6.662701207362148326e-03
2.919999999999999961e-04	6.635754827094383218e-03
2.929999999999999662e-04	6.608765797363277787e-03
2.939999999999999905e-04	6.581740936306207032e-03
2.949999999999999606e-04	6.554687062060561564e-03
2.959999999999999849e-04	6.527610992763715515e-03
2.970000000000000092e-04	6.500519546553061231e-03
2.979999999999999793e-04	6.473419541565977181e-03
2.990000000000000036e-04	6.446317795939846169e-03
2.999999999999999737e-04	6.419221127812055339e-03
3.009999999999999980e-04	6.392135274839090033e-03
3.019999999999999681e-04	6.365061652753905598e-03
3.029999999999999924e-04	6.338000596808540839e-03
3.039999999999999625e-04	6.310952442255055375e-03
3.049999999999999868e-04	6.283917524345506225e-03
3.060000000000000111e-04	6.256896178331934795e-03
3.069999999999999812e-04	6.229888739466407643e-03
3.080000000000000055e-04	6.202895543000967044e-03
3.089999999999999756e-04	6.175916924187672616e-03
3.099999999999999999e-04	6.148953218278570103e-03
3.109999999999999700e-04	6.122004760525719125e-03
3.119999999999999944e-04	6.095071886181168026e-03
3.129999999999999644e-04	6.068154930496970356e-03
3.139999999999999888e-04	6.041254228725183133e-03
3.149999999999999589e-04	6.014370116117857303e-03
3.159999999999999832e-04	5.987502927927040343e-03
3.170000000000000075e-04	5.960652999404790139e-03
3.179999999999999776e-04	5.933820665803161108e-03
3.190000000000000019e-04	5.907006262374201594e-03
3.199999999999999720e-04	5.880210124369970350e-03
3.209999999999999963e-04	5.853432587042513985e-03
3.219999999999999664e-04	5.826673985643889518e-03
3.229999999999999907e-04	5.799934655426144427e-03
3.239999999999999608e-04	5.773214931641339198e-03
3.249999999999999851e-04	5.746515149541522177e-03
3.260000000000000094e-04	5.719835644378744310e-03
3.269999999999999795e-04	5.693176751405064351e-03
3.280000000000000038e-04	5.666538805872529776e-03
3.289999999999999739e-04	5.639922143033197603e-03
3.299999999999999982e-04	5.613327098139118780e-03
3.309999999999999683e-04	5.586754006442345120e-03
3.319999999999999926e-04	5.560203203194929306e-03
3.329999999999999627e-04	5.533675023648926619e-03
3.339999999999999870e-04	5.507169803056388008e-03
3.350000000000000113e-04	5.480687876669366153e-03
3.359999999999999814e-04	5.454229579739918940e-03
3.370000000000000057e-04	5.427795247520090377e-03
3.379999999999999758e-04	5.401385215261940952e-03
3.390000000000000001e-04	5.374999818217519008e-03
3.399999999999999702e-04	5.348639391638880698e-03
3.409999999999999945e-04	5.322304270778075233e-03
3.419999999999999646e-04	5.295994790887158764e-03
3.429999999999999889e-04	5.269711287218183104e-03
3.439999999999999590e-04	5.243454095023200937e-03
3.449999999999999833e-04	5.217223549554264074e-03
3.460000000000000076e-04	5.191019986063424331e-03
3.469999999999999777e-04	5.164843739802739593e-03
3.480000000000000020e-04	5.138695146024259940e-03
3.489999999999999721e-04	5.112574539980035450e-03
3.499999999999999964e-04	5.086482256922123142e-03
3.509999999999999665e-04	5.060418632102574830e-03
3.519999999999999908e-04	5.034384000773441462e-03
3.529999999999999609e-04	5.008378698186780054e-03
3.539999999999999853e-04	4.982403059594638084e-03
3.550000000000000096e-04	4.956457420249070836e-03
3.559999999999999797e-04	4.930542115402132726e-03
3.570000000000000040e-04	4.904657480305873833e-03
3.579999999999999741e-04	4.878803850212350308e-03
3.589999999999999984e-04	4.852981560373612231e-03
3.599999999999999685e-04	4.827190946041715752e-03
3.609999999999999928e-04	4.801432342468706614e-03
3.619999999999999629e-04	4.775706084906647039e-03
3.629999999999999872e-04	4.750012508607582770e-03
3.639999999999999573e-04	4.724351948823569958e-03
3.649999999999999816e-04	4.698724740806660416e-03
3.660000000000000059e-04	4.673131219808906826e-03
3.669999999999999760e-04	4.647571721082363605e-03
3.680000000000000003e-04	4.622046579879082566e-03
3.689999999999999704e-04	4.596556131451115523e-03
3.699999999999999947e-04	4.571100711050517761e-03
3.709999999999999648e-04	4.545680653929341092e-03
3.719999999999999891e-04	4.520296295339636464e-03
3.729999999999999592e-04	4.494947970533460027e-03
3.739999999999999835e-04	4.469636014762860994e-03
3.750000000000000078e-04	4.444360763279894648e-03
3.759999999999999779e-04	4.419122551336615405e-03
3.770000000000000022e-04	4.393921714185072477e-03
3.779999999999999723e-04	4.368758587077321148e-03
3.789999999999999966e-04	4.343633505265412365e-03
3.799999999999999667e-04	4.318546804001402277e-03
3.809999999999999910e-04	4.293498818537339230e-03
3.819999999999999611e-04	4.268489884125279375e-03
3.829999999999999854e-04	4.243520336017275393e-03
3.840000000000000097e-04	4.218590509465378231e-03
3.849999999999999798e-04	4.193700739721643173e-03
3.860000000000000041e-04	4.168851362038122031e-03
3.869999999999999742e-04	4.144042711666866621e-03
3.879999999999999985e-04	4.119275123859930492e-03
3.889999999999999686e-04	4.094548933869368058e-03
3.899999999999999929e-04	4.069864476947230268e-03
3.909999999999999630e-04	4.045222088345570670e-03
3.919999999999999873e-04	4.020622103316441945e-03
3.929999999999999574e-04	3.996064857111896775e-03
3.939999999999999817e-04	3.971550684983986973e-03
3.950000000000000061e-04	3.947079922184767824e-03
3.959999999999999762e-04	3.922652903966293743e-03
3.970000000000000005e-04	3.898269965580611340e-03
3.979999999999999706e-04	3.873931442279780236e-03
3.989999999999999949e-04	3.849637669315848342e-03
3.999999999999999650e-04	3.825388981940870941e-03
4.009999999999999893e-04	3.801185715406899847e-03
4.019999999999999594e-04	3.777028204965988609e-03
4.029999999999999837e-04	3.752916785870189040e-03
4.040000000000000080e-04	3.728851793371554691e-03
4.049999999999999781e-04	3.704833562722140410e-03
4.060000000000000024e-04	3.680862429173995410e-03
4.069999999999999725e-04	3.656938727979178010e-03
4.079999999999999968e-04	3.633062794389734385e-03
4.089999999999999669e-04	3.609234963657719820e-03
4.099999999999999912e-04	3.585455571035188731e-03
4.109999999999999613e-04	3.561724951774194667e-03
4.119999999999999856e-04	3.538043441126785104e-03
4.129999999999999557e-04	3.514411374345020097e-03
4.139999999999999800e-04	3.490829086680948858e-03
4.150000000000000043e-04	3.467296913386623200e-03
4.159999999999999744e-04	3.443815189714097974e-03
4.169999999999999987e-04	3.420384250915424126e-03
4.179999999999999688e-04	3.397004432242657808e-03
4.189999999999999931e-04	3.373676068947848231e-03
4.199999999999999632e-04	3.350399496283052413e-03
4.209999999999999875e-04	3.327175049500318265e-03
4.219999999999999576e-04	3.304003063851702806e-03
4.229999999999999819e-04	3.280883874589255247e-03
4.240000000000000062e-04	3.257817816965029138e-03
4.249999999999999763e-04	3.234805226231082798e-03
4.260000000000000006e-04	3.211846437639462402e-03
4.269999999999999707e-04	3.188941786442223668e-03
4.279999999999999950e-04	3.166091607891418844e-03
4.289999999999999651e-04	3.143296237239102779e-03
4.299999999999999894e-04	3.120556009737323385e-03
4.309999999999999595e-04	3.097871260638139848e-03
4.319999999999999838e-04	3.075242325193600079e-03
4.329999999999999539e-04	3.052669538655759796e-03
4.339999999999999782e-04	3.030153236276670378e-03
4.350000000000000026e-04	3.007693753308384940e-03
4.359999999999999726e-04	2.985291425002957032e-03
4.369999999999999970e-04	2.962946586612438468e-03
4.379999999999999671e-04	2.940659573388883664e-03
4.389999999999999914e-04	2.918430720584343566e-03
4.399999999999999615e-04	2.896260363450873457e-03
4.409999999999999858e-04	2.874148837240523419e-03
4.419999999999999559e-04	2.852096477205348299e-03
4.429999999999999802e-04	2.830103618597400780e-03
4.440000000000000045e-04	2.808170596668731374e-03
4.449999999999999746e-04	2.786297746671396666e-03
4.459999999999999989e-04	2.764485403857448037e-03
4.469999999999999690e-04	2.742733903478937300e-03
4.479999999999999933e-04	2.721043580787917571e-03
4.489999999999999634e-04	2.699414771036442832e-03
4.499999999999999877e-04	2.677847809476564898e-03
4.509999999999999578e-04	2.656343031360337316e-03
4.519999999999999821e-04	2.634900771939812768e-03
4.530000000000000064e-04	2.613521366467043069e-03
4.539999999999999765e-04	2.592205150194083502e-03
4.550000000000000008e-04	2.570952458372984580e-03
4.559999999999999709e-04	2.549763626255800286e-03
4.569999999999999952e-04	2.528638989094583733e-03
4.579999999999999653e-04	2.507578882141386738e-03
4.589999999999999896e-04	2.486583640648262847e-03
4.599999999999999597e-04	2.465653599867265178e-03
4.609999999999999840e-04	2.444789095050446410e-03
4.619999999999999541e-04	2.423990461449859225e-03
4.629999999999999784e-04	2.403258034317555438e-03
4.640000000000000027e-04	2.382592148905589898e-03
4.649999999999999728e-04	2.361993140466014419e-03
4.659999999999999971e-04	2.341461344250881683e-03
4.669999999999999672e-04	2.320997095512245673e-03
4.679999999999999915e-04	2.300600729502158201e-03
4.689999999999999616e-04	2.280272581472672384e-03
4.699999999999999859e-04	2.260012986675840902e-03
4.709999999999999560e-04	2.239822280363717305e-03
4.719999999999999803e-04	2.219700797788352539e-03
4.730000000000000046e-04	2.199648874201801888e-03
4.739999999999999747e-04	2.179666844856118467e-03
4.749999999999999990e-04	2.159755045003351488e-03
4.759999999999999691e-04	2.139913809895558402e-03
4.769999999999999934e-04	2.120143474784788856e-03
4.779999999999999635e-04	2.100444374923097265e-03
4.789999999999999879e-04	2.080816845562535010e-03
4.799999999999999580e-04	2.061261221955158242e-03
4.809999999999999823e-04	2.041777839353014871e-03
4.819999999999999524e-04	2.022367033008162784e-03
4.829999999999999767e-04	2.003029138172650325e-03
4.840000000000000010e-04	1.983764490098531910e-03
4.849999999999999711e-04	1.964573424037864557e-03
4.859999999999999954e-04	1.945456275242694877e-03
4.869999999999999655e-04	1.926413378965079453e-03
4.879999999999999898e-04	1.907445070457070100e-03
4.889999999999999599e-04	1.888551684970719933e-03
4.899999999999999842e-04	1.869733557758080549e-03
4.910000000000000085e-04	1.850991024071205930e-03
4.919999999999999244e-04	1.832324419162151795e-03
4.929999999999999487e-04	1.813734078282964752e-03
4.939999999999999730e-04	1.795220336685702470e-03
4.949999999999999973e-04	1.776783529622415897e-03
4.960000000000000216e-04	1.758423992345158147e-03
4.969999999999999375e-04	1.740142060105984070e-03
4.979999999999999618e-04	1.721938068156943745e-03
4.989999999999999861e-04	1.703812351750090505e-03
5.000000000000000104e-04	1.685765246137477897e-03
5.009999999999999263e-04	1.667797086571159906e-03
5.019999999999999506e-04	1.649908208303187043e-03
5.029999999999999749e-04	1.632098946585613074e-03
5.039999999999999992e-04	1.614369636670491548e-03
5.050000000000000235e-04	1.596720613809873845e-03
5.059999999999999394e-04	1.579152213255816334e-03
5.069999999999999637e-04	1.561664770260367575e-03
5.079999999999999880e-04	1.544258620075582853e-03
5.090000000000000123e-04	1.526934097953513546e-03
5.099999999999999282e-04	1.509691539146215374e-03
5.109999999999999525e-04	1.492531278905737547e-03
5.119999999999999768e-04	1.475453652484134915e-03
5.130000000000000011e-04	1.458458995133459727e-03
5.140000000000000254e-04	1.441547642105765747e-03
5.149999999999999413e-04	1.424719928653106525e-03
5.159999999999999656e-04	1.407976190027531707e-03
5.169999999999999899e-04	1.391316761481096792e-03
5.180000000000000143e-04	1.374741978265854028e-03
5.189999999999999301e-04	1.358252175633857398e-03
5.199999999999999544e-04	1.341847688837157632e-03
5.209999999999999788e-04	1.325528853127807627e-03
5.220000000000000031e-04	1.309296003757862018e-03
5.230000000000000274e-04	1.293149475979373051e-03
5.239999999999999433e-04	1.277089605044393625e-03
5.249999999999999676e-04	1.261116726204976422e-03
5.259999999999999919e-04	1.245231174713173038e-03
5.270000000000000162e-04	1.229433285821038323e-03
5.279999999999999321e-04	1.213723394780626044e-03
5.289999999999999564e-04	1.198101836843985194e-03
5.299999999999999807e-04	1.182568947263171275e-03
5.310000000000000050e-04	1.167125061290236968e-03
5.320000000000000293e-04	1.151770514177233870e-03
5.329999999999999452e-04	1.136505641176219000e-03
5.339999999999999695e-04	1.121330777539239184e-03
5.349999999999999938e-04	1.106246258518350789e-03
5.360000000000000181e-04	1.091252419365606498e-03
5.369999999999999340e-04	1.076349595333060075e-03
5.379999999999999583e-04	1.061538121672761167e-03
5.389999999999999826e-04	1.046818333636765058e-03
5.400000000000000069e-04	1.032190566477123560e-03
5.409999999999999228e-04	1.017655155445891741e-03
5.419999999999999471e-04	1.003212435795120113e-03
5.429999999999999714e-04	9.888627427768613594e-04
5.439999999999999957e-04	9.746064116431692442e-04
5.450000000000000200e-04	9.604437776460970997e-04
5.459999999999999359e-04	9.463751760376989085e-04
5.469999999999999602e-04	9.324009420700238825e-04
5.479999999999999845e-04	9.185214109951274136e-04
5.490000000000000088e-04	9.047369180650618580e-04
5.499999999999999247e-04	8.910477985318815235e-04
5.509999999999999490e-04	8.774543876476361640e-04
5.519999999999999733e-04	8.639570206643807379e-04
5.529999999999999976e-04	8.505560328341678182e-04
5.540000000000000219e-04	8.372517594090499778e-04
5.549999999999999378e-04	8.240445356410819582e-04
5.559999999999999621e-04	8.109346967823130798e-04
5.569999999999999864e-04	7.979225780847989512e-04
5.580000000000000107e-04	7.850085148005909530e-04
5.589999999999999266e-04	7.721928421817441518e-04
5.599999999999999509e-04	7.594758954803083016e-04
5.609999999999999752e-04	7.468580099483378186e-04
5.619999999999999996e-04	7.343395208378859264e-04
5.630000000000000239e-04	7.219207634010047642e-04
5.639999999999999397e-04	7.096020728897488566e-04
5.649999999999999641e-04	6.973837845561687166e-04
5.659999999999999884e-04	6.852662336523183267e-04
5.670000000000000127e-04	6.732497554302505852e-04
5.679999999999999286e-04	6.613346851420190409e-04
5.689999999999999529e-04	6.495213580396748572e-04
5.699999999999999772e-04	6.378101093752720167e-04
5.710000000000000015e-04	6.262012744008626586e-04
5.720000000000000258e-04	6.146951883685006571e-04
5.729999999999999417e-04	6.032921865302394524e-04
5.739999999999999660e-04	5.919926041381296661e-04
5.749999999999999903e-04	5.807967764442252805e-04
5.760000000000000146e-04	5.697050387005798446e-04
5.769999999999999305e-04	5.587177261592460396e-04
5.779999999999999548e-04	5.478351740722754628e-04
5.789999999999999791e-04	5.370577176917222051e-04
5.800000000000000034e-04	5.263856922696379722e-04
5.810000000000000277e-04	5.158194330580769633e-04
5.819999999999999436e-04	5.053592753090925104e-04
5.829999999999999679e-04	4.950055542747354518e-04
5.839999999999999922e-04	4.847586052070596073e-04
5.850000000000000165e-04	4.746187633581180920e-04
5.859999999999999324e-04	4.645863639799645631e-04
5.869999999999999567e-04	4.546617423246495336e-04
5.879999999999999810e-04	4.448452336442276908e-04
5.890000000000000053e-04	4.351371731907511739e-04
5.899999999999999212e-04	4.255378962162744533e-04
5.909999999999999455e-04	4.160477379728480421e-04
5.919999999999999698e-04	4.066670337125255432e-04
5.929999999999999941e-04	3.973961186873600174e-04
5.940000000000000184e-04	3.882353281494050137e-04
5.949999999999999343e-04	3.791849973507132134e-04
5.959999999999999586e-04	3.702454615433367559e-04
5.969999999999999829e-04	3.614170559793285936e-04
5.980000000000000072e-04	3.527001159107416789e-04
5.989999999999999231e-04	3.440949765896302113e-04
5.999999999999999474e-04	3.356019732680447579e-04
6.009999999999999717e-04	3.272214411980393554e-04
6.019999999999999961e-04	3.189537156316668478e-04
6.030000000000000204e-04	3.107991318209798624e-04
6.039999999999999362e-04	3.027580250180327069e-04
6.049999999999999606e-04	2.948307304748761654e-04
6.059999999999999849e-04	2.870175834435641660e-04
6.070000000000000092e-04	2.793189191761487398e-04
6.079999999999999251e-04	2.717350729246848450e-04
6.089999999999999494e-04	2.642663799412227777e-04
6.099999999999999737e-04	2.569131754778163578e-04
6.109999999999999980e-04	2.496757947865189172e-04
6.120000000000000223e-04	2.425545731193830289e-04
6.129999999999999382e-04	2.355498457284615913e-04
6.139999999999999625e-04	2.286619478658076109e-04
6.149999999999999868e-04	2.218912147834736065e-04
6.160000000000000111e-04	2.152379817335123139e-04
6.169999999999999270e-04	2.087025839679776612e-04
6.179999999999999513e-04	2.022853567389212457e-04
6.189999999999999756e-04	1.959866352983960741e-04
6.199999999999999999e-04	1.898067548984556951e-04
6.210000000000000242e-04	1.837460507911526275e-04
6.219999999999999401e-04	1.778048582285400949e-04
6.229999999999999644e-04	1.719835124626702908e-04
6.239999999999999887e-04	1.662823487455963845e-04
6.250000000000000130e-04	1.607017023293715995e-04
6.259999999999999289e-04	1.552419084660486715e-04
6.269999999999999532e-04	1.499033024076794145e-04
6.279999999999999775e-04	1.446862194063179194e-04
6.290000000000000018e-04	1.395909947140166509e-04
6.299999999999999177e-04	1.346179635828289949e-04
6.309999999999999420e-04	1.297674612648069283e-04
6.319999999999999663e-04	1.250398230120038372e-04
6.329999999999999906e-04	1.204353840764720777e-04
6.340000000000000149e-04	1.159544797102651987e-04
6.349999999999999308e-04	1.115974451654364237e-04
6.359999999999999551e-04	1.073646156940372414e-04
6.369999999999999794e-04	1.032563265481210922e-04
6.380000000000000037e-04	9.927291297974141651e-05
6.389999999999999196e-04	9.541471024095084155e-05
6.399999999999999439e-04	9.168205358380166923e-05
6.409999999999999682e-04	8.807527826034728573e-05
6.419999999999999925e-04	8.459471952264031825e-05
6.430000000000000169e-04	8.124071262273382769e-05
6.439999999999999327e-04	7.801359281268092916e-05
6.449999999999999570e-04	7.491369534453365354e-05
6.459999999999999814e-04	7.194135547034544121e-05
6.470000000000000057e-04	6.909690844216913623e-05
6.479999999999999215e-04	6.638068951205790789e-05
6.489999999999999459e-04	6.379303393206405817e-05
6.499999999999999702e-04	6.133427695424043110e-05
6.509999999999999945e-04	5.900475383064025022e-05
6.520000000000000188e-04	5.680479981331630537e-05
6.529999999999999347e-04	5.473475015432138638e-05
6.539999999999999590e-04	5.279494010570828311e-05
6.549999999999999833e-04	5.098570491953021908e-05
6.560000000000000076e-04	4.930737984783949623e-05
6.569999999999999235e-04	4.776030014268982599e-05
6.579999999999999478e-04	4.634480105613291399e-05
6.589999999999999721e-04	4.506121784022263429e-05
6.599999999999999964e-04	4.390988574701123462e-05
6.610000000000000207e-04	4.289114002855188429e-05
6.619999999999999366e-04	4.200531593689769841e-05
6.629999999999999609e-04	4.125274872410070789e-05
6.639999999999999852e-04	4.063377364221462413e-05
6.650000000000000095e-04	4.014872594329185751e-05
6.659999999999999254e-04	3.979794087938552313e-05
6.669999999999999497e-04	3.958175370254819400e-05
6.679999999999999740e-04	3.950049966483320206e-05
6.689999999999999983e-04	3.955451401829301189e-05
6.700000000000000226e-04	3.974413201498041334e-05
6.709999999999999385e-04	4.006968890694846729e-05
6.719999999999999628e-04	4.053151994625012623e-05
6.729999999999999871e-04	4.112996038493834262e-05
6.740000000000000114e-04	4.186534547506563526e-05
6.749999999999999273e-04	4.273801046868490241e-05
6.759999999999999516e-04	4.374829061784936760e-05
6.769999999999999759e-04	4.489652117461171224e-05
6.780000000000000002e-04	4.618303739102483461e-05
6.789999999999999161e-04	4.760817451914109086e-05
6.799999999999999404e-04	4.917226781101413820e-05
6.809999999999999647e-04	5.087565251869622437e-05
6.819999999999999890e-04	5.271866389424089815e-05
6.830000000000000134e-04	5.470163718970029888e-05
6.839999999999999292e-04	5.682490765712743322e-05
6.849999999999999535e-04	5.908881054857574155e-05
6.859999999999999779e-04	6.149368111609758002e-05
6.870000000000000022e-04	6.403985461174595533e-05
6.879999999999999180e-04	6.672766628757344047e-05
6.889999999999999424e-04	6.955745139563315055e-05
6.899999999999999667e-04	7.252954518797841751e-05
6.909999999999999910e-04	7.564428291666138067e-05
6.920000000000000153e-04	7.890199983373537198e-05
6.929999999999999312e-04	8.230303119125242234e-05
6.939999999999999555e-04	8.584771224126651421e-05
6.949999999999999798e-04	8.953637823583032902e-05
6.960000000000000041e-04	9.336936442699622293e-05
6.969999999999999200e-04	9.734700606681687737e-05
6.979999999999999443e-04	1.014696384073458411e-04
6.989999999999999686e-04	1.057375967006359040e-04
6.999999999999999929e-04	1.101512161987396390e-04
7.010000000000000172e-04	1.147108321537097277e-04
7.019999999999999331e-04	1.194167798175992850e-04
7.029999999999999574e-04	1.242693944424616429e-04
7.039999999999999817e-04	1.292690112803490492e-04
7.050000000000000060e-04	1.344159655833147273e-04
7.059999999999999219e-04	1.397105926034107083e-04
7.069999999999999462e-04	1.451532275926910830e-04
7.079999999999999705e-04	1.507442058032079906e-04
7.089999999999999948e-04	1.564838624870148716e-04
7.100000000000000191e-04	1.623725328961638653e-04
7.109999999999999350e-04	1.684105522827075447e-04
7.119999999999999593e-04	1.745982558987002175e-04
7.129999999999999836e-04	1.809359789961935893e-04
7.140000000000000079e-04	1.874240568272409922e-04
7.149999999999999238e-04	1.940628246438947822e-04
7.159999999999999481e-04	2.008526176982082913e-04
7.169999999999999724e-04	2.077937712422347431e-04
7.179999999999999967e-04	2.148866205280263852e-04
7.190000000000000210e-04	2.221315008076364412e-04
7.199999999999999369e-04	2.295287473331163999e-04
7.209999999999999612e-04	2.370786953565215448e-04
7.219999999999999855e-04	2.447816801299033647e-04
7.230000000000000098e-04	2.526380369053147579e-04
7.239999999999999257e-04	2.606481009348078637e-04
7.249999999999999500e-04	2.688122074704372066e-04
7.259999999999999743e-04	2.771306917642552513e-04
7.269999999999999987e-04	2.856038890683140286e-04
7.279999999999999145e-04	2.942321346346660031e-04
7.289999999999999388e-04	3.030157637153656994e-04
7.299999999999999632e-04	3.119551115624653653e-04
7.309999999999999875e-04	3.210505134280174653e-04
7.320000000000000118e-04	3.303023045640751144e-04
7.329999999999999277e-04	3.397108202226902353e-04
7.339999999999999520e-04	3.492763956559173525e-04
7.349999999999999763e-04	3.589993661158085510e-04
7.360000000000000006e-04	3.688800668544168918e-04
7.369999999999999165e-04	3.789188331237939179e-04
7.379999999999999408e-04	3.891160001759945875e-04
7.389999999999999651e-04	3.994719032630708231e-04
7.399999999999999894e-04	4.099868776370754688e-04
7.410000000000000137e-04	4.206612585500616938e-04
7.419999999999999296e-04	4.314953812540806076e-04
7.429999999999999539e-04	4.424895810011877104e-04
7.439999999999999782e-04	4.536441930434349248e-04
7.450000000000000025e-04	4.649595526328743900e-04
7.459999999999999184e-04	4.764359950215586790e-04
7.469999999999999427e-04	4.880738554615426418e-04
7.479999999999999670e-04	4.998734692048778213e-04
7.489999999999999913e-04	5.118351715036170615e-04
7.500000000000000156e-04	5.239592976098135860e-04
7.509999999999999315e-04	5.362461827755186667e-04
7.519999999999999558e-04	5.486961622527878040e-04
7.529999999999999801e-04	5.613095712936729204e-04
7.540000000000000044e-04	5.740867451502262636e-04
7.549999999999999203e-04	5.870280190744997561e-04
7.559999999999999446e-04	6.001337283185487897e-04
7.569999999999999689e-04	6.134042081344251787e-04
7.579999999999999932e-04	6.268397937741816044e-04
7.590000000000000175e-04	6.404408204898706398e-04
7.599999999999999334e-04	6.542076235335439905e-04
7.609999999999999577e-04	6.681405381572576990e-04
7.619999999999999820e-04	6.822398996130623868e-04
7.630000000000000063e-04	6.965060431530119278e-04
7.639999999999999222e-04	7.109393040291567267e-04
7.649999999999999465e-04	7.255400174935534765e-04
7.659999999999999708e-04	7.403085187982526901e-04
7.669999999999999951e-04	7.552451431953081332e-04
7.680000000000000195e-04	7.703502259367722704e-04
7.689999999999999353e-04	7.856241022746960484e-04
7.699999999999999597e-04	8.010671074611359433e-04
7.709999999999999840e-04	8.166795767481431186e-04
7.720000000000000083e-04	8.324618453877704726e-04
7.729999999999999242e-04	8.484142486320689520e-04
7.739999999999999485e-04	8.645371217330951414e-04
7.749999999999999728e-04	8.808307999429000959e-04
7.759999999999999971e-04	8.972956185135363884e-04
7.769999999999999130e-04	9.139319126970555079e-04
7.779999999999999373e-04	9.307400177455138219e-04
7.789999999999999616e-04	9.477202689109623856e-04
7.799999999999999859e-04	9.648730014454539889e-04
7.810000000000000102e-04	9.821985506010414216e-04
7.819999999999999261e-04	9.996972516297757388e-04
7.829999999999999504e-04	1.017369439783713742e-03
7.839999999999999747e-04	1.035215450314906161e-03
7.849999999999999990e-04	1.053235618475405894e-03
7.859999999999999149e-04	1.071430279517264321e-03
7.869999999999999392e-04	1.089799768692537594e-03
7.879999999999999635e-04	1.108344421253276875e-03
7.889999999999999878e-04	1.127064572451534847e-03
7.900000000000000121e-04	1.145960557539364190e-03
7.909999999999999280e-04	1.165032711768816502e-03
7.919999999999999523e-04	1.184281370391948801e-03
7.929999999999999766e-04	1.203706868660810517e-03
7.940000000000000009e-04	1.223309541827456498e-03
7.949999999999999168e-04	1.243089725143935740e-03
