-2.220000000000000022e-04	-4.018248237707876746e-05
-2.209999999999999779e-04	-1.539054366416053572e-04
-2.199999999999999807e-04	-2.630634847334629078e-04
-2.189999999999999835e-04	-3.677242791489459205e-04
-2.179999999999999863e-04	-4.679554723843457119e-04
-2.169999999999999891e-04	-5.638247169359538423e-04
-2.159999999999999919e-04	-6.553996653000614386e-04
-2.149999999999999947e-04	-7.427479699729601153e-04
-2.139999999999999975e-04	-8.259372834509412162e-04
-2.130000000000000003e-04	-9.050352582302959763e-04
-2.120000000000000031e-04	-9.801095468073162814e-04
-2.109999999999999788e-04	-1.051227801678294126e-03
-2.099999999999999816e-04	-1.118457675339518467e-03
-2.089999999999999844e-04	-1.181866820287282276e-03
-2.079999999999999872e-04	-1.241522889017876137e-03
-2.069999999999999900e-04	-1.297493534027592370e-03
-2.059999999999999928e-04	-1.349846407812722209e-03
-2.049999999999999956e-04	-1.398649162869556239e-03
-2.039999999999999984e-04	-1.443969451694387214e-03
-2.030000000000000012e-04	-1.485874926783504416e-03
-2.020000000000000040e-04	-1.524433240633201901e-03
-2.009999999999999797e-04	-1.559712045739770035e-03
-1.999999999999999825e-04	-1.591778994599499187e-03
-1.989999999999999853e-04	-1.620701739708681026e-03
-1.979999999999999881e-04	-1.646547933563607220e-03
-1.969999999999999909e-04	-1.669385228660569655e-03
-1.959999999999999937e-04	-1.689281277495859133e-03
-1.949999999999999965e-04	-1.706303732565767105e-03
-1.939999999999999993e-04	-1.720520246366585241e-03
-1.930000000000000021e-04	-1.731998471394604559e-03
-1.920000000000000049e-04	-1.740806060146116293e-03
-1.909999999999999806e-04	-1.747010665117412331e-03
-1.899999999999999834e-04	-1.750679938804784340e-03
-1.889999999999999862e-04	-1.751881533704522471e-03
-1.879999999999999890e-04	-1.750683102312919478e-03
-1.869999999999999917e-04	-1.747152297126265729e-03
-1.859999999999999945e-04	-1.741356770640853325e-03
-1.849999999999999973e-04	-1.733364175352971551e-03
-1.840000000000000001e-04	-1.723242163758915112e-03
-1.830000000000000029e-04	-1.711058388354974157e-03
-1.819999999999999786e-04	-1.696880501637438405e-03
-1.809999999999999814e-04	-1.680776156102601259e-03
-1.799999999999999842e-04	-1.662813004246753738e-03
-1.789999999999999870e-04	-1.643058698566186859e-03
-1.779999999999999898e-04	-1.621580891557190558e-03
-1.769999999999999926e-04	-1.598447235716058670e-03
-1.759999999999999954e-04	-1.573725383539082432e-03
-1.749999999999999982e-04	-1.547482987522551560e-03
-1.740000000000000010e-04	-1.519787700162758158e-03
-1.730000000000000038e-04	-1.490707173955993677e-03
-1.719999999999999795e-04	-1.460309061398548484e-03
-1.709999999999999823e-04	-1.428661014986716202e-03
-1.699999999999999851e-04	-1.395830687216786980e-03
-1.689999999999999879e-04	-1.361885730585051402e-03
-1.679999999999999907e-04	-1.326893797587802874e-03
-1.669999999999999935e-04	-1.290922540721330678e-03
-1.659999999999999963e-04	-1.254039612481927784e-03
-1.649999999999999991e-04	-1.216312665365884126e-03
-1.640000000000000019e-04	-1.177809351869492024e-03
-1.630000000000000047e-04	-1.138597324489042713e-03
-1.619999999999999804e-04	-1.098744235720826128e-03
-1.609999999999999832e-04	-1.058317738061136971e-03
-1.599999999999999860e-04	-1.017385484006263878e-03
-1.589999999999999888e-04	-9.760151260524984078e-04
-1.579999999999999916e-04	-9.342743166961339643e-04
-1.569999999999999944e-04	-8.922307084334599398e-04
-1.559999999999999972e-04	-8.499519537607675692e-04
-1.550000000000000000e-04	-8.075057051743502563e-04
-1.540000000000000028e-04	-7.649596151704972846e-04
-1.530000000000000056e-04	-7.223813362455007566e-04
-1.519999999999999813e-04	-6.798385208956515824e-04
-1.509999999999999841e-04	-6.373988216172424065e-04
-1.499999999999999869e-04	-5.951298909065645725e-04
-1.489999999999999897e-04	-5.530993812599076893e-04
-1.479999999999999925e-04	-5.113749451735644016e-04
-1.469999999999999953e-04	-4.700242351438260529e-04
-1.459999999999999981e-04	-4.291149036669839869e-04
-1.450000000000000009e-04	-3.887146032393294388e-04
-1.440000000000000036e-04	-3.488909863571536436e-04
-1.430000000000000064e-04	-3.097117055167485956e-04
-1.419999999999999821e-04	-2.712444132144035784e-04
-1.409999999999999849e-04	-2.335567619464130797e-04
-1.399999999999999877e-04	-1.967164042090672506e-04
-1.389999999999999905e-04	-1.607909924986562419e-04
-1.379999999999999933e-04	-1.258481793114736742e-04
-1.369999999999999961e-04	-9.195561714380926475e-05
-1.359999999999999989e-04	-5.918095849195468237e-05
-1.350000000000000017e-04	-2.759185585220137911e-05
-1.340000000000000045e-04	2.744038279158976176e-06
-1.330000000000000073e-04	3.175907140583558198e-05
-1.319999999999999830e-04	5.938559103153676945e-05
-1.309999999999999858e-04	8.555594465997108655e-05
-1.299999999999999886e-04	1.102024797948475150e-04
-1.289999999999999914e-04	1.332575439398733016e-04
-1.279999999999999942e-04	1.546534845987582955e-04
-1.269999999999999970e-04	1.743226492752110446e-04
-1.259999999999999998e-04	1.921973854729396632e-04
-1.250000000000000026e-04	2.082100406956540004e-04
-1.240000000000000054e-04	2.222929624470615199e-04
-1.229999999999999811e-04	2.343784982308709866e-04
-1.219999999999999974e-04	2.443989955507913821e-04
-1.210000000000000002e-04	2.522868019105314712e-04
-1.199999999999999895e-04	2.579742648137987177e-04
-1.189999999999999923e-04	2.613937317643031874e-04
-1.179999999999999951e-04	2.624775502657523442e-04
-1.169999999999999979e-04	2.611580678218549528e-04
-1.160000000000000007e-04	2.573676319363202118e-04
-1.149999999999999899e-04	2.510385901128564523e-04
-1.139999999999999927e-04	2.421032898551733065e-04
-1.129999999999999955e-04	2.304940786669782381e-04
-1.119999999999999983e-04	2.161433040519791446e-04
-1.110000000000000011e-04	1.989833135138860919e-04
-1.099999999999999904e-04	1.789464545564074111e-04
-1.089999999999999932e-04	1.559650746832523006e-04
-1.079999999999999960e-04	1.299715213981282244e-04
-1.069999999999999988e-04	1.008981422047430798e-04
-1.060000000000000016e-04	6.867728460680736641e-05
-1.049999999999999908e-04	3.324129610802898163e-05
-1.039999999999999936e-04	-5.477475787884177050e-06
-1.029999999999999964e-04	-4.754668357722247746e-05
-1.019999999999999992e-04	-9.303397975627758845e-05
-1.010000000000000020e-04	-1.419828070357818136e-04
-9.999999999999999124e-05	-1.943397689842373140e-04
-9.899999999999999404e-05	-2.500272593845799464e-04
-9.799999999999999684e-05	-3.089676720197521271e-04
-9.699999999999999963e-05	-3.710834006726970854e-04
-9.600000000000000243e-05	-4.362968391263523588e-04
-9.499999999999999168e-05	-5.045303811636595503e-04
-9.399999999999999448e-05	-5.757064205675599920e-04
-9.299999999999999727e-05	-6.497473511209919802e-04
-9.200000000000000007e-05	-7.265755666069002080e-04
-9.099999999999998932e-05	-8.061134608082229716e-04
-8.999999999999999212e-05	-8.882834275079007358e-04
-8.899999999999999491e-05	-9.730078604888710379e-04
-8.799999999999999771e-05	-1.060209153534080306e-03
-8.700000000000000051e-05	-1.149809700426464559e-03
-8.599999999999998976e-05	-1.241731894948968707e-03
-8.499999999999999255e-05	-1.335898130884530504e-03
-8.399999999999999535e-05	-1.432230802016090524e-03
-8.299999999999999815e-05	-1.530652302126589122e-03
-8.200000000000000095e-05	-1.631085024998970125e-03
-8.099999999999999019e-05	-1.733451364416169335e-03
-7.999999999999999299e-05	-1.837673714161132095e-03
-7.899999999999999579e-05	-1.943674468016794426e-03
-7.799999999999999859e-05	-2.051376019766099935e-03
-7.700000000000000139e-05	-2.160700763191989414e-03
-7.599999999999999063e-05	-2.271571092077403434e-03
-7.499999999999999343e-05	-2.383909400205279534e-03
-7.399999999999999623e-05	-2.497638081358563491e-03
-7.299999999999999903e-05	-2.612679529320189806e-03
-7.200000000000000182e-05	-2.728956137873105123e-03
-7.099999999999999107e-05	-2.846390300800246548e-03
-6.999999999999999387e-05	-2.964904411884555519e-03
-6.899999999999999667e-05	-3.084420864908971743e-03
-6.799999999999999946e-05	-3.204862053656435793e-03
-6.700000000000000226e-05	-3.326150371909891712e-03
-6.599999999999999151e-05	-3.448208213452276603e-03
-6.499999999999999431e-05	-3.570957972066531906e-03
-6.399999999999999710e-05	-3.694322041535597761e-03
-6.299999999999999990e-05	-3.818222815642416910e-03
-6.200000000000000270e-05	-3.942582688169926457e-03
-6.099999999999999872e-05	-4.067324052901070443e-03
-5.999999999999999474e-05	-4.192369303618789442e-03
-5.899999999999999754e-05	-4.317640834106020557e-03
-5.800000000000000034e-05	-4.443061038145706965e-03
-5.699999999999999636e-05	-4.568552309520790972e-03
-5.599999999999999916e-05	-4.694037042014207080e-03
-5.499999999999999518e-05	-4.819437629408903669e-03
-5.399999999999999798e-05	-4.944676465487817842e-03
-5.300000000000000078e-05	-5.069675944033885835e-03
-5.199999999999999680e-05	-5.194358458830057763e-03
-5.099999999999999960e-05	-5.318646403659268128e-03
-4.999999999999999562e-05	-5.442462172304455767e-03
-4.899999999999999842e-05	-5.565728158548563856e-03
-4.800000000000000122e-05	-5.688366756174534702e-03
-4.699999999999999724e-05	-5.810300358965306278e-03
-4.600000000000000004e-05	-5.931451360703819155e-03
-4.499999999999999606e-05	-6.051742155173018244e-03
-4.399999999999999886e-05	-6.171095136155837178e-03
-4.299999999999999488e-05	-6.289432697435226073e-03
-4.199999999999999768e-05	-6.406677232794116827e-03
-4.100000000000000047e-05	-6.522751136015451749e-03
-3.999999999999999650e-05	-6.637576800882172279e-03
-3.899999999999999929e-05	-6.751076621177219857e-03
-3.799999999999999532e-05	-6.863172990683539393e-03
-3.699999999999999811e-05	-6.973788303184058450e-03
-3.600000000000000091e-05	-7.082844952461733214e-03
-3.499999999999999693e-05	-7.190265332299495583e-03
-3.399999999999999973e-05	-7.295971836480287000e-03
-3.299999999999999575e-05	-7.399886858787048036e-03
-3.199999999999999855e-05	-7.501932793002720132e-03
-3.100000000000000135e-05	-7.602032032910244728e-03
-2.999999999999999737e-05	-7.700106972292563266e-03
-2.900000000000000017e-05	-7.796080004932613716e-03
-2.799999999999999958e-05	-7.889873524613335784e-03
-2.699999999999999899e-05	-7.981409925117673512e-03
-2.599999999999999840e-05	-8.070611600228566607e-03
-2.499999999999999781e-05	-8.157400943728958242e-03
-2.400000000000000061e-05	-8.241700349401777717e-03
-2.300000000000000002e-05	-8.323432211029978614e-03
-2.199999999999999943e-05	-8.402518922396495435e-03
-2.099999999999999884e-05	-8.478882877284273090e-03
-1.999999999999999825e-05	-8.552446469476246080e-03
-1.899999999999999766e-05	-8.623132092755359315e-03
-1.800000000000000046e-05	-8.690862140904554237e-03
-1.699999999999999987e-05	-8.755559007706767080e-03
-1.599999999999999928e-05	-8.817145086944942756e-03
-1.499999999999999869e-05	-8.875542772402017500e-03
-1.399999999999999979e-05	-8.930674457860934487e-03
-1.299999999999999920e-05	-8.982462537104636893e-03
-1.200000000000000030e-05	-9.030829403916059220e-03
-1.099999999999999971e-05	-9.075697452078148111e-03
-9.999999999999999124e-06	-9.116989075373843274e-03
-9.000000000000000228e-06	-9.154626667586079208e-03
-7.999999999999999638e-06	-9.188532622497806029e-03
-6.999999999999999895e-06	-9.218629333891958239e-03
-6.000000000000000152e-06	-9.244839195551477276e-03
-4.999999999999999562e-06	-9.267084601259301113e-03
-3.999999999999999819e-06	-9.285287944798378129e-03
-3.000000000000000076e-06	-9.299371619951641091e-03
-1.999999999999999909e-06	-9.309258020502034908e-03
-9.999999999999999547e-07	-9.314869540232501022e-03
0.000000000000000000e+00	-9.316128572925973933e-03
9.999999999999999547e-07	-9.312957512365400287e-03
1.999999999999999909e-06	-9.305278752333719788e-03
3.000000000000000076e-06	-9.293014686613872144e-03
3.999999999999999819e-06	-9.276087708988793590e-03
4.999999999999999562e-06	-9.254420213241432505e-03
6.000000000000000152e-06	-9.227934593154728596e-03
6.999999999999999895e-06	-9.196553242511614629e-03
7.999999999999999638e-06	-9.160198555095040718e-03
9.000000000000000228e-06	-9.118792924687939630e-03
9.999999999999999124e-06	-9.072258745073259745e-03
1.099999999999999971e-05	-9.020518410033935564e-03
1.200000000000000030e-05	-8.963494313352910262e-03
1.299999999999999920e-05	-8.901108848813123545e-03
1.399999999999999979e-05	-8.833284410197516853e-03
1.499999999999999869e-05	-8.759943391289031628e-03
1.599999999999999928e-05	-8.681008185870604105e-03
1.699999999999999987e-05	-8.596401187725179194e-03
1.800000000000000046e-05	-8.506044790635693131e-03
1.899999999999999766e-05	-8.409901221747643693e-03
1.999999999999999825e-05	-8.308092041656714097e-03
2.099999999999999884e-05	-8.200778644321143895e-03
2.199999999999999943e-05	-8.088122423699165703e-03
2.300000000000000002e-05	-7.970284773749020807e-03
2.400000000000000061e-05	-7.847427088428947026e-03
2.499999999999999781e-05	-7.719710761697178708e-03
2.599999999999999840e-05	-7.587297187511958876e-03
2.699999999999999899e-05	-7.450347759831521012e-03
2.799999999999999958e-05	-7.309023872614102933e-03
2.900000000000000017e-05	-7.163486919817941591e-03
2.999999999999999737e-05	-7.013898295401278273e-03
3.100000000000000135e-05	-6.860419393322348194e-03
3.199999999999999855e-05	-6.703211607539386573e-03
3.299999999999999575e-05	-6.542436332010633827e-03
3.399999999999999973e-05	-6.378254960694323440e-03
3.499999999999999693e-05	-6.210828887548697566e-03
3.600000000000000091e-05	-6.040319506531992289e-03
3.699999999999999811e-05	-5.866888211602443691e-03
3.799999999999999532e-05	-5.690696396718294796e-03
3.899999999999999929e-05	-5.511905455837773013e-03
3.999999999999999650e-05	-5.330676782919126569e-03
4.100000000000000047e-05	-5.147171771920582874e-03
4.199999999999999768e-05	-4.961551816800389286e-03
4.299999999999999488e-05	-4.773978311516778421e-03
4.399999999999999886e-05	-4.584612650027985493e-03
4.499999999999999606e-05	-4.393616226292250924e-03
4.600000000000000004e-05	-4.201150434267812532e-03
4.699999999999999724e-05	-4.007376667912909002e-03
4.800000000000000122e-05	-3.812456321185772514e-03
4.899999999999999842e-05	-3.616550788044644790e-03
4.999999999999999562e-05	-3.419821462447764950e-03
5.099999999999999960e-05	-3.222429738353366040e-03
5.199999999999999680e-05	-3.024537009719689348e-03
5.300000000000000078e-05	-2.826304670504969224e-03
5.399999999999999798e-05	-2.627894114667444787e-03
5.499999999999999518e-05	-2.429466736165355155e-03
5.599999999999999916e-05	-2.231183928956932509e-03
5.699999999999999636e-05	-2.033207087000421607e-03
5.800000000000000034e-05	-1.835697604254053761e-03
5.899999999999999754e-05	-1.638816874676071560e-03
5.999999999999999474e-05	-1.442726292224709352e-03
6.099999999999999872e-05	-1.247587250858203439e-03
6.200000000000000270e-05	-1.053561144534792939e-03
6.299999999999999990e-05	-8.608093672127178388e-04
6.399999999999999710e-05	-6.694933128502127042e-04
6.499999999999999431e-05	-4.797743754055156786e-04
6.599999999999999151e-05	-2.918139488368645803e-04
6.700000000000000226e-05	-1.057734271024946254e-04
6.799999999999999946e-05	7.818579583935289859e-05
6.899999999999999667e-05	2.599023260304413659e-04
6.999999999999999387e-05	4.392147695125354521e-04
7.099999999999999107e-05	6.159617323273948453e-04
7.200000000000000182e-05	7.899818205167869313e-04
7.299999999999999903e-05	9.611136401224676037e-04
7.399999999999999623e-05	1.129195797186202839e-03
7.499999999999999343e-05	1.294066897749755578e-03
7.599999999999999063e-05	1.455565547854886484e-03
7.700000000000000139e-05	1.613530353543361643e-03
7.799999999999999859e-05	1.767799920856938465e-03
7.899999999999999579e-05	1.918251116192544459e-03
7.999999999999999299e-05	2.064913847367746969e-03
8.099999999999999019e-05	2.207856282555276713e-03
8.200000000000000095e-05	2.347146589927867448e-03
8.299999999999999815e-05	2.482852937658245121e-03
8.399999999999999535e-05	2.615043493919142620e-03
8.499999999999999255e-05	2.743786426883289362e-03
8.599999999999998976e-05	2.869149904723416935e-03
8.700000000000000051e-05	2.991202095612256490e-03
8.799999999999999771e-05	3.110011167722537013e-03
8.899999999999999491e-05	3.225645289226988788e-03
8.999999999999999212e-05	3.338172628298344269e-03
9.099999999999998932e-05	3.447661353109332007e-03
9.200000000000000007e-05	3.554179631832686190e-03
9.299999999999999727e-05	3.657795632641133200e-03
9.399999999999999448e-05	3.758577523707404625e-03
9.499999999999999168e-05	3.856593473204231615e-03
9.600000000000000243e-05	3.951911649304345325e-03
9.699999999999999963e-05	4.044600220180475172e-03
9.799999999999999684e-05	4.134727354005352309e-03
9.899999999999999404e-05	4.222361218951705721e-03
9.999999999999999124e-05	4.307569983192268727e-03
1.010000000000000020e-04	4.390421814899771180e-03
1.019999999999999992e-04	4.470984882246941197e-03
1.029999999999999964e-04	4.549327353406511232e-03
1.039999999999999936e-04	4.625517396551212870e-03
1.049999999999999908e-04	4.699623179853773362e-03
1.060000000000000016e-04	4.771712871486928631e-03
1.069999999999999988e-04	4.841854639623404191e-03
1.079999999999999960e-04	4.910116652435931629e-03
1.089999999999999932e-04	4.976567078097243399e-03
1.099999999999999904e-04	5.041274084780066750e-03
1.110000000000000011e-04	5.104305840657135870e-03
1.119999999999999983e-04	5.165730513901178877e-03
1.129999999999999955e-04	5.225616272684929960e-03
1.139999999999999927e-04	5.284031285181113764e-03
1.149999999999999899e-04	5.341043719562465347e-03
1.160000000000000007e-04	5.396721744001714560e-03
1.169999999999999979e-04	5.451133526671588653e-03
1.179999999999999951e-04	5.504347235744823548e-03
1.189999999999999923e-04	5.556431039394146496e-03
1.199999999999999895e-04	5.607453105792287347e-03
1.210000000000000002e-04	5.657481603111979424e-03
1.219999999999999974e-04	5.706584699525950842e-03
1.229999999999999811e-04	5.754830563206932321e-03
1.240000000000000054e-04	5.802287362327657183e-03
1.250000000000000026e-04	5.849023265060852676e-03
1.259999999999999998e-04	5.895106439579249520e-03
1.269999999999999970e-04	5.940605054055581036e-03
1.279999999999999942e-04	5.985587276662575340e-03
1.289999999999999914e-04	6.030121275572964887e-03
1.299999999999999886e-04	6.074275218959478660e-03
1.309999999999999858e-04	6.118117274994845645e-03
1.319999999999999830e-04	6.161715611851800029e-03
1.330000000000000073e-04	6.205138397703070796e-03
1.340000000000000045e-04	6.248453800721389534e-03
1.350000000000000017e-04	6.291729989079483491e-03
1.359999999999999989e-04	6.335035130950085989e-03
1.369999999999999961e-04	6.378437394505926013e-03
1.379999999999999933e-04	6.422004947919736015e-03
1.389999999999999905e-04	6.465790249672825722e-03
1.399999999999999877e-04	6.509782919480823493e-03
1.409999999999999849e-04	6.553956867367940163e-03
1.419999999999999821e-04	6.598286003358385700e-03
1.430000000000000064e-04	6.642744237476369204e-03
1.440000000000000036e-04	6.687305479746099776e-03
1.450000000000000009e-04	6.731943640191783915e-03
1.459999999999999981e-04	6.776632628837635924e-03
1.469999999999999953e-04	6.821346355707864038e-03
1.479999999999999925e-04	6.866058730826673888e-03
1.489999999999999897e-04	6.910743664218279778e-03
1.499999999999999869e-04	6.955375065906890808e-03
1.509999999999999841e-04	6.999926845916715212e-03
1.519999999999999813e-04	7.044372914271961224e-03
1.530000000000000056e-04	7.088687180996841412e-03
1.540000000000000028e-04	7.132843556115563144e-03
1.550000000000000000e-04	7.176815949652332917e-03
1.559999999999999972e-04	7.220578271631364169e-03
1.569999999999999944e-04	7.264104432076867734e-03
1.579999999999999916e-04	7.307368341013050113e-03
1.589999999999999888e-04	7.350343908464121272e-03
1.599999999999999860e-04	7.393005044454290312e-03
1.609999999999999832e-04	7.435325659007770670e-03
1.619999999999999804e-04	7.477279662148764508e-03
1.630000000000000047e-04	7.518840963901490468e-03
1.640000000000000019e-04	7.559983474290148976e-03
1.649999999999999991e-04	7.600681103338953470e-03
1.659999999999999963e-04	7.640907761072114786e-03
1.669999999999999935e-04	7.680637357513841156e-03
1.679999999999999907e-04	7.719843802688340813e-03
1.689999999999999879e-04	7.758501006619828062e-03
1.699999999999999851e-04	7.796582879332503331e-03
1.709999999999999823e-04	7.834063330850585261e-03
1.719999999999999795e-04	7.870916271198276012e-03
1.730000000000000038e-04	7.907115610399794228e-03
1.740000000000000010e-04	7.942635258479342070e-03
1.749999999999999982e-04	7.977449125461128637e-03
1.759999999999999954e-04	8.011531121369364766e-03
1.769999999999999926e-04	8.044855156228261292e-03
1.779999999999999898e-04	8.077395140062029050e-03
1.789999999999999870e-04	8.109124982894875405e-03
1.799999999999999842e-04	8.140018594751009459e-03
1.809999999999999814e-04	8.170049885654642047e-03
1.819999999999999786e-04	8.199192765629978799e-03
1.830000000000000029e-04	8.227421144701235756e-03
1.840000000000000001e-04	8.254708932892616813e-03
1.849999999999999973e-04	8.281030040228336275e-03
1.859999999999999945e-04	8.306358376732598039e-03
1.869999999999999917e-04	8.330667852429614675e-03
1.879999999999999890e-04	8.353932377343597018e-03
1.889999999999999862e-04	8.376125861498754169e-03
1.899999999999999834e-04	8.397222214919290023e-03
1.909999999999999806e-04	8.417195347629420621e-03
1.920000000000000049e-04	8.436019169653351593e-03
1.930000000000000021e-04	8.453667591015297245e-03
1.939999999999999993e-04	8.470114521739461472e-03
1.949999999999999965e-04	8.485333871850058579e-03
1.959999999999999937e-04	8.499299551371292463e-03
1.969999999999999909e-04	8.511985470327375694e-03
1.979999999999999881e-04	8.523365538742520842e-03
1.989999999999999853e-04	8.533421698529598115e-03
1.999999999999999825e-04	8.542168019156137770e-03
2.009999999999999797e-04	8.549626601978327703e-03
2.020000000000000040e-04	8.555819548352373155e-03
2.030000000000000012e-04	8.560768959634458553e-03
2.039999999999999984e-04	8.564496937180782199e-03
2.049999999999999956e-04	8.567025582347533724e-03
2.059999999999999928e-04	8.568376996490913167e-03
2.069999999999999900e-04	8.568573280967110156e-03
2.079999999999999872e-04	8.567636537132312588e-03
2.089999999999999844e-04	8.565588866342720500e-03
2.099999999999999816e-04	8.562452369954530462e-03
2.109999999999999788e-04	8.558249149323926899e-03
2.120000000000000031e-04	8.553001305807113319e-03
2.130000000000000003e-04	8.546730940760279352e-03
2.139999999999999975e-04	8.539460155539616362e-03
2.149999999999999947e-04	8.531211051501322654e-03
2.159999999999999919e-04	8.522005730001582652e-03
2.169999999999999891e-04	8.511866292396603334e-03
2.179999999999999863e-04	8.500814840042567391e-03
2.189999999999999835e-04	8.488873474295674862e-03
2.199999999999999807e-04	8.476064296512118845e-03
2.209999999999999779e-04	8.462409408048088971e-03
2.220000000000000022e-04	8.447930910259780074e-03
2.229999999999999994e-04	8.432650904503385253e-03
2.239999999999999966e-04	8.416591492135102812e-03
2.249999999999999938e-04	8.399774774511120645e-03
2.259999999999999910e-04	8.382222852987638792e-03
2.269999999999999882e-04	8.363957828920841678e-03
2.279999999999999854e-04	8.345001803666931076e-03
2.289999999999999826e-04	8.325376878582100085e-03
2.299999999999999799e-04	8.305105155022536600e-03
2.309999999999999771e-04	8.284208734344438926e-03
2.320000000000000014e-04	8.262709717904000162e-03
2.329999999999999986e-04	8.240630207057409937e-03
2.339999999999999958e-04	8.217992303160870024e-03
2.349999999999999930e-04	8.194818107570566584e-03
2.359999999999999902e-04	8.171129721642694452e-03
2.369999999999999874e-04	8.146949246733455399e-03
2.379999999999999846e-04	8.122298784199032118e-03
2.389999999999999818e-04	8.097200435395619442e-03
2.399999999999999790e-04	8.071676301679417409e-03
2.409999999999999762e-04	8.045748484406613915e-03
2.420000000000000005e-04	8.019439084933407264e-03
2.429999999999999977e-04	7.992770204615988819e-03
2.439999999999999949e-04	7.965763944810553415e-03
2.449999999999999921e-04	7.938442406873290683e-03
2.459999999999999622e-04	7.910827692160398925e-03
2.469999999999999865e-04	7.882941902028067771e-03
2.480000000000000108e-04	7.854807137832493791e-03
2.489999999999999809e-04	7.826445500929870083e-03
2.500000000000000052e-04	7.797879092676391483e-03
2.509999999999999753e-04	7.769130014428248486e-03
2.519999999999999996e-04	7.740220367541633326e-03
2.529999999999999697e-04	7.711172253372750376e-03
2.539999999999999940e-04	7.682007773277779727e-03
2.549999999999999641e-04	7.652749028612923152e-03
2.559999999999999884e-04	7.623418120734369412e-03
2.570000000000000127e-04	7.594037150998316811e-03
2.579999999999999828e-04	7.564624632431654616e-03
2.590000000000000071e-04	7.535184724744052424e-03
2.599999999999999772e-04	7.505717999315895082e-03
2.610000000000000015e-04	7.476225027527544018e-03
2.619999999999999716e-04	7.446706380759375403e-03
2.629999999999999959e-04	7.417162630391762809e-03
2.639999999999999660e-04	7.387594347805078940e-03
2.649999999999999903e-04	7.358002104379693029e-03
2.660000000000000146e-04	7.328386471495981248e-03
2.669999999999999847e-04	7.298748020534314568e-03
2.680000000000000090e-04	7.269087322875063088e-03
2.689999999999999791e-04	7.239404949898605585e-03
2.700000000000000035e-04	7.209701472985308689e-03
2.709999999999999735e-04	7.179977463515548573e-03
2.719999999999999979e-04	7.150233492869693605e-03
2.729999999999999680e-04	7.120470132428119089e-03
2.739999999999999923e-04	7.090687953571198597e-03
2.749999999999999624e-04	7.060887527679304831e-03
2.759999999999999867e-04	7.031069426132804424e-03
2.770000000000000110e-04	7.001234220312078753e-03
2.779999999999999811e-04	6.971382481597492714e-03
2.790000000000000054e-04	6.941514781369422481e-03
2.799999999999999755e-04	6.911631691008243358e-03
2.809999999999999998e-04	6.881733781894320244e-03
2.819999999999999699e-04	6.851821625408030178e-03
2.829999999999999942e-04	6.821895792929745864e-03
2.839999999999999643e-04	6.791956855839840872e-03
2.849999999999999886e-04	6.762005385518683569e-03
2.860000000000000129e-04	6.732041953346649260e-03
2.869999999999999830e-04	6.702067130704112384e-03
2.880000000000000073e-04	6.672081488971440440e-03
2.889999999999999774e-04	6.642085599529010467e-03
2.900000000000000017e-04	6.612080033757192568e-03
2.909999999999999718e-04	6.582065363036361180e-03
2.919999999999999961e-04	6.552042158746885538e-03
2.929999999999999662e-04	6.522010992269139211e-03
2.939999999999999905e-04	6.491972434983498373e-03
2.949999999999999606e-04	6.461927058270331391e-03
2.959999999999999849e-04	6.431875433510010967e-03
2.970000000000000092e-04	6.401818132082912408e-03
2.979999999999999793e-04	6.371755725369407548e-03
2.990000000000000036e-04	6.341688784749863889e-03
2.999999999999999737e-04	6.311617881604661071e-03
3.009999999999999980e-04	6.281543587314169196e-03
3.019999999999999681e-04	6.251466473258758365e-03
3.029999999999999924e-04	6.221387110818803017e-03
3.039999999999999625e-04	6.191306071374675854e-03
3.049999999999999868e-04	6.161223926306747846e-03
3.060000000000000111e-04	6.131141246995391696e-03
3.069999999999999812e-04	6.101058604820982709e-03
3.080000000000000055e-04	6.070976571163890986e-03
3.089999999999999756e-04	6.040895717404490099e-03
3.099999999999999999e-04	6.010816614923149281e-03
3.109999999999999700e-04	5.980739835100247308e-03
3.119999999999999944e-04	5.950665949316149075e-03
3.129999999999999644e-04	5.920595528951232492e-03
3.139999999999999888e-04	5.890529145385870260e-03
3.149999999999999589e-04	5.860467370000433350e-03
3.159999999999999832e-04	5.830410774175290994e-03
3.170000000000000075e-04	5.800359929290821101e-03
3.179999999999999776e-04	5.770315406727392904e-03
3.190000000000000019e-04	5.740277777865379974e-03
3.199999999999999720e-04	5.710247614085155882e-03
3.209999999999999963e-04	5.680225486767090728e-03
3.219999999999999664e-04	5.650211967291561554e-03
3.229999999999999907e-04	5.620207627038932389e-03
3.239999999999999608e-04	5.590213037389583743e-03
3.249999999999999851e-04	5.560228769723884849e-03
3.260000000000000094e-04	5.530255395422206677e-03
3.269999999999999795e-04	5.500293485864928868e-03
3.280000000000000038e-04	5.470343612432412850e-03
3.289999999999999739e-04	5.440406346505041735e-03
3.299999999999999982e-04	5.410482259463179552e-03
3.309999999999999683e-04	5.380571922687205945e-03
3.319999999999999926e-04	5.350675907557488412e-03
3.329999999999999627e-04	5.320794785454401390e-03
3.339999999999999870e-04	5.290929127758315850e-03
3.350000000000000113e-04	5.261079505849605362e-03
3.359999999999999814e-04	5.231246491108645230e-03
3.370000000000000057e-04	5.201430654915802088e-03
3.379999999999999758e-04	5.171632568651455576e-03
3.390000000000000001e-04	5.141852803695968858e-03
3.399999999999999702e-04	5.112091931429725046e-03
3.409999999999999945e-04	5.082350523233088169e-03
3.419999999999999646e-04	5.052629150486435267e-03
3.429999999999999889e-04	5.022928384570137308e-03
3.439999999999999590e-04	4.993248796864567865e-03
3.449999999999999833e-04	4.963590958750097037e-03
3.460000000000000076e-04	4.933955441607099264e-03
3.469999999999999777e-04	4.904342816815948115e-03
3.480000000000000020e-04	4.874753655757011958e-03
3.489999999999999721e-04	4.845188529810669567e-03
3.499999999999999964e-04	4.815648010357285840e-03
3.509999999999999665e-04	4.786132668777241285e-03
3.519999999999999908e-04	4.756643076450901668e-03
3.529999999999999609e-04	4.727179804758643161e-03
3.539999999999999853e-04	4.697743425080837601e-03
3.550000000000000096e-04	4.668334508797855956e-03
3.559999999999999797e-04	4.638953627290072664e-03
3.570000000000000040e-04	4.609601351937859560e-03
3.579999999999999741e-04	4.580278254121591085e-03
3.589999999999999984e-04	4.550984905221634735e-03
3.599999999999999685e-04	4.521721876618369287e-03
3.609999999999999928e-04	4.492489739692159638e-03
3.619999999999999629e-04	4.463289065823385429e-03
3.629999999999999872e-04	4.434120426392416763e-03
3.639999999999999573e-04	4.404984392779626341e-03
3.649999999999999816e-04	4.375881536365385134e-03
3.660000000000000059e-04	4.346812428530064977e-03
3.669999999999999760e-04	4.317777640654042043e-03
3.680000000000000003e-04	4.288777744117684698e-03
3.689999999999999704e-04	4.259813310301370851e-03
3.699999999999999947e-04	4.230884910585466264e-03
3.709999999999999648e-04	4.201993116350349715e-03
3.719999999999999891e-04	4.173138498976389568e-03
3.729999999999999592e-04	4.144321629843960263e-03
3.739999999999999835e-04	4.115543080333433634e-03
3.750000000000000078e-04	4.086803421825180652e-03
3.759999999999999779e-04	4.058103225699575753e-03
3.770000000000000022e-04	4.029443063336991641e-03
3.779999999999999723e-04	4.000823506117801888e-03
3.789999999999999966e-04	3.972245125422374859e-03
3.799999999999999667e-04	3.943708492631087595e-03
3.809999999999999910e-04	3.915214179124307595e-03
3.819999999999999611e-04	3.886762756282413200e-03
3.829999999999999854e-04	3.858354795485772343e-03
3.840000000000000097e-04	3.829990868114757727e-03
3.849999999999999798e-04	3.801671545549746827e-03
3.860000000000000041e-04	3.773397399171106708e-03
3.869999999999999742e-04	3.745169000359211374e-03
3.879999999999999985e-04	3.716986920494434830e-03
3.889999999999999686e-04	3.688851730957148911e-03
3.899999999999999929e-04	3.660764003127722852e-03
3.909999999999999630e-04	3.632724308386535428e-03
3.919999999999999873e-04	3.604733218113953704e-03
3.929999999999999574e-04	3.576791303690353419e-03
3.939999999999999817e-04	3.548899136496105108e-03
3.950000000000000061e-04	3.521057287911580607e-03
3.959999999999999762e-04	3.493266329317155656e-03
3.970000000000000005e-04	3.465526832093199922e-03
3.979999999999999706e-04	3.437839367620087409e-03
3.989999999999999949e-04	3.410204507278189953e-03
3.999999999999999650e-04	3.382622822447880692e-03
4.009999999999999893e-04	3.355094884509531028e-03
4.019999999999999594e-04	3.327621264843514531e-03
4.029999999999999837e-04	3.300202534830203038e-03
4.040000000000000080e-04	3.272839265849967517e-03
4.049999999999999781e-04	3.245532029283185009e-03
4.060000000000000024e-04	3.218281396510222579e-03
4.069999999999999725e-04	3.191087938911457700e-03
4.079999999999999968e-04	3.163952227867259173e-03
4.089999999999999669e-04	3.136874834758002738e-03
4.099999999999999912e-04	3.109856330964055893e-03
4.109999999999999613e-04	3.082897287865796112e-03
4.119999999999999856e-04	3.055998276843593497e-03
4.129999999999999557e-04	3.029159869277821618e-03
4.139999999999999800e-04	3.002382636548851878e-03
4.150000000000000043e-04	2.975667150037056546e-03
4.159999999999999744e-04	2.949013981122810494e-03
4.169999999999999987e-04	2.922423701186483390e-03
4.179999999999999688e-04	2.895896881608450973e-03
4.189999999999999931e-04	2.869434093769081609e-03
4.199999999999999632e-04	2.843035909048751905e-03
4.209999999999999875e-04	2.816702898827829361e-03
4.219999999999999576e-04	2.790435634486692750e-03
4.229999999999999819e-04	2.764234687405709139e-03
4.240000000000000062e-04	2.738100628965253400e-03
4.249999999999999763e-04	2.712034030545699102e-03
4.260000000000000006e-04	2.686035463527415915e-03
4.269999999999999707e-04	2.660105499290780010e-03
4.279999999999999950e-04	2.634244709216160187e-03
4.289999999999999651e-04	2.608453664683931753e-03
4.299999999999999894e-04	2.582732937074463941e-03
4.309999999999999595e-04	2.557083097768134226e-03
4.319999999999999838e-04	2.531504718145309672e-03
4.329999999999999539e-04	2.505998369586366886e-03
4.339999999999999782e-04	2.480564623471675102e-03
4.350000000000000026e-04	2.455204051181610059e-03
4.359999999999999726e-04	2.429917224096541425e-03
4.369999999999999970e-04	2.404704713596843638e-03
4.379999999999999671e-04	2.379567091062888967e-03
4.389999999999999914e-04	2.354504927875048382e-03
4.399999999999999615e-04	2.329518795413698488e-03
4.409999999999999858e-04	2.304609265059205485e-03
4.419999999999999559e-04	2.279776908191946411e-03
4.429999999999999802e-04	2.255022296192292670e-03
4.440000000000000045e-04	2.230346000440614797e-03
4.449999999999999746e-04	2.205748592317290698e-03
4.459999999999999989e-04	2.181230643202686139e-03
4.469999999999999690e-04	2.156792724477178159e-03
4.479999999999999933e-04	2.132435407521136861e-03
4.489999999999999634e-04	2.108159263714937982e-03
4.499999999999999877e-04	2.083964864438949457e-03
4.509999999999999578e-04	2.059852781073547891e-03
4.519999999999999821e-04	2.035823584999101651e-03
4.530000000000000064e-04	2.011877847595986910e-03
4.539999999999999765e-04	1.988016140244576371e-03
4.550000000000000008e-04	1.964239034325238401e-03
4.559999999999999709e-04	1.940547101218349823e-03
4.569999999999999952e-04	1.916940912304281172e-03
4.579999999999999653e-04	1.893421038963404935e-03
4.589999999999999896e-04	1.869988052576094248e-03
4.599999999999999597e-04	1.846642524522722033e-03
4.609999999999999840e-04	1.823385026183657305e-03
4.619999999999999541e-04	1.800216128939277757e-03
4.629999999999999784e-04	1.777136404169952187e-03
4.640000000000000027e-04	1.754146423256053950e-03
4.649999999999999728e-04	1.731246757577958135e-03
4.659999999999999971e-04	1.708437978516032674e-03
4.669999999999999672e-04	1.685720657450654174e-03
4.679999999999999915e-04	1.663095365762192086e-03
4.689999999999999616e-04	1.640562674831020197e-03
4.699999999999999859e-04	1.618123156037511645e-03
4.709999999999999560e-04	1.595777380762038698e-03
4.719999999999999803e-04	1.573525920384972326e-03
4.730000000000000046e-04	1.551369346286685666e-03
4.739999999999999747e-04	1.529308229847554023e-03
4.749999999999999990e-04	1.507343142447944680e-03
4.759999999999999691e-04	1.485474655468235544e-03
4.769999999999999934e-04	1.463703340288795415e-03
4.779999999999999635e-04	1.442029768289998515e-03
4.789999999999999879e-04	1.420454510852215378e-03
4.799999999999999580e-04	1.398978139355821961e-03
4.809999999999999823e-04	1.377601225181187281e-03
4.819999999999999524e-04	1.356324339708685992e-03
4.829999999999999767e-04	1.335148054318689714e-03
4.840000000000000010e-04	1.314072940391570283e-03
4.849999999999999711e-04	1.293099569307703438e-03
4.859999999999999954e-04	1.272228512447456895e-03
4.869999999999999655e-04	1.251460341191206393e-03
4.879999999999999898e-04	1.230795626919323552e-03
4.889999999999999599e-04	1.210234941012181291e-03
4.899999999999999842e-04	1.189778854850150579e-03
4.910000000000000085e-04	1.169427939813606288e-03
4.919999999999999244e-04	1.149182767282920688e-03
4.929999999999999487e-04	1.129043908638463663e-03
4.939999999999999730e-04	1.109011935260608350e-03
4.949999999999999973e-04	1.089087418529729187e-03
4.960000000000000216e-04	1.069270929826197144e-03
4.969999999999999375e-04	1.049563040530387958e-03
4.979999999999999618e-04	1.029964322022669564e-03
4.989999999999999861e-04	1.010475345683415314e-03
5.000000000000000104e-04	9.910966828929996478e-04
5.009999999999999263e-04	9.718289050317961350e-04
5.019999999999999506e-04	9.526725834801730340e-04
5.029999999999999749e-04	9.336282896185055420e-04
5.039999999999999992e-04	9.146965948271649528e-04
5.050000000000000235e-04	8.958780704865251625e-04
5.059999999999999394e-04	8.771732879769601754e-04
5.069999999999999637e-04	8.585828186788373824e-04
5.079999999999999880e-04	8.401072339725339320e-04
5.090000000000000123e-04	8.217471052384191666e-04
5.099999999999999282e-04	8.035030038568696928e-04
5.109999999999999525e-04	7.853755012082533349e-04
5.119999999999999768e-04	7.673651686729452900e-04
5.130000000000000011e-04	7.494725776313162016e-04
5.140000000000000254e-04	7.316982994637411582e-04
5.149999999999999413e-04	7.140429055505922128e-04
5.159999999999999656e-04	6.965069672722393581e-04
5.169999999999999899e-04	6.790910560090569238e-04
5.180000000000000143e-04	6.617957431414173966e-04
5.189999999999999301e-04	6.446216000496944555e-04
5.199999999999999544e-04	6.275691981142574429e-04
5.209999999999999788e-04	6.106391087154807969e-04
5.220000000000000031e-04	5.938319032337364620e-04
5.230000000000000274e-04	5.771481530493975751e-04
5.239999999999999433e-04	5.605884295428381408e-04
5.249999999999999676e-04	5.441533040944275014e-04
5.259999999999999919e-04	5.278433480845392276e-04
5.270000000000000162e-04	5.116591328935462396e-04
5.279999999999999321e-04	4.956012299018222166e-04
5.289999999999999564e-04	4.796702104897372599e-04
5.299999999999999807e-04	4.638666460376647234e-04
5.310000000000000050e-04	4.481911079259774189e-04
5.320000000000000293e-04	4.326441675350478329e-04
5.329999999999999452e-04	4.172263962452502951e-04
5.339999999999999695e-04	4.019383654369534974e-04
5.349999999999999938e-04	3.867806464905323115e-04
5.360000000000000181e-04	3.717538107863583565e-04
5.369999999999999340e-04	3.568584297048063418e-04
5.379999999999999583e-04	3.420950746262456637e-04
5.389999999999999826e-04	3.274643169310497304e-04
5.400000000000000069e-04	3.129667279995919501e-04
5.409999999999999228e-04	2.986028792122453514e-04
5.419999999999999471e-04	2.843733419493809029e-04
5.429999999999999714e-04	2.702786875913706032e-04
5.439999999999999957e-04	2.563194875185885110e-04
5.450000000000000200e-04	2.424963131114066793e-04
5.459999999999999359e-04	2.288097357501988141e-04
5.469999999999999602e-04	2.152603268153348271e-04
5.479999999999999845e-04	2.018486576871883432e-04
5.490000000000000088e-04	1.885752997461323912e-04
5.499999999999999247e-04	1.754408243725405145e-04
5.509999999999999490e-04	1.624458029467821911e-04
5.519999999999999733e-04	1.495908068492315609e-04
5.529999999999999976e-04	1.368764074602611648e-04
5.540000000000000219e-04	1.243031761602430554e-04
5.549999999999999378e-04	1.118716843295524841e-04
5.559999999999999621e-04	9.958250334855784465e-05
5.569999999999999864e-04	8.743620459763335817e-05
5.580000000000000107e-04	7.543335945715121311e-05
5.589999999999999266e-04	6.357453930748601018e-05
5.599999999999999509e-04	5.186031552900698333e-05
5.609999999999999752e-04	4.029125950208808276e-05
5.619999999999999996e-04	2.886794260710214737e-05
5.630000000000000239e-04	1.759093622442144686e-05
5.639999999999999397e-04	6.460811734419579086e-06
5.649999999999999641e-04	-4.521859482533652826e-06
5.659999999999999884e-04	-1.535650604606370235e-05
5.670000000000000127e-04	-2.604255657579886900e-05
5.679999999999999286e-04	-3.657943969136506703e-05
5.689999999999999529e-04	-4.696658401239200541e-05
5.699999999999999772e-04	-5.720341815850635736e-05
5.710000000000000015e-04	-6.728937074933577186e-05
5.720000000000000258e-04	-7.722387040450722027e-05
5.729999999999999417e-04	-8.700634574364715895e-05
5.739999999999999660e-04	-9.663622538638597451e-05
5.749999999999999903e-04	-1.061129379523493644e-04
5.760000000000000146e-04	-1.154359120611649233e-04
5.769999999999999305e-04	-1.246045763324595413e-04
5.779999999999999548e-04	-1.336183593858622498e-04
5.789999999999999791e-04	-1.424766898409999118e-04
5.800000000000000034e-04	-1.511789963174997966e-04
5.810000000000000277e-04	-1.597247074349895262e-04
5.819999999999999436e-04	-1.681132518130955299e-04
5.829999999999999679e-04	-1.763440580714473269e-04
5.839999999999999922e-04	-1.844165548296714820e-04
5.850000000000000165e-04	-1.923301707073952647e-04
5.859999999999999324e-04	-2.000843343242456464e-04
5.869999999999999567e-04	-2.076784742998517125e-04
5.879999999999999810e-04	-2.151120192538399467e-04
5.890000000000000053e-04	-2.223843978058379707e-04
5.899999999999999212e-04	-2.294950385754723223e-04
5.909999999999999455e-04	-2.364433701823725207e-04
5.919999999999999698e-04	-2.432288212461649409e-04
5.929999999999999941e-04	-2.498508203864770964e-04
5.940000000000000184e-04	-2.563087962229368801e-04
5.949999999999999343e-04	-2.626021773751705587e-04
5.959999999999999586e-04	-2.687303924628067840e-04
5.969999999999999829e-04	-2.746928701054733406e-04
5.980000000000000072e-04	-2.804890389227972540e-04
5.989999999999999231e-04	-2.861183275344052245e-04
5.999999999999999474e-04	-2.915801645599255787e-04
6.009999999999999717e-04	-2.968739786189862097e-04
6.019999999999999961e-04	-3.019991983312143055e-04
6.030000000000000204e-04	-3.069552523162370544e-04
6.039999999999999362e-04	-3.117415691936814277e-04
6.049999999999999606e-04	-3.163575775831762942e-04
6.059999999999999849e-04	-3.208027061043482999e-04
6.070000000000000092e-04	-3.250763833768250668e-04
6.079999999999999251e-04	-3.291780380202339457e-04
6.089999999999999494e-04	-3.331070986542029378e-04
6.099999999999999737e-04	-3.368629938983589605e-04
6.109999999999999980e-04	-3.404451523723299065e-04
6.120000000000000223e-04	-3.438530026957433978e-04
6.129999999999999382e-04	-3.470859734882260263e-04
6.139999999999999625e-04	-3.501434933694066065e-04
6.149999999999999868e-04	-3.530249909589120013e-04
6.160000000000000111e-04	-3.557298948763692363e-04
6.169999999999999270e-04	-3.582576337414064213e-04
6.179999999999999513e-04	-3.606076361736509071e-04
6.189999999999999756e-04	-3.627793307927301529e-04
6.199999999999999999e-04	-3.647721462182720517e-04
6.210000000000000242e-04	-3.665855110699034664e-04
6.219999999999999401e-04	-3.682188539672521816e-04
6.229999999999999644e-04	-3.696716035299457649e-04
6.239999999999999887e-04	-3.709431883776116755e-04
6.250000000000000130e-04	-3.720330371298773186e-04
6.259999999999999289e-04	-3.729405784063700990e-04
6.269999999999999532e-04	-3.736652408267178557e-04
6.279999999999999775e-04	-3.742064530105479393e-04
6.290000000000000018e-04	-3.745636435774877550e-04
6.299999999999999177e-04	-3.747362411471648162e-04
6.309999999999999420e-04	-3.747236743392067990e-04
6.319999999999999663e-04	-3.745253717732411627e-04
6.329999999999999906e-04	-3.741407620688948243e-04
6.340000000000000149e-04	-3.735692738457963274e-04
6.349999999999999308e-04	-3.728103357235726433e-04
6.359999999999999551e-04	-3.718633763218507976e-04
6.369999999999999794e-04	-3.707278242602587374e-04
6.380000000000000037e-04	-3.694031081584243014e-04
6.389999999999999196e-04	-3.678886566359749490e-04
6.399999999999999439e-04	-3.661838983125375972e-04
6.409999999999999682e-04	-3.642882618077397053e-04
6.419999999999999925e-04	-3.622011757412094916e-04
6.430000000000000169e-04	-3.599220687325736562e-04
6.439999999999999327e-04	-3.574503694014610680e-04
6.449999999999999570e-04	-3.547855063674974514e-04
6.459999999999999814e-04	-3.519269082503111872e-04
6.470000000000000057e-04	-3.488740036695299517e-04
6.479999999999999215e-04	-3.456262212447809871e-04
6.489999999999999459e-04	-3.421829895956917528e-04
6.499999999999999702e-04	-3.385437373418896537e-04
6.509999999999999945e-04	-3.347078931030023118e-04
6.520000000000000188e-04	-3.306748854986573489e-04
6.529999999999999347e-04	-3.264441431484829291e-04
6.539999999999999590e-04	-3.220150946721050478e-04
6.549999999999999833e-04	-3.173871686891517607e-04
6.560000000000000076e-04	-3.125597938192511234e-04
6.569999999999999235e-04	-3.075323986820304323e-04
6.579999999999999478e-04	-3.023044118971171469e-04
6.589999999999999721e-04	-2.968752620841380216e-04
6.599999999999999964e-04	-2.912443778627215457e-04
6.610000000000000207e-04	-2.854111878524944737e-04
6.619999999999999366e-04	-2.793751206730858369e-04
6.629999999999999609e-04	-2.731356049441210888e-04
6.639999999999999852e-04	-2.666920692852288270e-04
6.650000000000000095e-04	-2.600439423160358062e-04
6.659999999999999254e-04	-2.531906526561713828e-04
6.669999999999999497e-04	-2.461316289252606310e-04
6.679999999999999740e-04	-2.388662997429324194e-04
6.689999999999999983e-04	-2.313940937288140446e-04
6.700000000000000226e-04	-2.237144395025326949e-04
6.709999999999999385e-04	-2.158267656837171305e-04
6.719999999999999628e-04	-2.077305008919931844e-04
6.729999999999999871e-04	-1.994250737469886953e-04
6.740000000000000114e-04	-1.909099128683316646e-04
6.749999999999999273e-04	-1.821844468756503646e-04
6.759999999999999516e-04	-1.732481043885703573e-04
6.769999999999999759e-04	-1.641003140267201319e-04
6.780000000000000002e-04	-1.547405044097273103e-04
6.789999999999999161e-04	-1.451681041572203817e-04
6.799999999999999404e-04	-1.353825418888246913e-04
6.809999999999999647e-04	-1.253832462241685113e-04
6.819999999999999890e-04	-1.151696457828798974e-04
6.830000000000000134e-04	-1.047411691845858209e-04
6.839999999999999292e-04	-9.409724504891531314e-05
6.849999999999999535e-04	-8.323730199549361081e-05
6.859999999999999779e-04	-7.216076864394898628e-05
6.870000000000000022e-04	-6.086707361390927828e-05
6.879999999999999180e-04	-4.935564552500319290e-05
6.889999999999999424e-04	-3.762591299685520783e-05
6.899999999999999667e-04	-2.567730464909489651e-05
6.909999999999999910e-04	-1.350924910134933873e-05
6.920000000000000153e-04	-1.121174973246047944e-06
6.929999999999999312e-04	1.148748911558616134e-05
6.939999999999999555e-04	2.431731454552259458e-05
6.949999999999999798e-04	3.736887269693378675e-05
6.960000000000000041e-04	5.064273495019309176e-05
6.969999999999999200e-04	6.413947268567104457e-05
6.979999999999999443e-04	7.785965728374316750e-05
6.989999999999999686e-04	9.180386012478042920e-05
6.999999999999999929e-04	1.059726525891554246e-04
7.010000000000000172e-04	1.203666060572406945e-04
7.019999999999999331e-04	1.349862919094072075e-04
7.029999999999999574e-04	1.498322815260301607e-04
7.039999999999999817e-04	1.649051462874811191e-04
7.050000000000000060e-04	1.802054575741319727e-04
7.059999999999999219e-04	1.957337867663542868e-04
7.069999999999999462e-04	2.114907052445232582e-04
7.079999999999999705e-04	2.274767843890097472e-04
7.089999999999999948e-04	2.436925955801868908e-04
7.100000000000000191e-04	2.601387101984264710e-04
7.109999999999999350e-04	2.768156996240994021e-04
7.119999999999999593e-04	2.937241352375821821e-04
7.129999999999999836e-04	3.108645884192447499e-04
7.140000000000000079e-04	3.282376305494604050e-04
7.149999999999999238e-04	3.458438330085991945e-04
7.159999999999999481e-04	3.636837671770375624e-04
7.169999999999999724e-04	3.817580044351461519e-04
7.179999999999999967e-04	4.000671161632975582e-04
7.190000000000000210e-04	4.186116737418640508e-04
7.199999999999999369e-04	4.373922485512163815e-04
7.209999999999999612e-04	4.564094119717307775e-04
7.219999999999999855e-04	4.756637353837780448e-04
7.230000000000000098e-04	4.951557901677302361e-04
7.239999999999999257e-04	5.148861477039584286e-04
7.249999999999999500e-04	5.348553793728386867e-04
7.259999999999999743e-04	5.550640565547416538e-04
7.269999999999999987e-04	5.755127506300399248e-04
7.279999999999999145e-04	5.962020329791037094e-04
7.289999999999999388e-04	6.171324749823098310e-04
7.299999999999999632e-04	6.383046480200286078e-04
7.309999999999999875e-04	6.597191234726328514e-04
7.320000000000000118e-04	6.813764727204946149e-04
7.329999999999999277e-04	7.032772671439843247e-04
7.339999999999999520e-04	7.254220781234790210e-04
7.349999999999999763e-04	7.478114770393490219e-04
