-1.640000000000000019e-04	-1.436412057448600323e-03
-1.630000000000000047e-04	-1.318867481472834951e-03
-1.619999999999999804e-04	-1.203798216311997892e-03
-1.609999999999999832e-04	-1.091217697783474676e-03
-1.599999999999999860e-04	-9.811393617046408611e-04
-1.589999999999999888e-04	-8.735766438928754731e-04
-1.579999999999999916e-04	-7.685429801655577556e-04
-1.569999999999999944e-04	-6.660518063400664096e-04
-1.559999999999999972e-04	-5.661165582337807870e-04
-1.550000000000000000e-04	-4.687506716640802394e-04
-1.540000000000000028e-04	-3.739675824483433596e-04
-1.530000000000000056e-04	-2.817807264039493909e-04
-1.519999999999999813e-04	-1.922035393482748389e-04
-1.509999999999999841e-04	-1.052494570987038666e-04
-1.499999999999999869e-04	-2.093191547261284409e-05
-1.489999999999999897e-04	6.073564971261920221e-05
-1.479999999999999925e-04	1.397398026396125140e-04
-1.469999999999999953e-04	2.160671074909890541e-04
-1.459999999999999981e-04	2.897041284493694167e-04
-1.450000000000000009e-04	3.606374296973743313e-04
-1.440000000000000036e-04	4.288535754176246630e-04
-1.430000000000000064e-04	4.943391297927417650e-04
-1.419999999999999821e-04	5.570806570053479659e-04
-1.409999999999999849e-04	6.170647212380607699e-04
-1.399999999999999877e-04	6.742778866735031022e-04
-1.389999999999999905e-04	7.287067174942957193e-04
-1.379999999999999933e-04	7.803377778830595949e-04
-1.369999999999999961e-04	8.291576320224154856e-04
-1.359999999999999989e-04	8.751528440949846903e-04
-1.350000000000000017e-04	9.183099782833879657e-04
-1.340000000000000045e-04	9.586155987702460685e-04
-1.330000000000000073e-04	9.960562697381805143e-04
-1.319999999999999830e-04	1.030618555369812494e-03
-1.309999999999999858e-04	1.062289019847761787e-03
-1.299999999999999886e-04	1.091054227354649152e-03
-1.289999999999999914e-04	1.116900742073097079e-03
-1.279999999999999942e-04	1.139815128185725024e-03
-1.269999999999999970e-04	1.159783949875155045e-03
-1.259999999999999998e-04	1.176793771324007032e-03
-1.250000000000000026e-04	1.190831156714903041e-03
-1.240000000000000054e-04	1.201882670230463614e-03
-1.229999999999999811e-04	1.209934876053309506e-03
-1.219999999999999974e-04	1.214974338366061257e-03
-1.210000000000000002e-04	1.216987621351340275e-03
-1.199999999999999895e-04	1.215961289191768400e-03
-1.189999999999999923e-04	1.211881906069964873e-03
-1.179999999999999951e-04	1.204736036168551532e-03
-1.169999999999999979e-04	1.194510243670149352e-03
-1.160000000000000007e-04	1.181191092757379307e-03
-1.149999999999999899e-04	1.164765147612861935e-03
-1.139999999999999927e-04	1.145218972419217995e-03
-1.129999999999999955e-04	1.122539131359069327e-03
-1.119999999999999983e-04	1.096712188615036471e-03
-1.110000000000000011e-04	1.067724708369740833e-03
-1.099999999999999904e-04	1.035563254805801870e-03
-1.089999999999999932e-04	1.000214392105841857e-03
-1.079999999999999960e-04	9.616646844524815493e-04
-1.069999999999999988e-04	9.199006960283412707e-04
-1.060000000000000016e-04	8.749194158298743756e-04
-1.049999999999999908e-04	8.267595321088575628e-04
-1.039999999999999936e-04	7.754701579309026226e-04
-1.029999999999999964e-04	7.211004063616187430e-04
-1.019999999999999992e-04	6.636993904666151122e-04
-1.010000000000000020e-04	6.033162233115015689e-04
-9.999999999999999124e-05	5.400000179618880602e-04
-9.899999999999999404e-05	4.737998874833843164e-04
-9.799999999999999684e-05	4.047649449416011519e-04
-9.699999999999999963e-05	3.329443034021468874e-04
-9.600000000000000243e-05	2.583870759306324460e-04
-9.499999999999999168e-05	1.811423755926651997e-04
-9.399999999999999448e-05	1.012593154538582533e-04
-9.299999999999999727e-05	1.878700857982029356e-05
-9.200000000000000007e-05	-6.622543196383991150e-05
-9.099999999999998932e-05	-1.537288931115126181e-04
-8.999999999999999212e-05	-2.436742617975859817e-04
-8.899999999999999491e-05	-3.360124249564521966e-04
-8.799999999999999771e-05	-4.306942695225003670e-04
-8.700000000000000051e-05	-5.276706824301210337e-04
-8.599999999999998976e-05	-6.268925506137065264e-04
-8.499999999999999255e-05	-7.283107610076436454e-04
-8.399999999999999535e-05	-8.318762005463237446e-04
-8.299999999999999815e-05	-9.375397561641375275e-04
-8.200000000000000095e-05	-1.045252314795474830e-03
-8.099999999999999019e-05	-1.154964763374728091e-03
-7.999999999999999299e-05	-1.266627988836283459e-03
-7.899999999999999579e-05	-1.380192878114533265e-03
-7.799999999999999859e-05	-1.495610318143867886e-03
-7.700000000000000139e-05	-1.612831195858677701e-03
-7.599999999999999063e-05	-1.731806398193353521e-03
-7.499999999999999343e-05	-1.852486812082283340e-03
-7.399999999999999623e-05	-1.974823324459857969e-03
-7.299999999999999903e-05	-2.098766822260468654e-03
-7.200000000000000182e-05	-2.224268192418504039e-03
-7.099999999999999107e-05	-2.351278321868358837e-03
-6.999999999999999387e-05	-2.479748097544417357e-03
-6.899999999999999667e-05	-2.609628406381073445e-03
-6.799999999999999946e-05	-2.740870135312716178e-03
-6.700000000000000226e-05	-2.873424171273733767e-03
-6.599999999999999151e-05	-3.007241401198522228e-03
-6.499999999999999431e-05	-3.142272712021465866e-03
-6.399999999999999710e-05	-3.278468990676957229e-03
-6.299999999999999990e-05	-3.415781124099384961e-03
-6.200000000000000270e-05	-3.554159999223142907e-03
-6.099999999999999872e-05	-3.693556502982618846e-03
-5.999999999999999474e-05	-3.833921522312203154e-03
-5.899999999999999754e-05	-3.975205944146284476e-03
-5.800000000000000034e-05	-4.117360655419255791e-03
-5.699999999999999636e-05	-4.260336543065506611e-03
-5.599999999999999916e-05	-4.404084494019426879e-03
-5.499999999999999518e-05	-4.548555395215405674e-03
-5.399999999999999798e-05	-4.693700133587834673e-03
-5.300000000000000078e-05	-4.839469596071102955e-03
-5.199999999999999680e-05	-4.985814669599602199e-03
-5.099999999999999960e-05	-5.132686241107720614e-03
-4.999999999999999562e-05	-5.280021719394742755e-03
-4.899999999999999842e-05	-5.427704600719523813e-03
-4.800000000000000122e-05	-5.575604903205811855e-03
-4.699999999999999724e-05	-5.723592644977356682e-03
-4.600000000000000004e-05	-5.871537844157902024e-03
-4.499999999999999606e-05	-6.019310518871198550e-03
-4.399999999999999886e-05	-6.166780687240992591e-03
-4.299999999999999488e-05	-6.313818367391037419e-03
-4.199999999999999768e-05	-6.460293577445074160e-03
-4.100000000000000047e-05	-6.606076335526855220e-03
-3.999999999999999650e-05	-6.751036659760126062e-03
-3.899999999999999929e-05	-6.895044568268635619e-03
-3.799999999999999532e-05	-7.037970079176133695e-03
-3.699999999999999811e-05	-7.179683210606366620e-03
-3.600000000000000091e-05	-7.320053980683082460e-03
-3.499999999999999693e-05	-7.458952407530031019e-03
-3.399999999999999973e-05	-7.596248509270957759e-03
-3.299999999999999575e-05	-7.731812304029618554e-03
-3.199999999999999855e-05	-7.865513809929747593e-03
-3.100000000000000135e-05	-7.997223045095102484e-03
-2.999999999999999737e-05	-8.126810027649426088e-03
-2.900000000000000017e-05	-8.254144775716473412e-03
-2.799999999999999958e-05	-8.379097307419987317e-03
-2.699999999999999899e-05	-8.501537640883715871e-03
-2.599999999999999840e-05	-8.621335794231410610e-03
-2.499999999999999781e-05	-8.738361785586817865e-03
-2.400000000000000061e-05	-8.852485633073682234e-03
-2.300000000000000002e-05	-8.963577354815756987e-03
-2.199999999999999943e-05	-9.071506968936786722e-03
-2.099999999999999884e-05	-9.176144493560522974e-03
-1.999999999999999825e-05	-9.277359946810708607e-03
-1.899999999999999766e-05	-9.375023346811095157e-03
-1.800000000000000046e-05	-9.469004711685430689e-03
-1.699999999999999987e-05	-9.559174059557461536e-03
-1.599999999999999928e-05	-9.645401408550940969e-03
-1.499999999999999869e-05	-9.727556776789608381e-03
-1.399999999999999979e-05	-9.805510182397218777e-03
-1.299999999999999920e-05	-9.879131643497520224e-03
-1.200000000000000030e-05	-9.948291178214253849e-03
-1.099999999999999971e-05	-1.001285880467117466e-02
-9.999999999999999124e-06	-1.007270454099202725e-02
-9.000000000000000228e-06	-1.012769840530056316e-02
-7.999999999999999638e-06	-1.017771041572052351e-02
-6.999999999999999895e-06	-1.022261059037566679e-02
-6.000000000000000152e-06	-1.026226894738972890e-02
-4.999999999999999562e-06	-1.029655550488646661e-02
-3.999999999999999819e-06	-1.032534028098962796e-02
-3.000000000000000076e-06	-1.034849329382295929e-02
-1.999999999999999909e-06	-1.036588456151020174e-02
-9.999999999999999547e-07	-1.037738410217511550e-02
0.000000000000000000e+00	-1.038286193394143998e-02
9.999999999999999547e-07	-1.038218807493292671e-02
1.999999999999999909e-06	-1.037523254327332549e-02
3.000000000000000076e-06	-1.036186535708637745e-02
3.999999999999999819e-06	-1.034195653449583932e-02
4.999999999999999562e-06	-1.031537609362545224e-02
6.000000000000000152e-06	-1.028199405259896775e-02
6.999999999999999895e-06	-1.024172859324435150e-02
7.999999999999999638e-06	-1.019469055220645348e-02
9.000000000000000228e-06	-1.014103892983432911e-02
9.999999999999999124e-06	-1.008093272647705638e-02
1.099999999999999971e-05	-1.001453094248368723e-02
1.200000000000000030e-05	-9.941992578203294462e-03
1.299999999999999920e-05	-9.863476633984940428e-03
1.399999999999999979e-05	-9.779142110177692707e-03
1.499999999999999869e-05	-9.689148007130613666e-03
1.599999999999999928e-05	-9.593653325192767409e-03
1.699999999999999987e-05	-9.492817064713221509e-03
1.800000000000000046e-05	-9.386798226041034865e-03
1.899999999999999766e-05	-9.275755809525278520e-03
1.999999999999999825e-05	-9.159848815515014842e-03
2.099999999999999884e-05	-9.039236244359307934e-03
2.199999999999999943e-05	-8.914077096407228840e-03
2.300000000000000002e-05	-8.784530372007831253e-03
2.400000000000000061e-05	-8.650755071510194891e-03
2.499999999999999781e-05	-8.512910195263369978e-03
2.599999999999999840e-05	-8.371154743616432761e-03
2.699999999999999899e-05	-8.225647716918436936e-03
2.799999999999999958e-05	-8.076548115518457013e-03
2.900000000000000017e-05	-7.924014939765551893e-03
2.999999999999999737e-05	-7.768207190008790883e-03
3.100000000000000135e-05	-7.609283866597235484e-03
3.199999999999999855e-05	-7.447403969879951534e-03
3.299999999999999575e-05	-7.282726500206007474e-03
3.399999999999999973e-05	-7.115410457924462202e-03
3.499999999999999693e-05	-6.945614843384386762e-03
3.600000000000000091e-05	-6.773498656934839185e-03
3.699999999999999811e-05	-6.599220898924888778e-03
3.799999999999999532e-05	-6.422940569703598779e-03
3.899999999999999929e-05	-6.244816669620034157e-03
3.999999999999999650e-05	-6.065008199023264220e-03
4.100000000000000047e-05	-5.883674158262344397e-03
4.199999999999999768e-05	-5.700973547686349202e-03
4.299999999999999488e-05	-5.517065367644341002e-03
4.399999999999999886e-05	-5.332108618485379564e-03
4.499999999999999606e-05	-5.146262300558535931e-03
4.600000000000000004e-05	-4.959685414212868133e-03
4.699999999999999724e-05	-4.772536959797449817e-03
4.800000000000000122e-05	-4.584975937661337278e-03
4.899999999999999842e-05	-4.397161348153602427e-03
4.999999999999999562e-05	-4.209252191623309367e-03
5.099999999999999960e-05	-4.021407468419515262e-03
5.199999999999999680e-05	-3.833786178891293757e-03
5.300000000000000078e-05	-3.646547323387706787e-03
5.399999999999999798e-05	-3.459849902257817588e-03
5.499999999999999518e-05	-3.273852915850694600e-03
5.599999999999999916e-05	-3.088715364515396723e-03
5.699999999999999636e-05	-2.904596248600996300e-03
5.800000000000000034e-05	-2.721654568456550929e-03
5.899999999999999754e-05	-2.540049324431132953e-03
5.999999999999999474e-05	-2.359939516873801272e-03
6.099999999999999872e-05	-2.181484146133622591e-03
6.200000000000000270e-05	-2.004842212559663182e-03
6.299999999999999990e-05	-1.830144661611297126e-03
6.399999999999999710e-05	-1.657410219189141666e-03
6.499999999999999431e-05	-1.486629556304123372e-03
6.599999999999999151e-05	-1.317793343967173150e-03
6.700000000000000226e-05	-1.150892253189211281e-03
6.799999999999999946e-05	-9.859169549811721417e-04
6.899999999999999667e-05	-8.228581203539825188e-04
6.999999999999999387e-05	-6.617064203185669220e-04
7.099999999999999107e-05	-5.024525258858562578e-04
7.200000000000000182e-05	-3.450871080667720003e-04
7.299999999999999903e-05	-1.896008378722508023e-04
7.399999999999999623e-05	-3.598438631321177302e-05
7.499999999999999343e-05	1.157715755994129003e-04
7.599999999999999063e-05	2.656763768546963294e-04
7.700000000000000139e-05	4.137393464417114634e-04
7.799999999999999859e-05	5.599698133495321526e-04
7.899999999999999579e-05	7.043771065672290626e-04
7.999999999999999299e-05	8.469705550838759487e-04
8.099999999999999019e-05	9.877594878885430970e-04
8.200000000000000095e-05	1.126753233970306757e-03
8.299999999999999815e-05	1.263961122318237431e-03
8.399999999999999535e-05	1.399392481921405947e-03
8.499999999999999255e-05	1.533056641768886169e-03
8.599999999999998976e-05	1.664962930849750444e-03
8.700000000000000051e-05	1.795120678153073503e-03
8.799999999999999771e-05	1.923539212667923571e-03
8.899999999999999491e-05	2.050227863383374729e-03
8.999999999999999212e-05	2.175195959288502793e-03
9.099999999999998932e-05	2.298452829372376639e-03
9.200000000000000007e-05	2.420007802624071433e-03
9.299999999999999727e-05	2.539870208032655834e-03
9.399999999999999448e-05	2.658049374587204573e-03
9.499999999999999168e-05	2.774554631276789345e-03
9.600000000000000243e-05	2.889395307090486184e-03
9.699999999999999963e-05	3.002580731017361580e-03
9.799999999999999684e-05	3.114120232046493301e-03
9.899999999999999404e-05	3.224023139166950873e-03
9.999999999999999124e-05	3.332298781367804257e-03
1.010000000000000020e-04	3.438956487638137726e-03
1.019999999999999992e-04	3.544005586967009531e-03
1.029999999999999964e-04	3.647455408343498739e-03
1.039999999999999936e-04	3.749315280756675313e-03
1.049999999999999908e-04	3.849594533195617452e-03
1.060000000000000016e-04	3.948302494649392515e-03
1.069999999999999988e-04	4.045448494107072197e-03
1.079999999999999960e-04	4.141041860557734267e-03
1.089999999999999932e-04	4.235091922990443479e-03
1.099999999999999904e-04	4.327608010394281939e-03
1.110000000000000011e-04	4.418599451758315269e-03
1.119999999999999983e-04	4.508075576071616034e-03
1.129999999999999955e-04	4.596045712323256795e-03
1.139999999999999927e-04	4.682519189502317054e-03
1.149999999999999899e-04	4.767505336597859834e-03
1.160000000000000007e-04	4.851013482598963769e-03
1.169999999999999979e-04	4.933052956494698819e-03
1.179999999999999951e-04	5.013633087274135813e-03
1.189999999999999923e-04	5.092763203926351651e-03
1.199999999999999895e-04	5.170452635440415425e-03
1.210000000000000002e-04	5.246710710805402300e-03
1.219999999999999974e-04	5.321546759010380503e-03
1.229999999999999811e-04	5.394970109044427801e-03
1.240000000000000054e-04	5.466990089896615890e-03
1.250000000000000026e-04	5.537616030556010392e-03
1.259999999999999998e-04	5.606857260011691678e-03
1.269999999999999970e-04	5.674723107252730575e-03
1.279999999999999942e-04	5.741222901268196177e-03
1.289999999999999914e-04	5.806365971047164516e-03
1.299999999999999886e-04	5.870161645578704686e-03
1.309999999999999858e-04	5.932619253851894453e-03
1.319999999999999830e-04	5.993748124855802044e-03
1.330000000000000073e-04	6.053557587579504358e-03
1.340000000000000045e-04	6.112056971012065285e-03
1.350000000000000017e-04	6.169255604142564325e-03
1.359999999999999989e-04	6.225162815960073176e-03
1.369999999999999961e-04	6.279787935453664399e-03
1.379999999999999933e-04	6.333140291612407956e-03
1.389999999999999905e-04	6.385229213425374674e-03
1.399999999999999877e-04	6.436064029881645790e-03
1.409999999999999849e-04	6.485654069970287795e-03
1.419999999999999821e-04	6.534008662680368049e-03
1.430000000000000064e-04	6.581137137000971256e-03
1.440000000000000036e-04	6.627048821921162174e-03
1.450000000000000009e-04	6.671753046430014232e-03
1.459999999999999981e-04	6.715259139516596525e-03
1.469999999999999953e-04	6.757576430169985951e-03
1.479999999999999925e-04	6.798714247379257676e-03
1.489999999999999897e-04	6.838681920133478191e-03
1.499999999999999869e-04	6.877488777421721794e-03
1.509999999999999841e-04	6.915144148233065384e-03
1.519999999999999813e-04	6.951657361556576320e-03
1.530000000000000056e-04	6.987037746381327165e-03
1.540000000000000028e-04	7.021294631696391349e-03
1.550000000000000000e-04	7.054437346490846639e-03
1.559999999999999972e-04	7.086475219753756057e-03
1.569999999999999944e-04	7.117417580474197369e-03
1.579999999999999916e-04	7.147273757641243140e-03
1.589999999999999888e-04	7.176053080243964197e-03
1.599999999999999860e-04	7.203764877271436572e-03
1.609999999999999832e-04	7.230418477712727623e-03
1.619999999999999804e-04	7.256023210556911650e-03
1.630000000000000047e-04	7.280588404793067285e-03
1.640000000000000019e-04	7.304123389410255816e-03
1.649999999999999991e-04	7.326637493397558480e-03
1.659999999999999963e-04	7.348140045744040900e-03
1.669999999999999935e-04	7.368640375438784314e-03
1.679999999999999907e-04	7.388147811470856079e-03
1.689999999999999879e-04	7.406671682829327891e-03
1.699999999999999851e-04	7.424221318503272313e-03
1.709999999999999823e-04	7.440806047481764510e-03
1.719999999999999795e-04	7.456435198753874442e-03
1.730000000000000038e-04	7.471118101308675541e-03
1.740000000000000010e-04	7.484864084135241236e-03
1.749999999999999982e-04	7.497682476222643222e-03
1.759999999999999954e-04	7.509582606559954930e-03
1.769999999999999926e-04	7.520573804136243719e-03
1.779999999999999898e-04	7.530665397940586488e-03
1.789999999999999870e-04	7.539866716962056667e-03
1.799999999999999842e-04	7.548187090189725952e-03
1.809999999999999814e-04	7.555635846612668641e-03
1.819999999999999786e-04	7.562222315219951224e-03
1.830000000000000029e-04	7.567955825000653204e-03
1.840000000000000001e-04	7.572845704943838470e-03
1.849999999999999973e-04	7.576901284038589993e-03
1.859999999999999945e-04	7.580131891273974264e-03
1.869999999999999917e-04	7.582546855639063846e-03
1.879999999999999890e-04	7.584155506122931302e-03
1.889999999999999862e-04	7.584967171714650930e-03
1.899999999999999834e-04	7.584991181403292690e-03
1.909999999999999806e-04	7.584236864177932615e-03
1.920000000000000049e-04	7.582713549027641532e-03
1.930000000000000021e-04	7.580430564941487669e-03
1.939999999999999993e-04	7.577397240908550526e-03
1.949999999999999965e-04	7.573622905917897462e-03
1.959999999999999937e-04	7.569116888958604510e-03
1.969999999999999909e-04	7.563888519019739028e-03
1.979999999999999881e-04	7.557947125090381385e-03
1.989999999999999853e-04	7.551302036159597206e-03
1.999999999999999825e-04	7.543962581216461655e-03
2.009999999999999797e-04	7.535938089250048162e-03
2.020000000000000040e-04	7.527237889249426689e-03
2.030000000000000012e-04	7.517871310203671532e-03
2.039999999999999984e-04	7.507847681101858725e-03
2.049999999999999956e-04	7.497176330933053891e-03
2.059999999999999928e-04	7.485866588686329592e-03
2.069999999999999900e-04	7.473927783350767066e-03
2.079999999999999872e-04	7.461369243915429335e-03
2.089999999999999844e-04	7.448200299369392430e-03
2.099999999999999816e-04	7.434430278701728047e-03
2.109999999999999788e-04	7.420068510901510483e-03
2.120000000000000031e-04	7.405124324957813170e-03
2.130000000000000003e-04	7.389607049859703465e-03
2.139999999999999975e-04	7.373526014596260870e-03
2.149999999999999947e-04	7.356890548156550143e-03
2.159999999999999919e-04	7.339709979529648182e-03
2.169999999999999891e-04	7.321993637704631019e-03
2.179999999999999863e-04	7.303750851670566882e-03
2.189999999999999835e-04	7.284990950416523128e-03
2.199999999999999807e-04	7.265723262931582729e-03
2.209999999999999779e-04	7.245957118204811309e-03
2.220000000000000022e-04	7.225701845225283165e-03
2.229999999999999994e-04	7.204966772982071728e-03
2.239999999999999966e-04	7.183761230464246958e-03
2.249999999999999938e-04	7.162094546660884888e-03
2.259999999999999910e-04	7.139976050561055478e-03
2.269999999999999882e-04	7.117415071153830423e-03
2.279999999999999854e-04	7.094420937428283155e-03
2.289999999999999826e-04	7.071002978373489706e-03
2.299999999999999799e-04	7.047170522978519168e-03
2.309999999999999771e-04	7.022932900232444105e-03
2.320000000000000014e-04	6.998299439124335344e-03
2.329999999999999986e-04	6.973279468643266317e-03
2.339999999999999958e-04	6.947882317778312188e-03
2.349999999999999930e-04	6.922117315518547254e-03
2.359999999999999902e-04	6.895993790853034537e-03
2.369999999999999874e-04	6.869521072770855274e-03
2.379999999999999846e-04	6.842708490261083763e-03
2.389999999999999818e-04	6.815565372312781291e-03
2.399999999999999790e-04	6.788101047915028226e-03
2.409999999999999762e-04	6.760324846056896264e-03
2.420000000000000005e-04	6.732246095727456234e-03
2.429999999999999977e-04	6.703874125915786769e-03
2.439999999999999949e-04	6.675218265610950025e-03
2.449999999999999921e-04	6.646287843802025502e-03
2.459999999999999622e-04	6.617092189478089234e-03
2.469999999999999865e-04	6.587640631628199905e-03
2.480000000000000108e-04	6.557942499241444824e-03
2.489999999999999809e-04	6.528007121306888746e-03
2.500000000000000052e-04	6.497843826813604236e-03
2.509999999999999753e-04	6.467461944750667324e-03
2.519999999999999996e-04	6.436870804107146238e-03
2.529999999999999697e-04	6.406079733872118744e-03
2.539999999999999940e-04	6.375098063034650465e-03
2.549999999999999641e-04	6.343935120583822640e-03
2.559999999999999884e-04	6.312600235508698289e-03
2.570000000000000127e-04	6.281102736798356914e-03
2.579999999999999828e-04	6.249451953441869344e-03
2.590000000000000071e-04	6.217657214428304671e-03
2.599999999999999772e-04	6.185727848746740663e-03
2.610000000000000015e-04	6.153673185386246414e-03
2.619999999999999716e-04	6.121502553335895352e-03
2.629999999999999959e-04	6.089225281584757440e-03
2.639999999999999660e-04	6.056850699121911312e-03
2.649999999999999903e-04	6.024388134936420856e-03
2.660000000000000146e-04	5.991846918017365575e-03
2.669999999999999847e-04	5.959236377353818032e-03
2.680000000000000090e-04	5.926565841934848186e-03
2.689999999999999791e-04	5.893844640749526867e-03
2.700000000000000035e-04	5.861082102786928372e-03
2.709999999999999735e-04	5.828287557036126131e-03
2.719999999999999979e-04	5.795470332486191839e-03
2.729999999999999680e-04	5.762639758126198927e-03
2.739999999999999923e-04	5.729805162945215621e-03
2.749999999999999624e-04	5.696975875932323158e-03
2.759999999999999867e-04	5.664161226076583691e-03
2.770000000000000110e-04	5.631370542367074988e-03
2.779999999999999811e-04	5.598613153792871347e-03
2.790000000000000054e-04	5.565898389343042728e-03
2.799999999999999755e-04	5.533235578006662561e-03
2.809999999999999998e-04	5.500634048772799940e-03
2.819999999999999699e-04	5.468103130630531765e-03
2.829999999999999942e-04	5.435652152568927996e-03
2.839999999999999643e-04	5.403290443577066400e-03
2.849999999999999886e-04	5.371027332644010867e-03
2.860000000000000129e-04	5.338872148758837428e-03
2.869999999999999830e-04	5.306834220910623852e-03
2.880000000000000073e-04	5.274921283391104110e-03
2.889999999999999774e-04	5.243134691702715927e-03
2.900000000000000017e-04	5.211474206650550632e-03
2.909999999999999718e-04	5.179939589039713431e-03
2.919999999999999961e-04	5.148530599675297387e-03
2.929999999999999662e-04	5.117246999362409440e-03
2.939999999999999905e-04	5.086088548906141787e-03
2.949999999999999606e-04	5.055055009111597900e-03
2.959999999999999849e-04	5.024146140783873442e-03
2.970000000000000092e-04	4.993361704728069284e-03
2.979999999999999793e-04	4.962701461749288896e-03
2.990000000000000036e-04	4.932165172652626210e-03
2.999999999999999737e-04	4.901752598243179493e-03
3.009999999999999980e-04	4.871463499326050481e-03
3.019999999999999681e-04	4.841297636706341778e-03
3.029999999999999924e-04	4.811254771189145581e-03
3.039999999999999625e-04	4.781334663579566227e-03
3.049999999999999868e-04	4.751537074682699383e-03
3.060000000000000111e-04	4.721861765303647651e-03
3.069999999999999812e-04	4.692308496247508433e-03
3.080000000000000055e-04	4.662877028319380862e-03
3.089999999999999756e-04	4.633567122324364941e-03
3.099999999999999999e-04	4.604378539067558937e-03
3.109999999999999700e-04	4.575311039354062852e-03
3.119999999999999944e-04	4.546364383988975820e-03
3.129999999999999644e-04	4.517538333777397844e-03
3.139999999999999888e-04	4.488832649524422853e-03
3.149999999999999589e-04	4.460247092035158657e-03
3.159999999999999832e-04	4.431781422114698318e-03
3.170000000000000075e-04	4.403435400568141839e-03
3.179999999999999776e-04	4.375208788200591822e-03
3.190000000000000019e-04	4.347101345817143067e-03
3.199999999999999720e-04	4.319112834222899912e-03
3.209999999999999963e-04	4.291243014222953685e-03
3.219999999999999664e-04	4.263491646622411327e-03
3.229999999999999907e-04	4.235858492226369371e-03
3.239999999999999608e-04	4.208343311839926083e-03
3.249999999999999851e-04	4.180945866268179732e-03
3.260000000000000094e-04	4.153665916316232054e-03
3.269999999999999795e-04	4.126503222789180449e-03
3.280000000000000038e-04	4.099457546492127520e-03
3.289999999999999739e-04	4.072528648230168066e-03
3.299999999999999982e-04	4.045716288808402956e-03
3.309999999999999683e-04	4.019020229031932193e-03
3.319999999999999926e-04	3.992440229705854909e-03
3.329999999999999627e-04	3.965976051635270241e-03
3.339999999999999870e-04	3.939627455625274721e-03
3.350000000000000113e-04	3.913394202480969218e-03
3.359999999999999814e-04	3.887276053007457204e-03
3.370000000000000057e-04	3.861272768009831307e-03
3.379999999999999758e-04	3.835384108293195000e-03
3.390000000000000001e-04	3.809609834662644814e-03
3.399999999999999702e-04	3.783949707923282488e-03
3.409999999999999945e-04	3.758403488880206721e-03
3.419999999999999646e-04	3.732970938338513178e-03
3.429999999999999889e-04	3.707651817103306199e-03
3.439999999999999590e-04	3.682445885979681883e-03
3.449999999999999833e-04	3.657352905772739363e-03
3.460000000000000076e-04	3.632372637287579076e-03
3.469999999999999777e-04	3.607504841329301024e-03
3.480000000000000020e-04	3.582749278703000872e-03
3.489999999999999721e-04	3.558105710213783825e-03
3.499999999999999964e-04	3.533573896666742514e-03
3.509999999999999665e-04	3.509153598866980410e-03
3.519999999999999908e-04	3.484844577619594912e-03
3.529999999999999609e-04	3.460646593729686023e-03
3.539999999999999853e-04	3.436559408002352010e-03
3.550000000000000096e-04	3.412582781242692875e-03
3.559999999999999797e-04	3.388716474255808186e-03
3.570000000000000040e-04	3.364960247846795344e-03
3.579999999999999741e-04	3.341313862820756517e-03
3.589999999999999984e-04	3.317777079982788240e-03
3.599999999999999685e-04	3.294349660137991381e-03
3.609999999999999928e-04	3.271031364091462907e-03
3.619999999999999629e-04	3.247821952648306722e-03
3.629999999999999872e-04	3.224721186613616324e-03
3.639999999999999573e-04	3.201728826792494317e-03
3.649999999999999816e-04	3.178844633990038967e-03
3.660000000000000059e-04	3.156068369011348108e-03
3.669999999999999760e-04	3.133399792661524779e-03
3.680000000000000003e-04	3.110838665745664644e-03
3.689999999999999704e-04	3.088384749068869006e-03
3.699999999999999947e-04	3.066037803436235266e-03
3.709999999999999648e-04	3.043797589652864292e-03
3.719999999999999891e-04	3.021663868523853484e-03
3.729999999999999592e-04	2.999636400854305447e-03
3.739999999999999835e-04	2.977714947449313244e-03
3.750000000000000078e-04	2.955899269113982514e-03
3.759999999999999779e-04	2.934189126653410223e-03
3.770000000000000022e-04	2.912584280872693339e-03
3.779999999999999723e-04	2.891084492576934898e-03
3.789999999999999966e-04	2.869689522571231000e-03
3.799999999999999667e-04	2.848399131660682947e-03
3.809999999999999910e-04	2.827213080650387705e-03
3.819999999999999611e-04	2.806131130345446579e-03
3.829999999999999854e-04	2.785153041550956967e-03
3.840000000000000097e-04	2.764278575072020173e-03
3.849999999999999798e-04	2.743507491713734463e-03
3.860000000000000041e-04	2.722839552281197673e-03
3.869999999999999742e-04	2.702274517579512404e-03
3.879999999999999985e-04	2.681812148413773023e-03
3.889999999999999686e-04	2.661452205589083433e-03
3.899999999999999929e-04	2.641194449910539300e-03
3.909999999999999630e-04	2.621038642183242794e-03
3.919999999999999873e-04	2.600984543212290882e-03
3.929999999999999574e-04	2.581031913802784000e-03
3.939999999999999817e-04	2.561180514759820413e-03
3.950000000000000061e-04	2.541430106888498824e-03
3.959999999999999762e-04	2.521780450993921837e-03
3.970000000000000005e-04	2.502231307881184249e-03
3.979999999999999706e-04	2.482782438355389098e-03
3.989999999999999949e-04	2.463433603221632049e-03
3.999999999999999650e-04	2.444184563285015706e-03
4.009999999999999893e-04	2.425035079350635735e-03
4.019999999999999594e-04	2.405984912223594740e-03
4.029999999999999837e-04	2.387033822708989252e-03
4.040000000000000080e-04	2.368181571611920142e-03
4.049999999999999781e-04	2.349427919737486978e-03
4.060000000000000024e-04	2.330772627890786292e-03
4.069999999999999725e-04	2.312215456876920688e-03
4.079999999999999968e-04	2.293756167500987132e-03
4.089999999999999669e-04	2.275394520568085627e-03
4.099999999999999912e-04	2.257130276883314440e-03
4.109999999999999613e-04	2.238963197251774874e-03
4.119999999999999856e-04	2.220893042478563895e-03
4.129999999999999557e-04	2.202919573368783239e-03
4.139999999999999800e-04	2.185042550727528572e-03
4.150000000000000043e-04	2.167261735359901197e-03
4.159999999999999744e-04	2.149576888071001550e-03
4.169999999999999987e-04	2.131987769665925729e-03
4.179999999999999688e-04	2.114494140949776339e-03
4.189999999999999931e-04	2.097095762727649911e-03
4.199999999999999632e-04	2.079792395804647750e-03
4.209999999999999875e-04	2.062583800985866821e-03
4.219999999999999576e-04	2.045469739076408427e-03
4.229999999999999819e-04	2.028449970881369534e-03
4.240000000000000062e-04	2.011524257205851880e-03
4.249999999999999763e-04	1.994692358854952864e-03
4.260000000000000006e-04	1.977954036633772488e-03
4.269999999999999707e-04	1.961309051347409887e-03
4.279999999999999950e-04	1.944757163800963761e-03
4.289999999999999651e-04	1.928298134799534547e-03
4.299999999999999894e-04	1.911931725148219427e-03
4.309999999999999595e-04	1.895657695652119704e-03
4.319999999999999838e-04	1.879475807116332345e-03
4.329999999999999539e-04	1.863385820345959520e-03
4.339999999999999782e-04	1.847387496146097761e-03
4.350000000000000026e-04	1.831480595321847505e-03
4.359999999999999726e-04	1.815664878678308102e-03
4.369999999999999970e-04	1.799940107020577820e-03
4.379999999999999671e-04	1.784306041153756878e-03
4.389999999999999914e-04	1.768762441882943759e-03
4.399999999999999615e-04	1.753309070013238900e-03
4.409999999999999858e-04	1.737945686349739050e-03
4.419999999999999559e-04	1.722672051697546379e-03
4.429999999999999802e-04	1.707487926861757637e-03
4.440000000000000045e-04	1.692393072647473042e-03
4.449999999999999746e-04	1.677387249859793030e-03
4.459999999999999989e-04	1.662470219303814134e-03
4.469999999999999690e-04	1.647641741784638307e-03
4.479999999999999933e-04	1.632901578107362733e-03
4.489999999999999634e-04	1.618249489077087629e-03
4.499999999999999877e-04	1.603685235498911914e-03
4.509999999999999578e-04	1.589208578177934940e-03
4.519999999999999821e-04	1.574819277919255623e-03
4.530000000000000064e-04	1.560517095527972232e-03
4.539999999999999765e-04	1.546301791809186719e-03
4.550000000000000008e-04	1.532173127567995619e-03
4.559999999999999709e-04	1.518130863609500015e-03
4.569999999999999952e-04	1.504174760738797526e-03
4.579999999999999653e-04	1.490304579760988804e-03
4.589999999999999896e-04	1.476520081481171465e-03
4.599999999999999597e-04	1.462821026704446813e-03
4.609999999999999840e-04	1.449207176235911597e-03
4.619999999999999541e-04	1.435678290880667337e-03
4.629999999999999784e-04	1.422234131443811866e-03
4.640000000000000027e-04	1.408874458730443886e-03
4.649999999999999728e-04	1.395599033545664482e-03
4.659999999999999971e-04	1.382407616694571271e-03
4.669999999999999672e-04	1.369299968982264255e-03
4.679999999999999915e-04	1.356275851213842353e-03
4.689999999999999616e-04	1.343335024194404698e-03
4.699999999999999859e-04	1.330477248729050425e-03
4.709999999999999560e-04	1.317702285622879320e-03
4.719999999999999803e-04	1.305009895680989433e-03
4.730000000000000046e-04	1.292399839708481199e-03
4.739999999999999747e-04	1.279871878510453536e-03
4.749999999999999990e-04	1.267425772892005363e-03
4.759999999999999691e-04	1.255061283658236247e-03
4.769999999999999934e-04	1.242778171614244455e-03
4.779999999999999635e-04	1.230576197565130857e-03
4.789999999999999879e-04	1.218455122315992853e-03
4.799999999999999580e-04	1.206414706671931096e-03
4.809999999999999823e-04	1.194454711438043201e-03
4.819999999999999524e-04	1.182574897419430039e-03
4.829999999999999767e-04	1.170775025421190094e-03
4.840000000000000010e-04	1.159054856248422282e-03
4.849999999999999711e-04	1.147414150706226607e-03
4.859999999999999954e-04	1.135852669599701553e-03
4.869999999999999655e-04	1.124370173733946470e-03
4.879999999999999898e-04	1.112966423914061144e-03
4.889999999999999599e-04	1.101641180945143843e-03
4.899999999999999842e-04	1.090394205632294134e-03
4.910000000000000085e-04	1.079225258780611586e-03
4.919999999999999244e-04	1.068134101195195983e-03
4.929999999999999487e-04	1.057120493681144510e-03
4.939999999999999730e-04	1.046184197043557819e-03
4.949999999999999973e-04	1.035324972087534826e-03
4.960000000000000216e-04	1.024542579618174234e-03
4.969999999999999375e-04	1.013836780440577779e-03
4.979999999999999618e-04	1.003207335359840909e-03
4.989999999999999861e-04	9.926540051810651445e-04
5.000000000000000104e-04	9.821765507093487522e-04
5.009999999999999263e-04	9.717747327497927102e-04
5.019999999999999506e-04	9.614483121074935508e-04
5.029999999999999749e-04	9.511970495875519266e-04
5.039999999999999992e-04	9.410207059950668638e-04
5.050000000000000235e-04	9.309190421351374971e-04
5.059999999999999394e-04	9.208918188128641536e-04
5.069999999999999637e-04	9.109387968333440165e-04
5.079999999999999880e-04	9.010597370016774129e-04
5.090000000000000123e-04	8.912544001229636944e-04
5.099999999999999282e-04	8.815225470023025376e-04
5.109999999999999525e-04	8.718639384447912340e-04
5.119999999999999768e-04	8.622783352555306530e-04
5.130000000000000011e-04	8.527654982396192787e-04
5.140000000000000254e-04	8.433251882021568962e-04
5.149999999999999413e-04	8.339571659482430737e-04
5.159999999999999656e-04	8.246611922829753197e-04
5.169999999999999899e-04	8.154370280114538530e-04
5.180000000000000143e-04	8.062844339387781334e-04
5.189999999999999301e-04	7.972031708700480545e-04
5.199999999999999544e-04	7.881929996103609077e-04
5.209999999999999788e-04	7.792536809648165867e-04
5.220000000000000031e-04	7.703849757385147681e-04
5.230000000000000274e-04	7.615866447365548034e-04
5.239999999999999433e-04	7.528584487640362609e-04
5.249999999999999676e-04	7.442001486260569742e-04
5.259999999999999919e-04	7.356115051277165116e-04
5.270000000000000162e-04	7.270922790741146582e-04
5.279999999999999321e-04	7.186422312703510907e-04
5.289999999999999564e-04	7.102611225215237512e-04
5.299999999999999807e-04	7.019487136327319911e-04
5.310000000000000050e-04	6.937047654090757040e-04
5.320000000000000293e-04	6.855290386556536992e-04
5.329999999999999452e-04	6.774212941775661955e-04
5.339999999999999695e-04	6.693812927799107013e-04
5.349999999999999938e-04	6.614087952677873269e-04
5.360000000000000181e-04	6.535035624462952070e-04
5.369999999999999340e-04	6.456653551205342352e-04
5.379999999999999583e-04	6.378939340956020282e-04
5.389999999999999826e-04	6.301890601765985879e-04
5.400000000000000069e-04	6.225504941686234826e-04
5.409999999999999228e-04	6.149779968767762808e-04
5.419999999999999471e-04	6.074713291061551411e-04
5.429999999999999714e-04	6.000302516618593067e-04
5.439999999999999957e-04	5.926545253489883458e-04
5.450000000000000200e-04	5.853439109726417183e-04
5.459999999999999359e-04	5.780981693379191010e-04
5.469999999999999602e-04	5.709170612499181105e-04
5.479999999999999845e-04	5.638003475137389657e-04
5.490000000000000088e-04	5.567477889344806929e-04
5.499999999999999247e-04	5.497591463172434023e-04
5.509999999999999490e-04	5.428341804671248192e-04
5.519999999999999733e-04	5.359726521892245119e-04
5.529999999999999976e-04	5.291743222886421570e-04
5.540000000000000219e-04	5.224389515704765639e-04
5.549999999999999378e-04	5.157663008398282768e-04
5.559999999999999621e-04	5.091561309017941534e-04
5.569999999999999864e-04	5.026082025614748462e-04
5.580000000000000107e-04	4.961222766239693814e-04
5.589999999999999266e-04	4.896981138943776526e-04
5.599999999999999509e-04	4.833354751777974392e-04
5.609999999999999752e-04	4.770341212793286346e-04
5.619999999999999996e-04	4.707938130040703736e-04
5.630000000000000239e-04	4.646143111571220076e-04
5.639999999999999397e-04	4.584953765435834301e-04
5.649999999999999641e-04	4.524367699685524205e-04
5.659999999999999884e-04	4.464382522371287639e-04
5.670000000000000127e-04	4.404995841544118661e-04
5.679999999999999286e-04	4.346205265255013495e-04
5.689999999999999529e-04	4.288008401554954272e-04
5.699999999999999772e-04	4.230402858494936675e-04
5.710000000000000015e-04	4.173386244125955303e-04
5.720000000000000258e-04	4.116956166499000417e-04
5.729999999999999417e-04	4.061110233665070953e-04
5.739999999999999660e-04	4.005846053675146332e-04
5.749999999999999903e-04	3.951161234580224946e-04
5.760000000000000146e-04	3.897053384431299226e-04
5.769999999999999305e-04	3.843520111279365940e-04
5.779999999999999548e-04	3.790559023175406675e-04
5.789999999999999791e-04	3.738167728170419283e-04
5.800000000000000034e-04	3.686343834315396195e-04
5.810000000000000277e-04	3.635084949661328215e-04
5.819999999999999436e-04	3.584388682259213193e-04
5.829999999999999679e-04	3.534252640160032177e-04
5.839999999999999922e-04	3.484674431414782475e-04
5.850000000000000165e-04	3.435651664074459771e-04
5.859999999999999324e-04	3.387181946190056495e-04
5.869999999999999567e-04	3.339262885812554777e-04
5.879999999999999810e-04	3.291892090992955180e-04
5.890000000000000053e-04	3.245067169782246881e-04
5.899999999999999212e-04	3.198785730231428815e-04
5.909999999999999455e-04	3.153045380391481488e-04
5.919999999999999698e-04	3.107843728313402208e-04
5.929999999999999941e-04	3.063178382048184489e-04
5.940000000000000184e-04	3.019046949646819137e-04
5.949999999999999343e-04	2.975447039160303460e-04
5.959999999999999586e-04	2.932376258639619046e-04
5.969999999999999829e-04	2.889832216135763748e-04
5.980000000000000072e-04	2.847812519699729995e-04
5.989999999999999231e-04	2.806314777382514013e-04
5.999999999999999474e-04	2.765336597235097931e-04
6.009999999999999717e-04	2.724875587308479060e-04
6.019999999999999961e-04	2.684929355653649288e-04
6.030000000000000204e-04	2.645495510321601586e-04
6.039999999999999362e-04	2.606571659363331097e-04
6.049999999999999606e-04	2.568155410829821034e-04
6.059999999999999849e-04	2.530244372772069792e-04
6.070000000000000092e-04	2.492836153241067632e-04
6.079999999999999251e-04	2.455928360287810779e-04
6.089999999999999494e-04	2.419518601963284075e-04
6.099999999999999737e-04	2.383604486318483201e-04
6.109999999999999980e-04	2.348183621404400048e-04
6.120000000000000223e-04	2.313253615272027044e-04
6.129999999999999382e-04	2.278812075972359602e-04
6.139999999999999625e-04	2.244856611556382835e-04
6.149999999999999868e-04	2.211384830075091611e-04
6.160000000000000111e-04	2.178394339579479446e-04
6.169999999999999270e-04	2.145882748120541209e-04
6.179999999999999513e-04	2.113847663749261199e-04
6.189999999999999756e-04	2.082286694516635912e-04
6.199999999999999999e-04	2.051197448473657508e-04
6.210000000000000242e-04	2.020577533671316791e-04
6.219999999999999401e-04	1.990424558160611070e-04
6.229999999999999644e-04	1.960736129992524915e-04
6.239999999999999887e-04	1.931509857218052925e-04
6.250000000000000130e-04	1.902743347888188614e-04
6.259999999999999289e-04	1.874434210053925226e-04
6.269999999999999532e-04	1.846580051766250584e-04
6.279999999999999775e-04	1.819178481076159015e-04
6.290000000000000018e-04	1.792227106034642678e-04
6.299999999999999177e-04	1.765723534692696444e-04
6.309999999999999420e-04	1.739665375101306509e-04
6.319999999999999663e-04	1.714050235311468556e-04
6.329999999999999906e-04	1.688875723374173659e-04
6.340000000000000149e-04	1.664139447340414791e-04
6.349999999999999308e-04	1.639839015261186010e-04
6.359999999999999551e-04	1.615972035187473782e-04
6.369999999999999794e-04	1.592536115170274061e-04
6.380000000000000037e-04	1.569528863260577652e-04
6.389999999999999196e-04	1.546947887509379966e-04
6.399999999999999439e-04	1.524790795967668284e-04
6.409999999999999682e-04	1.503055196686435850e-04
6.419999999999999925e-04	1.481738697716676178e-04
6.430000000000000169e-04	1.460838907109380342e-04
6.439999999999999327e-04	1.440353432915542943e-04
6.449999999999999570e-04	1.420279883186152344e-04
6.459999999999999814e-04	1.400615865972202061e-04
6.470000000000000057e-04	1.381358989324683981e-04
6.479999999999999215e-04	1.362506861294592703e-04
6.489999999999999459e-04	1.344057089932915779e-04
6.499999999999999702e-04	1.326007283290648350e-04
6.509999999999999945e-04	1.308355049418780949e-04
6.520000000000000188e-04	1.291097996368306819e-04
6.529999999999999347e-04	1.274233732190219745e-04
6.539999999999999590e-04	1.257759864935507281e-04
6.549999999999999833e-04	1.241674002655164565e-04
6.560000000000000076e-04	1.225973753400182674e-04
6.569999999999999235e-04	1.210656725221555664e-04
6.579999999999999478e-04	1.195720526170272443e-04
6.589999999999999721e-04	1.181162764297326659e-04
6.599999999999999964e-04	1.166981047653710337e-04
6.610000000000000207e-04	1.153172984290415501e-04
6.619999999999999366e-04	1.139736182258436071e-04
6.629999999999999609e-04	1.126668249608760549e-04
6.639999999999999852e-04	1.113966794392382855e-04
6.650000000000000095e-04	1.101629424660295013e-04
6.659999999999999254e-04	1.089653748463490402e-04
6.669999999999999497e-04	1.078037373852958606e-04
6.679999999999999740e-04	1.066777908879692734e-04
6.689999999999999983e-04	1.055872961594685351e-04
6.700000000000000226e-04	1.045320140048927804e-04
6.709999999999999385e-04	1.035117052293413743e-04
6.719999999999999628e-04	1.025261306379133023e-04
6.729999999999999871e-04	1.015750510357078617e-04
6.740000000000000114e-04	1.006582272278242819e-04
6.749999999999999273e-04	9.977542001936186018e-05
6.759999999999999516e-04	9.892639021541959569e-05
6.769999999999999759e-04	9.811089862109682630e-05
6.780000000000000002e-04	9.732870604149270019e-05
6.789999999999999161e-04	9.657957328170658237e-05
6.799999999999999404e-04	9.586326114683744483e-05
6.809999999999999647e-04	9.517953044198462548e-05
6.819999999999999890e-04	9.452814197224732669e-05
6.830000000000000134e-04	9.390885654272472375e-05
6.839999999999999292e-04	9.332143495851612746e-05
6.849999999999999535e-04	9.276563802472059111e-05
6.859999999999999779e-04	9.224122654643739842e-05
6.870000000000000022e-04	9.174796132876573821e-05
6.879999999999999180e-04	9.128560317680489418e-05
6.889999999999999424e-04	9.085391289565396028e-05
6.899999999999999667e-04	9.045265129041217956e-05
6.909999999999999910e-04	9.008157916617880862e-05
6.920000000000000153e-04	8.974045732805298206e-05
6.929999999999999312e-04	8.942904658113399715e-05
6.939999999999999555e-04	8.914710773052098849e-05
6.949999999999999798e-04	8.889440158131318558e-05
6.960000000000000041e-04	8.867068893860975015e-05
6.969999999999999200e-04	8.847573060751002009e-05
6.979999999999999443e-04	8.830928739311303516e-05
6.989999999999999686e-04	8.817112010051813328e-05
6.999999999999999929e-04	8.806098953482444905e-05
7.010000000000000172e-04	8.797865650113121196e-05
7.019999999999999331e-04	8.792388180453763796e-05
7.029999999999999574e-04	8.789642625014292942e-05
7.039999999999999817e-04	8.789605064304627517e-05
7.050000000000000060e-04	8.792251578834690471e-05
7.059999999999999219e-04	8.797558249114404750e-05
7.069999999999999462e-04	8.805501155653685174e-05
7.079999999999999705e-04	8.816056378962454690e-05
7.089999999999999948e-04	8.829199999550638959e-05
7.100000000000000191e-04	8.844908097928152796e-05
7.109999999999999350e-04	8.863156754604916440e-05
7.119999999999999593e-04	8.883922050090854196e-05
7.129999999999999836e-04	8.907180064895887657e-05
7.140000000000000079e-04	8.932906879529935705e-05
7.149999999999999238e-04	8.961078574502914513e-05
7.159999999999999481e-04	8.991671230324751096e-05
7.169999999999999724e-04	9.024660927505367047e-05
7.179999999999999967e-04	9.060023746554678539e-05
7.190000000000000210e-04	9.097735767982605810e-05
7.199999999999999369e-04	9.137773072299073163e-05
7.209999999999999612e-04	9.180111740014003548e-05
7.219999999999999855e-04	9.224727851637306360e-05
7.230000000000000098e-04	9.271597487678919457e-05
7.239999999999999257e-04	9.320696728648744103e-05
7.249999999999999500e-04	9.372001655056716798e-05
7.259999999999999743e-04	9.425488347412755072e-05
7.269999999999999987e-04	9.481132886226776451e-05
7.279999999999999145e-04	9.538911352008694398e-05
7.289999999999999388e-04	9.598799825268442703e-05
7.299999999999999632e-04	9.660774386515942960e-05
7.309999999999999875e-04	9.724811116261107276e-05
7.320000000000000118e-04	9.790886095013857243e-05
7.329999999999999277e-04	9.858975403284110390e-05
7.339999999999999520e-04	9.929055121581796442e-05
7.349999999999999763e-04	1.000110133041683564e-04
7.360000000000000006e-04	1.007509011029914686e-04
7.369999999999999165e-04	1.015099754173863679e-04
7.379999999999999408e-04	1.022879970524525006e-04
