-1.830000000000000029e-04	3.224137330630207315e-04
-1.819999999999999786e-04	3.135504484352101399e-04
-1.809999999999999814e-04	3.029551134650878999e-04
-1.799999999999999842e-04	2.906935504371624466e-04
-1.789999999999999870e-04	2.768315816359427032e-04
-1.779999999999999898e-04	2.614350293459372673e-04
-1.769999999999999926e-04	2.445697158516547910e-04
-1.759999999999999954e-04	2.263014634376038449e-04
-1.749999999999999982e-04	2.066960943882934605e-04
-1.740000000000000010e-04	1.858194309882320186e-04
-1.730000000000000038e-04	1.637372955219284425e-04
-1.719999999999999795e-04	1.405155102738906250e-04
-1.709999999999999823e-04	1.162198975286286547e-04
-1.699999999999999851e-04	9.091627957065051959e-05
-1.689999999999999879e-04	6.467047868446499357e-05
-1.679999999999999907e-04	3.754831715458064733e-05
-1.669999999999999935e-04	9.615617265506310713e-06
-1.659999999999999963e-04	-1.906179869824930500e-05
-1.649999999999999991e-04	-4.841810845217762744e-05
-1.640000000000000019e-04	-7.838748971176989452e-05
-1.630000000000000047e-04	-1.089041201925173153e-04
-1.619999999999999804e-04	-1.399021776099121730e-04
-1.609999999999999832e-04	-1.713158396794440131e-04
-1.599999999999999860e-04	-2.030792841166051323e-04
-1.589999999999999888e-04	-2.351266886368865534e-04
-1.579999999999999916e-04	-2.673922309557797599e-04
-1.569999999999999944e-04	-2.998100887887760455e-04
-1.559999999999999972e-04	-3.323144398513667042e-04
-1.550000000000000000e-04	-3.648394618590428671e-04
-1.540000000000000028e-04	-3.973193325272960990e-04
-1.530000000000000056e-04	-4.296882295716175854e-04
-1.519999999999999813e-04	-4.618803307074994874e-04
-1.509999999999999841e-04	-4.938298136504314182e-04
-1.499999999999999869e-04	-5.254708561159054849e-04
-1.489999999999999897e-04	-5.567376358194129271e-04
-1.479999999999999925e-04	-5.875643304764453095e-04
-1.469999999999999953e-04	-6.178851178024935466e-04
-1.459999999999999981e-04	-6.476341755130495285e-04
-1.450000000000000009e-04	-6.767456813236034105e-04
-1.440000000000000036e-04	-7.051538129496478418e-04
-1.430000000000000064e-04	-7.327927481066733029e-04
-1.419999999999999821e-04	-7.595966645101724429e-04
-1.409999999999999849e-04	-7.854997398756344415e-04
-1.399999999999999877e-04	-8.104361519185514055e-04
-1.389999999999999905e-04	-8.343400783544153336e-04
-1.379999999999999933e-04	-8.571456968987167064e-04
-1.369999999999999961e-04	-8.787871852669473056e-04
-1.359999999999999989e-04	-8.991987211745981539e-04
-1.350000000000000017e-04	-9.183144823371609247e-04
-1.340000000000000045e-04	-9.360686464701262069e-04
-1.330000000000000073e-04	-9.523953912889863245e-04
-1.319999999999999830e-04	-9.672288945092319748e-04
-1.309999999999999858e-04	-9.805033338463539638e-04
-1.299999999999999886e-04	-9.921528870158449406e-04
-1.289999999999999914e-04	-1.002111731733194844e-03
-1.279999999999999942e-04	-1.010314045713895563e-03
-1.269999999999999970e-04	-1.016694006673438556e-03
-1.259999999999999998e-04	-1.021185792327314410e-03
-1.250000000000000026e-04	-1.023723580391015450e-03
-1.240000000000000054e-04	-1.024271823778037096e-03
-1.229999999999999811e-04	-1.022916076193896044e-03
-1.219999999999999974e-04	-1.019772166542111651e-03
-1.210000000000000002e-04	-1.014955923726205880e-03
-1.199999999999999895e-04	-1.008583176649698520e-03
-1.189999999999999923e-04	-1.000769754216110450e-03
-1.179999999999999951e-04	-9.916314853289629784e-04
-1.169999999999999979e-04	-9.812841988917763315e-04
-1.160000000000000007e-04	-9.698437238080709517e-04
-1.149999999999999899e-04	-9.574258889813680408e-04
-1.139999999999999927e-04	-9.441465233151877159e-04
-1.129999999999999955e-04	-9.301214557130516123e-04
-1.119999999999999983e-04	-9.154665150784794137e-04
-1.110000000000000011e-04	-9.002975303149924301e-04
-1.099999999999999904e-04	-8.847303303261106703e-04
-1.089999999999999932e-04	-8.688807440153556612e-04
-1.079999999999999960e-04	-8.528646002862481706e-04
-1.069999999999999988e-04	-8.367977280423080991e-04
-1.060000000000000016e-04	-8.207959561870566481e-04
-1.049999999999999908e-04	-8.049751136240140435e-04
-1.039999999999999936e-04	-7.894510292567019204e-04
-1.029999999999999964e-04	-7.743395319886399626e-04
-1.019999999999999992e-04	-7.597564507233495884e-04
-1.010000000000000020e-04	-7.458176143643509151e-04
-9.999999999999999124e-05	-7.326388518151647107e-04
-9.899999999999999404e-05	-7.203359919793121766e-04
-9.799999999999999684e-05	-7.090248637603139724e-04
-9.699999999999999963e-05	-6.988212960616899984e-04
-9.600000000000000243e-05	-6.898411177869618899e-04
-9.499999999999999168e-05	-6.822001578396497644e-04
-9.399999999999999448e-05	-6.760142451232742811e-04
-9.299999999999999727e-05	-6.713992085413567502e-04
-9.200000000000000007e-05	-6.684708769974171804e-04
-9.099999999999998932e-05	-6.673450793949766650e-04
-8.999999999999999212e-05	-6.681376446375555380e-04
-8.899999999999999491e-05	-6.709644016286750012e-04
-8.799999999999999771e-05	-6.759411792718551717e-04
-8.700000000000000051e-05	-6.831838064706172511e-04
-8.599999999999998976e-05	-6.928081121284818990e-04
-8.499999999999999255e-05	-7.049299251489696662e-04
-8.399999999999999535e-05	-7.196650744356007786e-04
-8.299999999999999815e-05	-7.371293888918966546e-04
-8.200000000000000095e-05	-7.574386974213776283e-04
-8.099999999999999019e-05	-7.807088289275647928e-04
-7.999999999999999299e-05	-8.070556123139784824e-04
-7.899999999999999579e-05	-8.365948764841389228e-04
-7.799999999999999859e-05	-8.694424503415676408e-04
-7.700000000000000139e-05	-9.057141627897849706e-04
-7.599999999999999063e-05	-9.455258427323123306e-04
-7.499999999999999343e-05	-9.889933190726691876e-04
-7.399999999999999623e-05	-1.036232420714376093e-03
-7.299999999999999903e-05	-1.087358976560955440e-03
-7.200000000000000182e-05	-1.142488815515926154e-03
-7.099999999999999107e-05	-1.201737766482810629e-03
-6.999999999999999387e-05	-1.265221658365128224e-03
-6.899999999999999667e-05	-1.333056320066399597e-03
-6.799999999999999946e-05	-1.405357580490145843e-03
-6.700000000000000226e-05	-1.482241268539888270e-03
-6.599999999999999151e-05	-1.563800165301639520e-03
-6.499999999999999431e-05	-1.650034860591377333e-03
-6.399999999999999710e-05	-1.740922896407575120e-03
-6.299999999999999990e-05	-1.836441814748703905e-03
-6.200000000000000270e-05	-1.936569157613234711e-03
-6.099999999999999872e-05	-2.041282466999640947e-03
-5.999999999999999474e-05	-2.150559284906392553e-03
-5.899999999999999754e-05	-2.264377153331961854e-03
-5.800000000000000034e-05	-2.382713614274819657e-03
-5.699999999999999636e-05	-2.505546209733437637e-03
-5.599999999999999916e-05	-2.632852481706287901e-03
-5.499999999999999518e-05	-2.764609972191843425e-03
-5.399999999999999798e-05	-2.900796223188573282e-03
-5.300000000000000078e-05	-3.041388776694948712e-03
-5.199999999999999680e-05	-3.186365174709445292e-03
-5.099999999999999960e-05	-3.335702959230530361e-03
-4.999999999999999562e-05	-3.489379672256677327e-03
-4.899999999999999842e-05	-3.647372855786356997e-03
-4.800000000000000122e-05	-3.809660051818041480e-03
-4.699999999999999724e-05	-3.976218802350203751e-03
-4.600000000000000004e-05	-4.147026649381312449e-03
-4.499999999999999606e-05	-4.322061134909842284e-03
-4.399999999999999886e-05	-4.501299800934262761e-03
-4.299999999999999488e-05	-4.684720189453046857e-03
-4.199999999999999768e-05	-4.872299842464664077e-03
-4.100000000000000047e-05	-5.064016301967586529e-03
-3.999999999999999650e-05	-5.259847109960289792e-03
-3.899999999999999929e-05	-5.459769808441238166e-03
-3.799999999999999532e-05	-5.663761939408909832e-03
-3.699999999999999811e-05	-5.871714140803885144e-03
-3.600000000000000091e-05	-6.083169434335203470e-03
-3.499999999999999693e-05	-6.297583937654009818e-03
-3.399999999999999973e-05	-6.514413768411456140e-03
-3.299999999999999575e-05	-6.733115044258694386e-03
-3.199999999999999855e-05	-6.953143882846868698e-03
-3.100000000000000135e-05	-7.173956401827126690e-03
-2.999999999999999737e-05	-7.395008718850622047e-03
-2.900000000000000017e-05	-7.615756951568504116e-03
-2.799999999999999958e-05	-7.835657217631918775e-03
-2.699999999999999899e-05	-8.054165634692017975e-03
-2.599999999999999840e-05	-8.270738320399945859e-03
-2.499999999999999781e-05	-8.484831392406858713e-03
-2.400000000000000061e-05	-8.695900968363897213e-03
-2.300000000000000002e-05	-8.903403165922219378e-03
-2.199999999999999943e-05	-9.106794102732967619e-03
-2.099999999999999884e-05	-9.305529896447294752e-03
-1.999999999999999825e-05	-9.499066664716344921e-03
-1.899999999999999766e-05	-9.686860525191272678e-03
-1.800000000000000046e-05	-9.868367595523225635e-03
-1.699999999999999987e-05	-1.004304399336335141e-02
-1.599999999999999928e-05	-1.021034583636279761e-02
-1.499999999999999869e-05	-1.036972924217272225e-02
-1.399999999999999979e-05	-1.052065032844425908e-02
-1.299999999999999920e-05	-1.066256521282857306e-02
-1.200000000000000030e-05	-1.079493001297680312e-02
-1.099999999999999971e-05	-1.091720084654010034e-02
-9.999999999999999124e-06	-1.102883383116961408e-02
-9.000000000000000228e-06	-1.112928508451649541e-02
-7.999999999999999638e-06	-1.121814021829137600e-02
-6.999999999999999895e-06	-1.129550282044281852e-02
-6.000000000000000152e-06	-1.136160597297886619e-02
-4.999999999999999562e-06	-1.141668275790757095e-02
-3.999999999999999819e-06	-1.146096625723697603e-02
-3.000000000000000076e-06	-1.149468955297512640e-02
-1.999999999999999909e-06	-1.151808572713007572e-02
-9.999999999999999547e-07	-1.153138786170986377e-02
0.000000000000000000e+00	-1.153482903872253551e-02
9.999999999999999547e-07	-1.152864234017614634e-02
1.999999999999999909e-06	-1.151306084807873255e-02
3.000000000000000076e-06	-1.148831764443834953e-02
3.999999999999999819e-06	-1.145464581126303533e-02
4.999999999999999562e-06	-1.141227843056084011e-02
6.000000000000000152e-06	-1.136144858433981233e-02
6.999999999999999895e-06	-1.130238935460799524e-02
7.999999999999999638e-06	-1.123533382337344420e-02
9.000000000000000228e-06	-1.116051507264419207e-02
9.999999999999999124e-06	-1.107816618442829075e-02
1.099999999999999971e-05	-1.098852024073379216e-02
1.200000000000000030e-05	-1.089181032356873607e-02
1.299999999999999920e-05	-1.078826951494117094e-02
1.399999999999999979e-05	-1.067813089685914346e-02
1.499999999999999869e-05	-1.056162755133070036e-02
1.599999999999999928e-05	-1.043899256036388661e-02
1.699999999999999987e-05	-1.031045900596675238e-02
1.800000000000000046e-05	-1.017625997014733920e-02
1.899999999999999766e-05	-1.003662853491369897e-02
1.999999999999999825e-05	-9.891797782273871464e-03
2.099999999999999884e-05	-9.742000794235913808e-03
2.199999999999999943e-05	-9.587470652807860566e-03
2.300000000000000002e-05	-9.428440439997760186e-03
2.400000000000000061e-05	-9.265143237813666319e-03
2.499999999999999781e-05	-9.097812128263623940e-03
2.599999999999999840e-05	-8.926680193355674559e-03
2.699999999999999899e-05	-8.751980515097864885e-03
2.799999999999999958e-05	-8.573946175498246836e-03
2.900000000000000017e-05	-8.392810256564861918e-03
2.999999999999999737e-05	-8.208805840305758578e-03
3.100000000000000135e-05	-8.022166008728981793e-03
3.199999999999999855e-05	-7.833123843842581743e-03
3.299999999999999575e-05	-7.641912427654600805e-03
3.399999999999999973e-05	-7.448764842173085689e-03
3.499999999999999693e-05	-7.253914169406088311e-03
3.600000000000000091e-05	-7.057593491361646709e-03
3.699999999999999811e-05	-6.860035890047813667e-03
3.799999999999999532e-05	-6.661474447472634161e-03
3.899999999999999929e-05	-6.462142245644154903e-03
3.999999999999999650e-05	-6.262272366570420003e-03
4.100000000000000047e-05	-6.062097892259477039e-03
4.199999999999999768e-05	-5.861851904719377060e-03
4.299999999999999488e-05	-5.661767485958161573e-03
4.399999999999999886e-05	-5.462077717983872954e-03
4.499999999999999606e-05	-5.263015682804566588e-03
4.600000000000000004e-05	-5.064814462428281379e-03
4.699999999999999724e-05	-4.867707138863072713e-03
4.800000000000000122e-05	-4.671926794116980364e-03
4.899999999999999842e-05	-4.477706510198053644e-03
4.999999999999999562e-05	-4.285239363860894254e-03
5.099999999999999960e-05	-4.094558410846347273e-03
5.199999999999999680e-05	-3.905656701641813631e-03
5.300000000000000078e-05	-3.718527286734694265e-03
5.399999999999999798e-05	-3.533163216612387938e-03
5.499999999999999518e-05	-3.349557541762298619e-03
5.599999999999999916e-05	-3.167703312671825075e-03
5.699999999999999636e-05	-2.987593579828370406e-03
5.800000000000000034e-05	-2.809221393719332945e-03
5.899999999999999754e-05	-2.632579804832116226e-03
5.999999999999999474e-05	-2.457661863654119882e-03
6.099999999999999872e-05	-2.284460620672745714e-03
6.200000000000000270e-05	-2.112969126375390753e-03
6.299999999999999990e-05	-1.943180431249461786e-03
6.399999999999999710e-05	-1.775087585782356928e-03
6.499999999999999431e-05	-1.608683640461477764e-03
6.599999999999999151e-05	-1.443961645774225226e-03
6.700000000000000226e-05	-1.280914652207996995e-03
6.799999999999999946e-05	-1.119535710250200078e-03
6.899999999999999667e-05	-9.598178703882323699e-04
6.999999999999999387e-05	-8.017541831094948061e-04
7.099999999999999107e-05	-6.453376989013876689e-04
7.200000000000000182e-05	-4.905614682513109162e-04
7.299999999999999903e-05	-3.374185416466695471e-04
7.399999999999999623e-05	-1.859019695748631400e-04
7.499999999999999343e-05	-3.600480252328986351e-05
7.599999999999999063e-05	1.122799090206457302e-04
7.700000000000000139e-05	2.589591145695463534e-04
7.799999999999999859e-05	4.040397636360080775e-04
7.899999999999999579e-05	5.475288057326299553e-04
7.999999999999999299e-05	6.894331903720124629e-04
8.099999999999999019e-05	8.297598670667539079e-04
8.200000000000000095e-05	9.685157853294550914e-04
8.299999999999999815e-05	1.105707894672711177e-03
8.399999999999999535e-05	1.241343144609124592e-03
8.499999999999999255e-05	1.375428484651293210e-03
8.599999999999998976e-05	1.507970864311816098e-03
8.700000000000000051e-05	1.638977233103293190e-03
8.799999999999999771e-05	1.768454540538321818e-03
8.899999999999999491e-05	1.896409736129500397e-03
8.999999999999999212e-05	2.022849769389430379e-03
9.099999999999998932e-05	2.147781589830709530e-03
9.200000000000000007e-05	2.271212146965938435e-03
9.299999999999999727e-05	2.393148390307714857e-03
9.399999999999999448e-05	2.513597269368634830e-03
9.499999999999999168e-05	2.632565733661303489e-03
9.600000000000000243e-05	2.750060732698315566e-03
9.699999999999999963e-05	2.866089215992270994e-03
9.799999999999999684e-05	2.980658133055769272e-03
9.899999999999999404e-05	3.093774433401409035e-03
9.999999999999999124e-05	3.205445066541788915e-03
1.010000000000000020e-04	3.315676981989510580e-03
1.019999999999999992e-04	3.424477129257170061e-03
1.029999999999999964e-04	3.531852457857365558e-03
1.039999999999999936e-04	3.637809917302698738e-03
1.049999999999999908e-04	3.742356457105768669e-03
1.060000000000000016e-04	3.845499026779173549e-03
1.069999999999999988e-04	3.947244575835511145e-03
1.079999999999999960e-04	4.047600053787383557e-03
1.089999999999999932e-04	4.146572410147384216e-03
1.099999999999999904e-04	4.244168594428118259e-03
1.110000000000000011e-04	4.340395556142184752e-03
1.119999999999999983e-04	4.435260244802176691e-03
1.129999999999999955e-04	4.528769609920698345e-03
1.139999999999999927e-04	4.620930601010345314e-03
1.149999999999999899e-04	4.711750167583720131e-03
1.160000000000000007e-04	4.801235259153420996e-03
1.169999999999999979e-04	4.889392825232043507e-03
1.179999999999999951e-04	4.976229815332191067e-03
1.189999999999999923e-04	5.061753178966459273e-03
1.199999999999999895e-04	5.145969865647448925e-03
1.210000000000000002e-04	5.228886824887760826e-03
1.219999999999999974e-04	5.310511006199991439e-03
1.229999999999999811e-04	5.390849359096738964e-03
1.240000000000000054e-04	5.469908833090606805e-03
1.250000000000000026e-04	5.547696377694187955e-03
1.259999999999999998e-04	5.624218942420087554e-03
1.269999999999999970e-04	5.699483476780899463e-03
1.279999999999999942e-04	5.773496930289225351e-03
1.289999999999999914e-04	5.846266252457661683e-03
1.299999999999999886e-04	5.917798392798812729e-03
1.309999999999999858e-04	5.988100300825272351e-03
1.319999999999999830e-04	6.057178926049643086e-03
1.330000000000000073e-04	6.125041217984524000e-03
1.340000000000000045e-04	6.191694126142510690e-03
1.350000000000000017e-04	6.257144600036202223e-03
1.359999999999999989e-04	6.321399589178201134e-03
1.369999999999999961e-04	6.384466043081104755e-03
1.379999999999999933e-04	6.446350911257513888e-03
1.389999999999999905e-04	6.507061143220024130e-03
1.399999999999999877e-04	6.566603688481236281e-03
1.409999999999999849e-04	6.624985496553748542e-03
1.419999999999999821e-04	6.682213516950161712e-03
1.430000000000000064e-04	6.738294699183076594e-03
1.440000000000000036e-04	6.793235992765086183e-03
1.450000000000000009e-04	6.847044347208794748e-03
1.459999999999999981e-04	6.899726712026797021e-03
1.469999999999999953e-04	6.951290036731696403e-03
1.479999999999999925e-04	7.001741270836086758e-03
1.489999999999999897e-04	7.051087363852572357e-03
1.499999999999999869e-04	7.099335265293750530e-03
1.509999999999999841e-04	7.146491924672219477e-03
1.519999999999999813e-04	7.192564291500578265e-03
1.530000000000000056e-04	7.237559315291430297e-03
1.540000000000000028e-04	7.281483945557365098e-03
1.550000000000000000e-04	7.324345131810991276e-03
1.559999999999999972e-04	7.366149823564900959e-03
1.569999999999999944e-04	7.406904970331695814e-03
1.579999999999999916e-04	7.446617521623977512e-03
1.589999999999999888e-04	7.485294426954342516e-03
1.599999999999999860e-04	7.522942635835389025e-03
1.609999999999999832e-04	7.559569097779715238e-03
1.619999999999999804e-04	7.595180762299924559e-03
1.630000000000000047e-04	7.629784578908612586e-03
1.640000000000000019e-04	7.663387497118380118e-03
1.649999999999999991e-04	7.695996466441824488e-03
1.659999999999999963e-04	7.727619295070201587e-03
1.669999999999999935e-04	7.758267225909398074e-03
1.679999999999999907e-04	7.787952360543954830e-03
1.689999999999999879e-04	7.816686800558411002e-03
1.699999999999999851e-04	7.844482647537313544e-03
1.709999999999999823e-04	7.871352003065200734e-03
1.719999999999999795e-04	7.897306968726612586e-03
1.730000000000000038e-04	7.922359646106092584e-03
1.740000000000000010e-04	7.946522136788184212e-03
1.749999999999999982e-04	7.969806542357425749e-03
1.759999999999999954e-04	7.992224964398360679e-03
1.769999999999999926e-04	8.013789504495529015e-03
1.779999999999999898e-04	8.034512264233475975e-03
1.789999999999999870e-04	8.054405345196739840e-03
1.799999999999999842e-04	8.073480848969858889e-03
1.809999999999999814e-04	8.091750877137387013e-03
1.819999999999999786e-04	8.109227531283853818e-03
1.830000000000000029e-04	8.125922912993806257e-03
1.840000000000000001e-04	8.141849123851786080e-03
1.849999999999999973e-04	8.157018265442329830e-03
1.859999999999999945e-04	8.171442439349986195e-03
1.869999999999999917e-04	8.185133747159291720e-03
1.879999999999999890e-04	8.198104290454791623e-03
1.889999999999999862e-04	8.210366170821024184e-03
1.899999999999999834e-04	8.221931489842532886e-03
1.909999999999999806e-04	8.232812349103859478e-03
1.920000000000000049e-04	8.243020850189547444e-03
1.930000000000000021e-04	8.252569094684135062e-03
1.939999999999999993e-04	8.261469184172162347e-03
1.949999999999999965e-04	8.269733220238177987e-03
1.959999999999999937e-04	8.277373304466715057e-03
1.969999999999999909e-04	8.284401538442323978e-03
1.979999999999999881e-04	8.290830023749539562e-03
1.989999999999999853e-04	8.296670861972908761e-03
1.999999999999999825e-04	8.301936154696964651e-03
2.009999999999999797e-04	8.306638003506257653e-03
2.020000000000000040e-04	8.310788509985327782e-03
2.030000000000000012e-04	8.314399775718713317e-03
2.039999999999999984e-04	8.317483902290957742e-03
2.049999999999999956e-04	8.320052991286604541e-03
2.059999999999999928e-04	8.322119144290190257e-03
2.069999999999999900e-04	8.323694462886261844e-03
2.079999999999999872e-04	8.324791048659359316e-03
2.089999999999999844e-04	8.325421003194020952e-03
2.099999999999999816e-04	8.325596428074793706e-03
2.109999999999999788e-04	8.325329424886217591e-03
2.120000000000000031e-04	8.324632095212830887e-03
2.130000000000000003e-04	8.323516540639180547e-03
2.139999999999999975e-04	8.321994862749806585e-03
2.149999999999999947e-04	8.320079163129243810e-03
2.159999999999999919e-04	8.317781543362042646e-03
2.169999999999999891e-04	8.315114105032744840e-03
2.179999999999999863e-04	8.312088949725885204e-03
2.189999999999999835e-04	8.308718179026010689e-03
2.199999999999999807e-04	8.305013894517659576e-03
2.209999999999999779e-04	8.300988197785375347e-03
2.220000000000000022e-04	8.296653190413699752e-03
2.229999999999999994e-04	8.292020973987174540e-03
2.239999999999999966e-04	8.287101802232653414e-03
2.249999999999999938e-04	8.281898537446243103e-03
2.259999999999999910e-04	8.276412194066360556e-03
2.269999999999999882e-04	8.270643786531424457e-03
2.279999999999999854e-04	8.264594329279848287e-03
2.289999999999999826e-04	8.258264836750061136e-03
2.299999999999999799e-04	8.251656323380466077e-03
2.309999999999999771e-04	8.244769803609495670e-03
2.320000000000000014e-04	8.237606291875559927e-03
2.329999999999999986e-04	8.230166802617081001e-03
2.339999999999999958e-04	8.222452350272474106e-03
2.349999999999999930e-04	8.214463949280156191e-03
2.359999999999999902e-04	8.206202614078551144e-03
2.369999999999999874e-04	8.197669359106068976e-03
2.379999999999999846e-04	8.188865198801137044e-03
2.389999999999999818e-04	8.179791147602165358e-03
2.399999999999999790e-04	8.170448219947574336e-03
2.409999999999999762e-04	8.160837430275784399e-03
2.420000000000000005e-04	8.150959793025214228e-03
2.429999999999999977e-04	8.140816322634279040e-03
2.439999999999999949e-04	8.130408033541399251e-03
2.449999999999999921e-04	8.119735940184988343e-03
2.459999999999999622e-04	8.108801057003470203e-03
2.469999999999999865e-04	8.097604398435258310e-03
2.480000000000000108e-04	8.086146978918776554e-03
2.489999999999999809e-04	8.074429812892440148e-03
2.500000000000000052e-04	8.062453914794662571e-03
2.509999999999999753e-04	8.050220299063865978e-03
2.519999999999999996e-04	8.037729980138470787e-03
2.529999999999999697e-04	8.024983972456892212e-03
2.539999999999999940e-04	8.011983290457550672e-03
2.549999999999999641e-04	7.998728948578861381e-03
2.559999999999999884e-04	7.985221961259244758e-03
2.570000000000000127e-04	7.971463342937117752e-03
2.579999999999999828e-04	7.957454108050899047e-03
2.590000000000000071e-04	7.943195271039002123e-03
2.599999999999999772e-04	7.928687846339856071e-03
2.610000000000000015e-04	7.913932848391869168e-03
2.619999999999999716e-04	7.898931291633461832e-03
2.629999999999999959e-04	7.883684190503052747e-03
2.639999999999999660e-04	7.868192559439062331e-03
2.649999999999999903e-04	7.852457412879905799e-03
2.660000000000000146e-04	7.836479765264001834e-03
2.669999999999999847e-04	7.820260631029770856e-03
2.680000000000000090e-04	7.803801024615626344e-03
2.689999999999999791e-04	7.787101960459991319e-03
2.700000000000000035e-04	7.770164453001282730e-03
2.709999999999999735e-04	7.752989516677915791e-03
2.719999999999999979e-04	7.735578165928310920e-03
2.729999999999999680e-04	7.717931415190885068e-03
2.739999999999999923e-04	7.700050278904057785e-03
2.749999999999999624e-04	7.681935771506246888e-03
2.759999999999999867e-04	7.663588907435871060e-03
2.770000000000000110e-04	7.645010701131347251e-03
2.779999999999999811e-04	7.626202167031091543e-03
2.790000000000000054e-04	7.607164319573526956e-03
2.799999999999999755e-04	7.587898173197070439e-03
2.809999999999999998e-04	7.568404980106966003e-03
2.819999999999999699e-04	7.548686943575784111e-03
2.829999999999999942e-04	7.528746504642911883e-03
2.839999999999999643e-04	7.508586104347749444e-03
2.849999999999999886e-04	7.488208183729691721e-03
2.860000000000000129e-04	7.467615183828131900e-03
2.869999999999999830e-04	7.446809545682466641e-03
2.880000000000000073e-04	7.425793710332083061e-03
2.889999999999999774e-04	7.404570118816389962e-03
2.900000000000000017e-04	7.383141212174768389e-03
2.909999999999999718e-04	7.361509431446621940e-03
2.919999999999999961e-04	7.339677217671337732e-03
2.929999999999999662e-04	7.317647011888316760e-03
2.939999999999999905e-04	7.295421255136952214e-03
2.949999999999999606e-04	7.273002388456636415e-03
2.959999999999999849e-04	7.250392852886765153e-03
2.970000000000000092e-04	7.227595089466732486e-03
2.979999999999999793e-04	7.204611539235938542e-03
2.990000000000000036e-04	7.181444643233769569e-03
2.999999999999999737e-04	7.158096842499625696e-03
3.009999999999999980e-04	7.134570578072895776e-03
3.019999999999999681e-04	7.110868290992984272e-03
3.029999999999999924e-04	7.086992422299278303e-03
3.039999999999999625e-04	7.062945413031176262e-03
3.049999999999999868e-04	7.038729704228067867e-03
3.060000000000000111e-04	7.014347736929354114e-03
3.069999999999999812e-04	6.989801952174425591e-03
3.080000000000000055e-04	6.965094791002677220e-03
3.089999999999999756e-04	6.940228694453506528e-03
3.099999999999999999e-04	6.915206103566302366e-03
3.109999999999999700e-04	6.890029459380465730e-03
3.119999999999999944e-04	6.864701202935388942e-03
3.129999999999999644e-04	6.839223775270466925e-03
3.139999999999999888e-04	6.813599617425092000e-03
3.149999999999999589e-04	6.787831170438661695e-03
3.159999999999999832e-04	6.761920875350569196e-03
3.170000000000000075e-04	6.735871173200208561e-03
3.179999999999999776e-04	6.709684505026976449e-03
3.190000000000000019e-04	6.683363311870266048e-03
3.199999999999999720e-04	6.656910034769473149e-03
3.209999999999999963e-04	6.630327114763991808e-03
3.219999999999999664e-04	6.603616992893218685e-03
3.229999999999999907e-04	6.576782110196544365e-03
3.239999999999999608e-04	6.549824907713366375e-03
3.249999999999999851e-04	6.522747826483078770e-03
3.260000000000000094e-04	6.495553307545073006e-03
3.269999999999999795e-04	6.468243791938751812e-03
3.280000000000000038e-04	6.440821720703501438e-03
3.289999999999999739e-04	6.413289534878722012e-03
3.299999999999999982e-04	6.385649675503804988e-03
3.309999999999999683e-04	6.357904583618147892e-03
3.319999999999999926e-04	6.330056700261142179e-03
3.329999999999999627e-04	6.302108466472185373e-03
3.339999999999999870e-04	6.274062323290668930e-03
3.350000000000000113e-04	6.245920711755989507e-03
3.359999999999999814e-04	6.217686072907542896e-03
3.370000000000000057e-04	6.189360847784721419e-03
3.379999999999999758e-04	6.160947477426923467e-03
3.390000000000000001e-04	6.132448402873537895e-03
3.399999999999999702e-04	6.103866065163964828e-03
3.409999999999999945e-04	6.075202905337596590e-03
3.419999999999999646e-04	6.046461364433826369e-03
3.429999999999999889e-04	6.017643883492050823e-03
3.439999999999999590e-04	5.988752903551667478e-03
3.449999999999999833e-04	5.959790865652065187e-03
3.460000000000000076e-04	5.930760210832638005e-03
3.469999999999999777e-04	5.901663380132788662e-03
3.480000000000000020e-04	5.872502814591906879e-03
3.489999999999999721e-04	5.843280955249386711e-03
3.499999999999999964e-04	5.814000243144620481e-03
3.509999999999999665e-04	5.784663119317008315e-03
3.519999999999999908e-04	5.755272024805941668e-03
3.529999999999999609e-04	5.725829400650816331e-03
3.539999999999999853e-04	5.696337687891028095e-03
3.550000000000000096e-04	5.666799327565967548e-03
3.559999999999999797e-04	5.637216760715034816e-03
3.570000000000000040e-04	5.607592428377617885e-03
3.579999999999999741e-04	5.577928771593119485e-03
3.589999999999999984e-04	5.548228231400928467e-03
3.599999999999999685e-04	5.518493248840440624e-03
3.609999999999999928e-04	5.488726264951051745e-03
3.619999999999999629e-04	5.458929720772154152e-03
3.629999999999999872e-04	5.429106057343146240e-03
3.639999999999999573e-04	5.399257715703421195e-03
3.649999999999999816e-04	5.369387136892370474e-03
3.660000000000000059e-04	5.339496761949393336e-03
3.669999999999999760e-04	5.309589031913882970e-03
3.680000000000000003e-04	5.279666387825231698e-03
3.689999999999999704e-04	5.249731270722838780e-03
3.699999999999999947e-04	5.219786121646093069e-03
3.709999999999999648e-04	5.189833381634395559e-03
3.719999999999999891e-04	5.159875491727135104e-03
3.729999999999999592e-04	5.129914892963710095e-03
3.739999999999999835e-04	5.099954026383513722e-03
3.750000000000000078e-04	5.069995333025940042e-03
3.759999999999999779e-04	5.040041253930387447e-03
3.770000000000000022e-04	5.010094230136245656e-03
3.779999999999999723e-04	4.980156702682912197e-03
3.789999999999999966e-04	4.950231112609780257e-03
3.799999999999999667e-04	4.920319900956247362e-03
3.809999999999999910e-04	4.890425508761704100e-03
3.819999999999999611e-04	4.860550377065548863e-03
3.829999999999999854e-04	4.830696946907173973e-03
3.840000000000000097e-04	4.800867659325974354e-03
3.849999999999999798e-04	4.771064955361344929e-03
3.860000000000000041e-04	4.741291276052680623e-03
3.869999999999999742e-04	4.711549062439376358e-03
3.879999999999999985e-04	4.681840755560826191e-03
3.889999999999999686e-04	4.652168796456427648e-03
3.899999999999999929e-04	4.622535626165568713e-03
3.909999999999999630e-04	4.592943685727651250e-03
3.919999999999999873e-04	4.563395416182064977e-03
3.929999999999999574e-04	4.533893258568207421e-03
3.939999999999999817e-04	4.504439653925471770e-03
3.950000000000000061e-04	4.475037043293252081e-03
3.959999999999999762e-04	4.445687867710945880e-03
3.970000000000000005e-04	4.416394568217944620e-03
3.979999999999999706e-04	4.387159585853644961e-03
3.989999999999999949e-04	4.357985361657441825e-03
3.999999999999999650e-04	4.328874336668728402e-03
4.009999999999999893e-04	4.299828951926899616e-03
4.019999999999999594e-04	4.270851648471352124e-03
4.029999999999999837e-04	4.241944867341476515e-03
4.040000000000000080e-04	4.213111049576670313e-03
4.049999999999999781e-04	4.184352636216331044e-03
4.060000000000000024e-04	4.155672068299844958e-03
4.069999999999999725e-04	4.127071786866616521e-03
4.079999999999999968e-04	4.098554232956033716e-03
4.089999999999999669e-04	4.070121847607494937e-03
4.099999999999999912e-04	4.041777071860391639e-03
4.109999999999999613e-04	4.013522346754121346e-03
4.119999999999999856e-04	3.985360113328076381e-03
4.129999999999999557e-04	3.957292812621652535e-03
4.139999999999999800e-04	3.929322885674245598e-03
4.150000000000000043e-04	3.901452773525245724e-03
4.159999999999999744e-04	3.873684917214053908e-03
4.169999999999999987e-04	3.846021757780061171e-03
4.179999999999999688e-04	3.818465736262662870e-03
4.189999999999999931e-04	3.791019293701252627e-03
4.199999999999999632e-04	3.763684871135228403e-03
4.209999999999999875e-04	3.736464909603980783e-03
4.219999999999999576e-04	3.709361850146907728e-03
4.229999999999999819e-04	3.682378133803400691e-03
4.240000000000000062e-04	3.655516201612856331e-03
4.249999999999999763e-04	3.628778494614670006e-03
4.260000000000000006e-04	3.602167453848234904e-03
4.269999999999999707e-04	3.575685520352946817e-03
4.279999999999999950e-04	3.549335135168199366e-03
4.289999999999999651e-04	3.523118739333387477e-03
4.299999999999999894e-04	3.497038773887906071e-03
4.309999999999999595e-04	3.471097679871150508e-03
4.319999999999999838e-04	3.445297898322513541e-03
4.329999999999999539e-04	3.419641870281393131e-03
4.339999999999999782e-04	3.394132036787178563e-03
4.350000000000000026e-04	3.368770838879268231e-03
4.359999999999999726e-04	3.343560717597059227e-03
4.369999999999999970e-04	3.318504113979940835e-03
4.379999999999999671e-04	3.293603469067311017e-03
4.389999999999999914e-04	3.268861223898562526e-03
4.399999999999999615e-04	3.244279819513093324e-03
4.409999999999999858e-04	3.219861696950293995e-03
4.419999999999999559e-04	3.195609297249563368e-03
4.429999999999999802e-04	3.171525061450291595e-03
4.440000000000000045e-04	3.147611430591875335e-03
4.449999999999999746e-04	3.123870845713711680e-03
4.459999999999999989e-04	3.100305747855191217e-03
4.469999999999999690e-04	3.076918578055711471e-03
4.479999999999999933e-04	3.053711777354666500e-03
4.489999999999999634e-04	3.030687786791449925e-03
4.499999999999999877e-04	3.007849047405457103e-03
4.509999999999999578e-04	2.985198000236084261e-03
4.519999999999999821e-04	2.962737086322721983e-03
4.530000000000000064e-04	2.940468746704768665e-03
4.539999999999999765e-04	2.918395422421618361e-03
4.550000000000000008e-04	2.896519554512663828e-03
4.559999999999999709e-04	2.874843584017303458e-03
4.569999999999999952e-04	2.853369951974927838e-03
4.579999999999999653e-04	2.832101099424933627e-03
4.589999999999999896e-04	2.811039467406714447e-03
4.599999999999999597e-04	2.790187496959667390e-03
4.609999999999999840e-04	2.769547629123183911e-03
4.619999999999999541e-04	2.749122304936661536e-03
4.629999999999999784e-04	2.728913965439492585e-03
4.640000000000000027e-04	2.708925051671071983e-03
4.649999999999999728e-04	2.689158004670797689e-03
4.659999999999999971e-04	2.669615265478059857e-03
4.669999999999999672e-04	2.650299275132256445e-03
4.679999999999999915e-04	2.631212474672779775e-03
4.689999999999999616e-04	2.612357305139026073e-03
4.699999999999999859e-04	2.593736207570389394e-03
4.709999999999999560e-04	2.575351623006265096e-03
4.719999999999999803e-04	2.557205992486046801e-03
4.730000000000000046e-04	2.539301757049128132e-03
4.739999999999999747e-04	2.521641357734908349e-03
4.749999999999999990e-04	2.504227235582776739e-03
4.759999999999999691e-04	2.487061831632131695e-03
4.769999999999999934e-04	2.470147586922365537e-03
4.779999999999999635e-04	2.453486942492874492e-03
4.789999999999999879e-04	2.437082339383051313e-03
4.799999999999999580e-04	2.420936218632294395e-03
4.809999999999999823e-04	2.405051021279994324e-03
4.819999999999999524e-04	2.389429188365547758e-03
4.829999999999999767e-04	2.374073160928347886e-03
4.840000000000000010e-04	2.358985380007791802e-03
4.849999999999999711e-04	2.344168286643273126e-03
4.859999999999999954e-04	2.329624321874185049e-03
4.869999999999999655e-04	2.315355926739925095e-03
4.879999999999999898e-04	2.301365542279884720e-03
4.889999999999999599e-04	2.287655609533461015e-03
4.899999999999999842e-04	2.274228569540047602e-03
4.910000000000000085e-04	2.261086863339038973e-03
4.919999999999999244e-04	2.248232931969831785e-03
4.929999999999999487e-04	2.235669216471817492e-03
4.939999999999999730e-04	2.223398157884392753e-03
4.949999999999999973e-04	2.211422197246952059e-03
4.960000000000000216e-04	2.199743775598889464e-03
4.969999999999999375e-04	2.188365333979600761e-03
4.979999999999999618e-04	2.177289313428479572e-03
4.989999999999999861e-04	2.166518154984920820e-03
5.000000000000000104e-04	2.156054299688318562e-03
5.009999999999999263e-04	2.145900188578069891e-03
5.019999999999999506e-04	2.136058262693567127e-03
5.029999999999999749e-04	2.126530963074204326e-03
5.039999999999999992e-04	2.117320730759378149e-03
5.050000000000000235e-04	2.108430006788482650e-03
5.059999999999999394e-04	2.099861232200912753e-03
5.069999999999999637e-04	2.091616848036062081e-03
5.079999999999999880e-04	2.083699295333326859e-03
5.090000000000000123e-04	2.076111015132099408e-03
5.099999999999999282e-04	2.068854448471776387e-03
5.109999999999999525e-04	2.061932036391752286e-03
5.119999999999999768e-04	2.055345004749551101e-03
5.130000000000000011e-04	2.049089718675220495e-03
5.140000000000000254e-04	2.043161328116937635e-03
5.149999999999999413e-04	2.037554983022879691e-03
5.159999999999999656e-04	2.032265833341222530e-03
5.169999999999999899e-04	2.027289029020144621e-03
5.180000000000000143e-04	2.022619720007821833e-03
5.189999999999999301e-04	2.018253056252433501e-03
5.199999999999999544e-04	2.014184187702153760e-03
5.209999999999999788e-04	2.010408264305161077e-03
5.220000000000000031e-04	2.006920436009633490e-03
5.230000000000000274e-04	2.003715852763746866e-03
5.239999999999999433e-04	2.000789664515678808e-03
5.249999999999999676e-04	1.998137021213605615e-03
5.259999999999999919e-04	1.995753072805706192e-03
5.270000000000000162e-04	1.993632969240155539e-03
5.279999999999999321e-04	1.991771860465132993e-03
5.289999999999999564e-04	1.990164896428813120e-03
5.299999999999999807e-04	1.988807227079375690e-03
5.310000000000000050e-04	1.987694002364995705e-03
5.320000000000000293e-04	1.986820372233850766e-03
5.329999999999999452e-04	1.986181486634117609e-03
5.339999999999999695e-04	1.985772495513975569e-03
5.349999999999999938e-04	1.985588548821598780e-03
5.360000000000000181e-04	1.985624796505166146e-03
5.369999999999999340e-04	1.985876388512854401e-03
5.379999999999999583e-04	1.986338474792840713e-03
5.389999999999999826e-04	1.987006205293302252e-03
5.400000000000000069e-04	1.987874729962415751e-03
5.409999999999999228e-04	1.988939198748357513e-03
5.419999999999999471e-04	1.990194761599306441e-03
5.429999999999999714e-04	1.991636568463438835e-03
5.439999999999999957e-04	1.993259769288932299e-03
5.450000000000000200e-04	1.995059514023962699e-03
5.459999999999999359e-04	1.997030952616707204e-03
5.469999999999999602e-04	1.999169235015344718e-03
5.479999999999999845e-04	2.001469511168051107e-03
5.490000000000000088e-04	2.003926931023002674e-03
5.499999999999999247e-04	2.006536644528377454e-03
5.509999999999999490e-04	2.009293801632353483e-03
5.519999999999999733e-04	2.012193552283106195e-03
5.529999999999999976e-04	2.015231046428814059e-03
5.540000000000000219e-04	2.018401434017652509e-03
5.549999999999999378e-04	2.021699864997800449e-03
5.559999999999999621e-04	2.025121489317433746e-03
5.569999999999999864e-04	2.028661456924730003e-03
5.580000000000000107e-04	2.032314917767866387e-03
5.589999999999999266e-04	2.036077021795019201e-03
5.599999999999999509e-04	2.039942918954366913e-03
5.609999999999999752e-04	2.043907759194085825e-03
5.619999999999999996e-04	2.047966692462353105e-03
5.630000000000000239e-04	2.052114868707345923e-03
5.639999999999999397e-04	2.056347437877241446e-03
5.649999999999999641e-04	2.060659549920216844e-03
5.659999999999999884e-04	2.065046354784448417e-03
5.670000000000000127e-04	2.069503002418114634e-03
5.679999999999999286e-04	2.074024642769391365e-03
5.689999999999999529e-04	2.078606425786456210e-03
5.699999999999999772e-04	2.083243501417486772e-03
5.710000000000000015e-04	2.087931019610659786e-03
5.720000000000000258e-04	2.092664130314151986e-03
5.729999999999999417e-04	2.097437983476139675e-03
5.739999999999999660e-04	2.102247729044802622e-03
5.749999999999999903e-04	2.107088516968315828e-03
5.760000000000000146e-04	2.111955497194856896e-03
5.769999999999999305e-04	2.116843819672602992e-03
5.779999999999999548e-04	2.121748634349730853e-03
5.789999999999999791e-04	2.126665091174417647e-03
5.800000000000000034e-04	2.131588340094841411e-03
5.810000000000000277e-04	2.136513531059178444e-03
5.819999999999999436e-04	2.141435814015605048e-03
5.829999999999999679e-04	2.146350338912300128e-03
5.839999999999999922e-04	2.151252255697440417e-03
5.850000000000000165e-04	2.156136714319201782e-03
5.859999999999999324e-04	2.160998864725761394e-03
5.869999999999999567e-04	2.165833856865298154e-03
5.879999999999999810e-04	2.170636840685987497e-03
5.890000000000000053e-04	2.175402966136007459e-03
5.899999999999999212e-04	2.180127383163533907e-03
5.909999999999999455e-04	2.184805241716745745e-03
5.919999999999999698e-04	2.189431691743818405e-03
5.929999999999999941e-04	2.194001883192929925e-03
5.940000000000000184e-04	2.198510966012257907e-03
5.949999999999999343e-04	2.202954090149977784e-03
5.959999999999999586e-04	2.207326405554268026e-03
5.969999999999999829e-04	2.211623062173305367e-03
5.980000000000000072e-04	2.215839209955267411e-03
5.989999999999999231e-04	2.219969998848329591e-03
5.999999999999999474e-04	2.224010578800670376e-03
6.009999999999999717e-04	2.227956099760467368e-03
6.019999999999999961e-04	2.231801711675895569e-03
6.030000000000000204e-04	2.235542564495134315e-03
6.039999999999999362e-04	2.239173808166359907e-03
6.049999999999999606e-04	2.242690592637749513e-03
6.059999999999999849e-04	2.246088067857480303e-03
6.070000000000000092e-04	2.249361383773728143e-03
6.079999999999999251e-04	2.252505690334671937e-03
6.089999999999999494e-04	2.255516137488487553e-03
6.099999999999999737e-04	2.258387875183353027e-03
6.109999999999999980e-04	2.261116053367445526e-03
6.120000000000000223e-04	2.263695821988940919e-03
6.129999999999999382e-04	2.266122330996016808e-03
6.139999999999999625e-04	2.268390730336850361e-03
6.149999999999999868e-04	2.270496169959620048e-03
6.160000000000000111e-04	2.272433799812501737e-03
6.169999999999999270e-04	2.274198769843670861e-03
6.179999999999999513e-04	2.275786230001306757e-03
6.189999999999999756e-04	2.277191330233587462e-03
6.199999999999999999e-04	2.278409220488687541e-03
6.210000000000000242e-04	2.279435050714785464e-03
6.219999999999999401e-04	2.280263970860057967e-03
6.229999999999999644e-04	2.280891130872681784e-03
6.239999999999999887e-04	2.281311680700834517e-03
6.250000000000000130e-04	2.281520770292693769e-03
6.259999999999999289e-04	2.281513549596435406e-03
6.269999999999999532e-04	2.281285168560237466e-03
6.279999999999999775e-04	2.280830777132277117e-03
6.290000000000000018e-04	2.280145525260730659e-03
6.299999999999999177e-04	2.279224562893776562e-03
6.309999999999999420e-04	2.278063039979591128e-03
6.319999999999999663e-04	2.276656106466350225e-03
6.329999999999999906e-04	2.274998912302232754e-03
6.340000000000000149e-04	2.273086607435415019e-03
6.349999999999999308e-04	2.270914341814074186e-03
6.359999999999999551e-04	2.268477265386387859e-03
6.369999999999999794e-04	2.265770528100531905e-03
6.380000000000000037e-04	2.262789279904684793e-03
6.389999999999999196e-04	2.259528670747023692e-03
6.399999999999999439e-04	2.255983850575724904e-03
6.409999999999999682e-04	2.252149969338965597e-03
6.419999999999999925e-04	2.248022176984922505e-03
6.430000000000000169e-04	2.243595623461773665e-03
6.439999999999999327e-04	2.238865458717695378e-03
6.449999999999999570e-04	2.233826832700866547e-03
6.459999999999999814e-04	2.228474895359460438e-03
6.470000000000000057e-04	2.222804796641658989e-03
6.479999999999999215e-04	2.216811686495636334e-03
6.489999999999999459e-04	2.210490714869569207e-03
6.499999999999999702e-04	2.203837031711636078e-03
6.509999999999999945e-04	2.196845786970013682e-03
6.520000000000000188e-04	2.189512130592879188e-03
6.529999999999999347e-04	2.181831212528410197e-03
6.539999999999999590e-04	2.173798182724782143e-03
6.549999999999999833e-04	2.165408191130172629e-03
6.560000000000000076e-04	2.156656387692760125e-03
6.569999999999999235e-04	2.147537922360721798e-03
6.579999999999999478e-04	2.138047945082233083e-03
6.589999999999999721e-04	2.128181605805471582e-03
6.599999999999999964e-04	2.117934054478614898e-03
6.610000000000000207e-04	2.107300441049839764e-03
6.619999999999999366e-04	2.096275915467324218e-03
6.629999999999999609e-04	2.084855627679244559e-03
6.639999999999999852e-04	2.073034727633776223e-03
6.650000000000000095e-04	2.060808365279099413e-03
6.659999999999999254e-04	2.048171690563390431e-03
6.669999999999999497e-04	2.035119853434824710e-03
6.679999999999999740e-04	2.021648003841580287e-03
6.689999999999999983e-04	2.007751291731834330e-03
6.700000000000000226e-04	1.993424867053764874e-03
6.709999999999999385e-04	1.978663879755548655e-03
6.719999999999999628e-04	1.963463479785361107e-03
6.729999999999999871e-04	1.947818817091380265e-03
6.740000000000000114e-04	1.931725041621783732e-03
6.749999999999999273e-04	1.915177303324749978e-03
6.759999999999999516e-04	1.898170752148453135e-03
6.769999999999999759e-04	1.880700538041071455e-03
6.780000000000000002e-04	1.862761810950782108e-03
6.789999999999999161e-04	1.844349720825764431e-03
6.799999999999999404e-04	1.825459417614191254e-03
6.809999999999999647e-04	1.806086051264242350e-03
6.819999999999999890e-04	1.786224771724094235e-03
6.830000000000000134e-04	1.765870728941923646e-03
6.839999999999999292e-04	1.745019072865910351e-03
6.849999999999999535e-04	1.723664953444227401e-03
6.859999999999999779e-04	1.701803520625053915e-03
6.870000000000000022e-04	1.679429924356566194e-03
6.879999999999999180e-04	1.656539314586944877e-03
6.889999999999999424e-04	1.633126841264361494e-03
6.899999999999999667e-04	1.609187654336996249e-03
6.909999999999999910e-04	1.584716903753025877e-03
6.920000000000000153e-04	1.559709739460626464e-03
6.929999999999999312e-04	1.534161311407979513e-03
6.939999999999999555e-04	1.508066769543256339e-03
6.949999999999999798e-04	1.481421263814635628e-03
6.960000000000000041e-04	1.454219944170295634e-03
6.969999999999999200e-04	1.426457960558416343e-03
6.979999999999999443e-04	1.398130462927168203e-03
6.989999999999999686e-04	1.369232601224732067e-03
6.999999999999999929e-04	1.339759525399284237e-03
7.010000000000000172e-04	1.309706385399002750e-03
7.019999999999999331e-04	1.279068331172067592e-03
7.029999999999999574e-04	1.247840512666648777e-03
7.039999999999999817e-04	1.216018079830927376e-03
7.050000000000000060e-04	1.183596182613079906e-03
7.059999999999999219e-04	1.150569970961287224e-03
7.069999999999999462e-04	1.116934594823720209e-03
7.079999999999999705e-04	1.082685204148558199e-03
7.089999999999999948e-04	1.047816948883979445e-03
7.100000000000000191e-04	1.012324978978160032e-03
7.109999999999999350e-04	9.762044443792813582e-04
7.119999999999999593e-04	9.394504950355130014e-04
7.129999999999999836e-04	9.020582808950360337e-04
7.140000000000000079e-04	8.640229519060269731e-04
7.149999999999999238e-04	8.253396580166674334e-04
7.159999999999999481e-04	7.860035491751261264e-04
7.169999999999999724e-04	7.460097753295845575e-04
7.179999999999999967e-04	7.053534864282190280e-04
7.190000000000000210e-04	6.640298324192074652e-04
7.199999999999999369e-04	6.220339632507316998e-04
7.209999999999999612e-04	5.793610288709590342e-04
7.219999999999999855e-04	5.360061792280715158e-04
7.230000000000000098e-04	4.919645642702460964e-04
7.239999999999999257e-04	4.472313339456645523e-04
7.249999999999999500e-04	4.018016382024947823e-04
7.259999999999999743e-04	3.556706269889184000e-04
7.269999999999999987e-04	3.088334502531126283e-04
7.279999999999999145e-04	2.612852579432597315e-04
7.289999999999999388e-04	2.130212000075263072e-04
7.299999999999999632e-04	1.640364263940949992e-04
7.309999999999999875e-04	1.143260870511423255e-04
7.320000000000000118e-04	6.388533192684594251e-05
7.329999999999999277e-04	1.270931096938833146e-05
7.339999999999999520e-04	-3.920682587306461480e-05
7.349999999999999763e-04	-9.186792865233019828e-05
7.360000000000000006e-04	-1.452788474202311962e-04
7.369999999999999165e-04	-1.994444322285847480e-04
7.379999999999999408e-04	-2.543695331292255028e-04
7.389999999999999651e-04	-3.100590001739702206e-04
7.399999999999999894e-04	-3.665176834146423291e-04
7.410000000000000137e-04	-4.237504329030643345e-04
7.419999999999999296e-04	-4.817620986910527798e-04
