-2.279999999999999854e-04	2.091491660827751904e-03
-2.269999999999999882e-04	1.934090626213009470e-03
-2.259999999999999910e-04	1.781881469436932602e-03
-2.249999999999999938e-04	1.634793314630079422e-03
-2.239999999999999966e-04	1.492755285923006965e-03
-2.229999999999999994e-04	1.355696507446272920e-03
-2.220000000000000022e-04	1.223546103330434322e-03
-2.209999999999999779e-04	1.096233197706045822e-03
-2.199999999999999807e-04	9.736869147036719381e-04
-2.189999999999999835e-04	8.558363784538667793e-04
-2.179999999999999863e-04	7.426107130871873819e-04
-2.169999999999999891e-04	6.339390427341918665e-04
-2.159999999999999919e-04	5.297504915254374865e-04
-2.149999999999999947e-04	4.299741835914816035e-04
-2.139999999999999975e-04	3.345392430628826093e-04
-2.130000000000000003e-04	2.433747940701966729e-04
-2.120000000000000031e-04	1.564099607439823757e-04
-2.109999999999999788e-04	7.357386721479491107e-05
-2.099999999999999816e-04	-5.204362386803568533e-06
-2.089999999999999844e-04	-7.999560393025790367e-05
-2.079999999999999872e-04	-1.508707332850115932e-04
-2.069999999999999900e-04	-2.179006263205049377e-04
-2.059999999999999928e-04	-2.811561589061821204e-04
-2.049999999999999956e-04	-3.407082069114850749e-04
-2.039999999999999984e-04	-3.966276462058564395e-04
-2.030000000000000012e-04	-4.489853526587382561e-04
-2.020000000000000040e-04	-4.978522021395733257e-04
-2.009999999999999797e-04	-5.432990705178050456e-04
-1.999999999999999825e-04	-5.853968336628728557e-04
-1.989999999999999853e-04	-6.242163674442221047e-04
-1.979999999999999881e-04	-6.598285477312940215e-04
-1.969999999999999909e-04	-6.923042503935304855e-04
-1.959999999999999937e-04	-7.217143513003753275e-04
-1.949999999999999965e-04	-7.481297263212706439e-04
-1.939999999999999993e-04	-7.716212513256585307e-04
-1.930000000000000021e-04	-7.922598021829816263e-04
-1.920000000000000049e-04	-8.101162547626822438e-04
-1.909999999999999806e-04	-8.252614849342029130e-04
-1.899999999999999834e-04	-8.377663685669859469e-04
-1.889999999999999862e-04	-8.477017815304745260e-04
-1.879999999999999890e-04	-8.551385996941091201e-04
-1.869999999999999917e-04	-8.601476989273348613e-04
-1.859999999999999945e-04	-8.627999550995918941e-04
-1.849999999999999973e-04	-8.631662440803243748e-04
-1.840000000000000001e-04	-8.613174417389738574e-04
-1.830000000000000029e-04	-8.573244239449822213e-04
-1.819999999999999786e-04	-8.512580665677926470e-04
-1.809999999999999814e-04	-8.431892454768487484e-04
-1.799999999999999842e-04	-8.331888365415914292e-04
-1.789999999999999870e-04	-8.213277156314630024e-04
-1.779999999999999898e-04	-8.076767586159075158e-04
-1.769999999999999926e-04	-7.923068413643652224e-04
-1.759999999999999954e-04	-7.752888397462803869e-04
-1.749999999999999982e-04	-7.566936296310940212e-04
-1.740000000000000010e-04	-7.365920868882500647e-04
-1.730000000000000038e-04	-7.150550873871897462e-04
-1.719999999999999795e-04	-6.921535069973560293e-04
-1.709999999999999823e-04	-6.679582215881915523e-04
-1.699999999999999851e-04	-6.425401070291381946e-04
-1.689999999999999879e-04	-6.159700391896395701e-04
-1.679999999999999907e-04	-5.883188939391364742e-04
-1.669999999999999935e-04	-5.596575471470728461e-04
-1.659999999999999963e-04	-5.300568746828903484e-04
-1.649999999999999991e-04	-4.995877524160306435e-04
-1.640000000000000019e-04	-4.683210562159383214e-04
-1.630000000000000047e-04	-4.363276619520539061e-04
-1.619999999999999804e-04	-4.036784454938196565e-04
-1.609999999999999832e-04	-3.704442827106804335e-04
-1.599999999999999860e-04	-3.366960494720768696e-04
-1.589999999999999888e-04	-3.025046216474520369e-04
-1.579999999999999916e-04	-2.679408751062461883e-04
-1.569999999999999944e-04	-2.330756857179056485e-04
-1.559999999999999972e-04	-1.979799293518708873e-04
-1.550000000000000000e-04	-1.627244818775836757e-04
-1.540000000000000028e-04	-1.273802191644863267e-04
-1.530000000000000056e-04	-9.201801708202310501e-05
-1.519999999999999813e-04	-5.670875149963448044e-05
-1.509999999999999841e-04	-2.152329828676417551e-05
-1.499999999999999869e-04	1.346746668714517148e-05
-1.489999999999999897e-04	4.819266755265135590e-05
-1.479999999999999925e-04	8.258142844031271523e-05
-1.469999999999999953e-04	1.165628734806860691e-04
-1.459999999999999981e-04	1.500661268043287791e-04
-1.450000000000000009e-04	1.830203125417998334e-04
-1.440000000000000036e-04	2.153545548236549673e-04
-1.430000000000000064e-04	2.469979777804526266e-04
-1.419999999999999821e-04	2.778797055427515827e-04
-1.409999999999999849e-04	3.079288622411071371e-04
-1.399999999999999877e-04	3.370745720060769769e-04
-1.389999999999999905e-04	3.652459589682196563e-04
-1.379999999999999933e-04	3.923721472580928623e-04
-1.369999999999999961e-04	4.183822610062536314e-04
-1.359999999999999989e-04	4.432054243432598673e-04
-1.350000000000000017e-04	4.667707613996686065e-04
-1.340000000000000045e-04	4.890073963060373192e-04
-1.330000000000000073e-04	5.098444531929249932e-04
-1.319999999999999830e-04	5.292110561908877978e-04
-1.309999999999999858e-04	5.470363294304840703e-04
-1.299999999999999886e-04	5.632493970422695461e-04
-1.289999999999999914e-04	5.777793831568040807e-04
-1.279999999999999942e-04	5.905554119046440599e-04
-1.269999999999999970e-04	6.015066074163471707e-04
-1.259999999999999998e-04	6.105620938224717506e-04
-1.250000000000000026e-04	6.176509952535739686e-04
-1.240000000000000054e-04	6.227024358402112950e-04
-1.229999999999999811e-04	6.256455397129438017e-04
-1.219999999999999974e-04	6.264094310023259234e-04
-1.210000000000000002e-04	6.249232338389177320e-04
-1.199999999999999895e-04	6.211160723532745294e-04
-1.189999999999999923e-04	6.149170706759542193e-04
-1.179999999999999951e-04	6.062553529375164403e-04
-1.169999999999999979e-04	5.950600432685186625e-04
-1.160000000000000007e-04	5.812602657995161876e-04
-1.149999999999999899e-04	5.647851446610651846e-04
-1.139999999999999927e-04	5.455638039837283279e-04
-1.129999999999999955e-04	5.235253678980591845e-04
-1.119999999999999983e-04	4.985989605346169591e-04
-1.110000000000000011e-04	4.707137060239582546e-04
-1.099999999999999904e-04	4.397987284966418421e-04
-1.089999999999999932e-04	4.057831520832238907e-04
-1.079999999999999960e-04	3.685961009142636052e-04
-1.069999999999999988e-04	3.281895775811950007e-04
-1.060000000000000016e-04	2.846070985189583257e-04
-1.049999999999999908e-04	2.379150586233729219e-04
-1.039999999999999936e-04	1.881798527902621150e-04
-1.029999999999999964e-04	1.354678759154400423e-04
-1.019999999999999992e-04	7.984552289472914889e-05
-1.010000000000000020e-04	2.137918862394706852e-05
-9.999999999999999124e-05	-3.986473200108769081e-05
-9.899999999999999404e-05	-1.038198440845531517e-04
-9.799999999999999684e-05	-1.704197527306338148e-04
-9.699999999999999963e-05	-2.395980630435064424e-04
-9.600000000000000243e-05	-3.112883801273567887e-04
-9.499999999999999168e-05	-3.854243090863603352e-04
-9.399999999999999448e-05	-4.619394550247033241e-04
-9.299999999999999727e-05	-5.407674230465624567e-04
-9.200000000000000007e-05	-6.218418182561205598e-04
-9.099999999999998932e-05	-7.050962457575581837e-04
-8.999999999999999212e-05	-7.904643106550551194e-04
-8.899999999999999491e-05	-8.778796180527936519e-04
-8.799999999999999771e-05	-9.672757730549529217e-04
-8.700000000000000051e-05	-1.058586380765714130e-03
-8.599999999999998976e-05	-1.151745046289263680e-03
-8.499999999999999255e-05	-1.246685374729774752e-03
-8.399999999999999535e-05	-1.343340971191427785e-03
-8.299999999999999815e-05	-1.441645440778411679e-03
-8.200000000000000095e-05	-1.541532388594898852e-03
-8.099999999999999019e-05	-1.642935419745077553e-03
-7.999999999999999299e-05	-1.745788139333122584e-03
-7.899999999999999579e-05	-1.850024152463217208e-03
-7.799999999999999859e-05	-1.955577064239542948e-03
-7.700000000000000139e-05	-2.062380479766278297e-03
-7.599999999999999063e-05	-2.170368004147607815e-03
-7.499999999999999343e-05	-2.279473242487708908e-03
-7.399999999999999623e-05	-2.389629799890763753e-03
-7.299999999999999903e-05	-2.500771281460951925e-03
-7.200000000000000182e-05	-2.612831292302456900e-03
-7.099999999999999107e-05	-2.725743437519459120e-03
-6.999999999999999387e-05	-2.839441322216137292e-03
-6.899999999999999667e-05	-2.953858551496673160e-03
-6.799999999999999946e-05	-3.068928730465247598e-03
-6.700000000000000226e-05	-3.184585464226041482e-03
-6.599999999999999151e-05	-3.300762357883236988e-03
-6.499999999999999431e-05	-3.417393016541014125e-03
-6.399999999999999710e-05	-3.534411045303551165e-03
-6.299999999999999990e-05	-3.651750049275033320e-03
-6.200000000000000270e-05	-3.769343633559637131e-03
-6.099999999999999872e-05	-3.887125403261548675e-03
-5.999999999999999474e-05	-4.005028963484944492e-03
-5.899999999999999754e-05	-4.122987919334006324e-03
-5.800000000000000034e-05	-4.240935875912914613e-03
-5.699999999999999636e-05	-4.358806438325853704e-03
-5.599999999999999916e-05	-4.476533211677000135e-03
-5.499999999999999518e-05	-4.594049801070534782e-03
-5.399999999999999798e-05	-4.711289811610643724e-03
-5.300000000000000078e-05	-4.828186848401497429e-03
-5.199999999999999680e-05	-4.944674516547290649e-03
-5.099999999999999960e-05	-5.060686421152193852e-03
-4.999999999999999562e-05	-5.176156167320392250e-03
-4.899999999999999842e-05	-5.291017360156063248e-03
-4.800000000000000122e-05	-5.405203604763392060e-03
-4.699999999999999724e-05	-5.518648506246556958e-03
-4.600000000000000004e-05	-5.631285669709738817e-03
-4.499999999999999606e-05	-5.743048700257121116e-03
-4.399999999999999886e-05	-5.853871202992878657e-03
-4.299999999999999488e-05	-5.963686783021201858e-03
-4.199999999999999768e-05	-6.072429045446259450e-03
-4.100000000000000047e-05	-6.180031595372242718e-03
-3.999999999999999650e-05	-6.286428037903326466e-03
-3.899999999999999929e-05	-6.391551978143692435e-03
-3.799999999999999532e-05	-6.495337021197524104e-03
-3.699999999999999811e-05	-6.597716772169001480e-03
-3.600000000000000091e-05	-6.698624836162302837e-03
-3.499999999999999693e-05	-6.797994818281613387e-03
-3.399999999999999973e-05	-6.895760323631111403e-03
-3.299999999999999575e-05	-6.991854957314976894e-03
-3.199999999999999855e-05	-7.086212324437392469e-03
-3.100000000000000135e-05	-7.178766030102537270e-03
-2.999999999999999737e-05	-7.269449679414591303e-03
-2.900000000000000017e-05	-7.358196877477740649e-03
-2.799999999999999958e-05	-7.444941229396159245e-03
-2.699999999999999899e-05	-7.529616340274032302e-03
-2.599999999999999840e-05	-7.612155815215540695e-03
-2.499999999999999781e-05	-7.692493259324863566e-03
-2.400000000000000061e-05	-7.770562277706182658e-03
-2.300000000000000002e-05	-7.846296475463677977e-03
-2.199999999999999943e-05	-7.919629457701533870e-03
-2.099999999999999884e-05	-7.990494829523924272e-03
-1.999999999999999825e-05	-8.058826196035036998e-03
-1.899999999999999766e-05	-8.124557162339045985e-03
-1.800000000000000046e-05	-8.187621333540140781e-03
-1.699999999999999987e-05	-8.247952314742497057e-03
-1.599999999999999928e-05	-8.305483711050293955e-03
-1.499999999999999869e-05	-8.360149127567715818e-03
-1.399999999999999979e-05	-8.411882169398940054e-03
-1.299999999999999920e-05	-8.460616441648152741e-03
-1.200000000000000030e-05	-8.506285549419533021e-03
-1.099999999999999971e-05	-8.548823097817254829e-03
-9.999999999999999124e-06	-8.588162691945507715e-03
-9.000000000000000228e-06	-8.624237936908467350e-03
-7.999999999999999638e-06	-8.656982437810318079e-03
-6.999999999999999895e-06	-8.686329799755240777e-03
-6.000000000000000152e-06	-8.712213627847411115e-03
-4.999999999999999562e-06	-8.734567527191015174e-03
-3.999999999999999819e-06	-8.753325102890230358e-03
-3.000000000000000076e-06	-8.768419960049244483e-03
-1.999999999999999909e-06	-8.779785703772229749e-03
-9.999999999999999547e-07	-8.787355939163373972e-03
0.000000000000000000e+00	-8.791064271326847618e-03
9.999999999999999547e-07	-8.790844305366843706e-03
1.999999999999999909e-06	-8.786629646387536172e-03
3.000000000000000076e-06	-8.778353899493109361e-03
3.999999999999999819e-06	-8.765950669787738944e-03
4.999999999999999562e-06	-8.749353562375612736e-03
6.000000000000000152e-06	-8.728496182360904673e-03
6.999999999999999895e-06	-8.703312134847800835e-03
7.999999999999999638e-06	-8.673735024940478627e-03
9.000000000000000228e-06	-8.639698457743124130e-03
9.999999999999999124e-06	-8.601136038359907809e-03
1.099999999999999971e-05	-8.557981371895022685e-03
1.200000000000000030e-05	-8.510194878127959675e-03
1.299999999999999920e-05	-8.457844235539503652e-03
1.399999999999999979e-05	-8.401023937285747797e-03
1.499999999999999869e-05	-8.339828476522790496e-03
1.599999999999999928e-05	-8.274352346406731867e-03
1.699999999999999987e-05	-8.204690040093663359e-03
1.800000000000000046e-05	-8.130936050739686824e-03
1.899999999999999766e-05	-8.053184871500900649e-03
1.999999999999999825e-05	-7.971530995533401484e-03
2.099999999999999884e-05	-7.886068915993284245e-03
2.199999999999999943e-05	-7.796893126036643848e-03
2.300000000000000002e-05	-7.704098118819584749e-03
2.400000000000000061e-05	-7.607778387498202732e-03
2.499999999999999781e-05	-7.508028425228590978e-03
2.599999999999999840e-05	-7.404942725166854811e-03
2.699999999999999899e-05	-7.298615780469081341e-03
2.799999999999999958e-05	-7.189142084291375891e-03
2.900000000000000017e-05	-7.076616129789832510e-03
2.999999999999999737e-05	-6.961132410120551318e-03
3.100000000000000135e-05	-6.842785418439623762e-03
3.199999999999999855e-05	-6.721669647903156901e-03
3.299999999999999575e-05	-6.597879591667237843e-03
3.399999999999999973e-05	-6.471509742887970179e-03
3.499999999999999693e-05	-6.342654594721452294e-03
3.600000000000000091e-05	-6.211408640323776501e-03
3.699999999999999811e-05	-6.077866372851042052e-03
3.799999999999999532e-05	-5.942122285459349937e-03
3.899999999999999929e-05	-5.804270871304793335e-03
3.999999999999999650e-05	-5.664406623543475836e-03
4.100000000000000047e-05	-5.522624035331485416e-03
4.199999999999999768e-05	-5.379017599824925666e-03
4.299999999999999488e-05	-5.233681810179892369e-03
4.399999999999999886e-05	-5.086711159552483041e-03
4.499999999999999606e-05	-4.938200141098796937e-03
4.600000000000000004e-05	-4.788243247974931574e-03
4.699999999999999724e-05	-4.636934973336980133e-03
4.800000000000000122e-05	-4.484369810341043601e-03
4.899999999999999842e-05	-4.330642252143219496e-03
4.999999999999999562e-05	-4.175846791899603602e-03
5.099999999999999960e-05	-4.020077922766293436e-03
5.199999999999999680e-05	-3.863430137899388252e-03
5.300000000000000078e-05	-3.705997930454983397e-03
5.399999999999999798e-05	-3.547875793589177693e-03
5.499999999999999518e-05	-3.389158220458068655e-03
5.599999999999999916e-05	-3.229939704217751634e-03
5.699999999999999636e-05	-3.070314738024327618e-03
5.800000000000000034e-05	-2.910377815033890220e-03
5.899999999999999754e-05	-2.750223428402540429e-03
5.999999999999999474e-05	-2.589946071286372727e-03
6.099999999999999872e-05	-2.429640236841486365e-03
6.200000000000000270e-05	-2.269400418223977561e-03
6.299999999999999990e-05	-2.109321108589944267e-03
6.399999999999999710e-05	-1.949496801095484434e-03
6.499999999999999431e-05	-1.790021988896695147e-03
6.599999999999999151e-05	-1.630991165149674356e-03
6.700000000000000226e-05	-1.472498823010516978e-03
6.799999999999999946e-05	-1.314639455635323783e-03
6.899999999999999667e-05	-1.157507556180190772e-03
6.999999999999999387e-05	-1.001197617801215895e-03
7.099999999999999107e-05	-8.458041336544955876e-04
7.200000000000000182e-05	-6.914080179160294638e-04
7.299999999999999903e-05	-5.380358688414361556e-04
7.399999999999999623e-05	-3.857007057062330851e-04
7.499999999999999343e-05	-2.344155477859376745e-04
7.599999999999999063e-05	-8.419341435606936535e-05
7.700000000000000139e-05	6.495267530785580245e-05
7.799999999999999859e-05	2.130097019303152297e-04
7.899999999999999579e-05	3.599646462357919277e-04
7.999999999999999299e-05	5.058044889487681899e-04
8.099999999999999019e-05	6.505162107937244526e-04
8.200000000000000095e-05	7.940867924951448657e-04
8.299999999999999815e-05	9.365032147775066403e-04
8.399999999999999535e-05	1.077752458365292300e-03
8.499999999999999255e-05	1.217821503982985344e-03
8.599999999999998976e-05	1.356697332355065585e-03
8.700000000000000051e-05	1.494366924206017282e-03
8.799999999999999771e-05	1.630817260260316670e-03
8.899999999999999491e-05	1.766035321242448225e-03
8.999999999999999212e-05	1.900008087876894685e-03
9.099999999999998932e-05	2.032722540888134023e-03
9.200000000000000007e-05	2.164165661000652229e-03
9.299999999999999727e-05	2.294324428938925974e-03
9.399999999999999448e-05	2.423185825427439082e-03
9.499999999999999168e-05	2.550736831190673643e-03
9.600000000000000243e-05	2.676964426953112181e-03
9.699999999999999963e-05	2.801855593439230713e-03
9.799999999999999684e-05	2.925397311373515233e-03
9.899999999999999404e-05	3.047576561480446096e-03
9.999999999999999124e-05	3.168380324484504525e-03
1.010000000000000020e-04	3.287795581110174777e-03
1.019999999999999992e-04	3.405809312081932872e-03
1.029999999999999964e-04	3.522408498124263068e-03
1.039999999999999936e-04	3.637580119961647887e-03
1.049999999999999908e-04	3.751311158318566819e-03
1.060000000000000016e-04	3.863588593919504988e-03
1.069999999999999988e-04	3.974399407488937545e-03
1.079999999999999960e-04	4.083730579751350051e-03
1.089999999999999932e-04	4.191569091431224595e-03
1.099999999999999904e-04	4.297901923253039796e-03
1.110000000000000011e-04	4.402716055941281216e-03
1.119999999999999983e-04	4.505998470220425739e-03
1.129999999999999955e-04	4.607736146814958057e-03
1.139999999999999927e-04	4.707916066449356791e-03
1.149999999999999899e-04	4.806525209848104899e-03
1.160000000000000007e-04	4.903550557735684469e-03
1.169999999999999979e-04	4.998979090836576725e-03
1.179999999999999951e-04	5.092797789875262021e-03
1.189999999999999923e-04	5.184993635576222448e-03
1.199999999999999895e-04	5.275553608663938361e-03
1.210000000000000002e-04	5.364464689862896186e-03
1.219999999999999974e-04	5.451713859897570208e-03
1.229999999999999811e-04	5.537288099492444250e-03
1.240000000000000054e-04	5.621174389372004740e-03
1.250000000000000026e-04	5.703359710260726828e-03
1.259999999999999998e-04	5.783831042883094339e-03
1.269999999999999970e-04	5.862575367963585894e-03
1.279999999999999942e-04	5.939579666226686185e-03
1.289999999999999914e-04	6.014830918396879902e-03
1.299999999999999886e-04	6.088316105198640464e-03
1.309999999999999858e-04	6.160022207356455164e-03
1.319999999999999830e-04	6.229940998305836218e-03
1.330000000000000073e-04	6.298083422326430231e-03
1.340000000000000045e-04	6.364465216408912197e-03
1.350000000000000017e-04	6.429102117543959716e-03
1.359999999999999989e-04	6.492009862722249516e-03
1.369999999999999961e-04	6.553204188934461799e-03
1.379999999999999933e-04	6.612700833171270692e-03
1.389999999999999905e-04	6.670515532423355529e-03
1.399999999999999877e-04	6.726664023681395640e-03
1.409999999999999849e-04	6.781162043936064289e-03
1.419999999999999821e-04	6.834025330178039072e-03
1.430000000000000064e-04	6.885269619398003658e-03
1.440000000000000036e-04	6.934910648586629575e-03
1.450000000000000009e-04	6.982964154734592685e-03
1.459999999999999981e-04	7.029445874832576657e-03
1.469999999999999953e-04	7.074371545871253886e-03
1.479999999999999925e-04	7.117756904841300233e-03
1.489999999999999897e-04	7.159617688733400237e-03
1.499999999999999869e-04	7.199969634538228025e-03
1.509999999999999841e-04	7.238828479246455991e-03
1.519999999999999813e-04	7.276209959848770406e-03
1.530000000000000056e-04	7.312129813335841930e-03
1.540000000000000028e-04	7.346603776698349894e-03
1.550000000000000000e-04	7.379647586926971897e-03
1.559999999999999972e-04	7.411276981012384669e-03
1.569999999999999944e-04	7.441507695945266676e-03
1.579999999999999916e-04	7.470355468716296382e-03
1.589999999999999888e-04	7.497836036316148783e-03
1.599999999999999860e-04	7.523965135735502345e-03
1.609999999999999832e-04	7.548758503965032930e-03
1.619999999999999804e-04	7.572231877995419871e-03
1.630000000000000047e-04	7.594400994817342501e-03
1.640000000000000019e-04	7.615281591421475815e-03
1.649999999999999991e-04	7.634889404798493942e-03
1.659999999999999963e-04	7.653240171939077081e-03
1.669999999999999935e-04	7.670349629833903699e-03
1.679999999999999907e-04	7.686233515473653126e-03
1.689999999999999879e-04	7.700907565848997757e-03
1.699999999999999851e-04	7.714387517950618660e-03
1.709999999999999823e-04	7.726689108769191697e-03
1.719999999999999795e-04	7.737828075295394466e-03
1.730000000000000038e-04	7.747820154519905432e-03
1.740000000000000010e-04	7.756681083433397857e-03
1.749999999999999982e-04	7.764426599026556276e-03
1.759999999999999954e-04	7.771072438290052217e-03
1.769999999999999926e-04	7.776634338214564145e-03
1.779999999999999898e-04	7.781128035790770524e-03
1.789999999999999870e-04	7.784569268009348952e-03
1.799999999999999842e-04	7.786973771860975294e-03
1.809999999999999814e-04	7.788357284336331482e-03
1.819999999999999786e-04	7.788735542426087309e-03
1.830000000000000029e-04	7.788124283120927312e-03
1.840000000000000001e-04	7.786539243411526486e-03
1.849999999999999973e-04	7.783996160288558092e-03
1.859999999999999945e-04	7.780510770742704932e-03
1.869999999999999917e-04	7.776098811764640267e-03
1.879999999999999890e-04	7.770776020345047767e-03
1.889999999999999862e-04	7.764558133474599826e-03
1.899999999999999834e-04	7.757460888143973173e-03
1.909999999999999806e-04	7.749500021343848875e-03
1.920000000000000049e-04	7.740691270064899328e-03
1.930000000000000021e-04	7.731050371297807332e-03
1.939999999999999993e-04	7.720593062033249618e-03
1.949999999999999965e-04	7.709335079261901182e-03
1.959999999999999937e-04	7.697292159974437019e-03
1.969999999999999909e-04	7.684480041161538197e-03
1.979999999999999881e-04	7.670914459813882313e-03
1.989999999999999853e-04	7.656611152922146966e-03
1.999999999999999825e-04	7.641585857477009754e-03
2.009999999999999797e-04	7.625854310469144803e-03
2.020000000000000040e-04	7.609432248889230581e-03
2.030000000000000012e-04	7.592335409727947286e-03
2.039999999999999984e-04	7.574579529975972517e-03
2.049999999999999956e-04	7.556180346623979534e-03
2.059999999999999928e-04	7.537153596662645935e-03
2.069999999999999900e-04	7.517515017082653656e-03
2.079999999999999872e-04	7.497280344874675088e-03
2.089999999999999844e-04	7.476465317029392169e-03
2.099999999999999816e-04	7.455085670537479024e-03
2.109999999999999788e-04	7.433157142389614988e-03
2.120000000000000031e-04	7.410695469576478525e-03
2.130000000000000003e-04	7.387716389088742029e-03
2.139999999999999975e-04	7.364235637917087435e-03
2.149999999999999947e-04	7.340268953052189738e-03
2.159999999999999919e-04	7.315832071484728270e-03
2.169999999999999891e-04	7.290940730205381498e-03
2.179999999999999863e-04	7.265610666204821814e-03
2.189999999999999835e-04	7.239857616473732889e-03
2.199999999999999807e-04	7.213697318002787982e-03
2.209999999999999779e-04	7.187145507782662091e-03
2.220000000000000022e-04	7.160217922804038015e-03
2.229999999999999994e-04	7.132930300057592488e-03
2.239999999999999966e-04	7.105298376533997033e-03
2.249999999999999938e-04	7.077337889223940526e-03
2.259999999999999910e-04	7.049064575118088420e-03
2.269999999999999882e-04	7.020494171207121784e-03
2.279999999999999854e-04	6.991642414481723418e-03
2.289999999999999826e-04	6.962525041932563982e-03
2.299999999999999799e-04	6.933157790550325411e-03
2.309999999999999771e-04	6.903556397325681833e-03
2.320000000000000014e-04	6.873736599249309978e-03
2.329999999999999986e-04	6.843714133311893516e-03
2.339999999999999958e-04	6.813504736504103106e-03
2.349999999999999930e-04	6.783124145816620681e-03
2.359999999999999902e-04	6.752588098240118637e-03
2.369999999999999874e-04	6.721912330765278908e-03
2.379999999999999846e-04	6.691112580382779090e-03
2.389999999999999818e-04	6.660204584083290712e-03
2.399999999999999790e-04	6.629204078857498308e-03
2.409999999999999762e-04	6.598126801696073407e-03
2.420000000000000005e-04	6.566988489589697942e-03
2.429999999999999977e-04	6.535804879529046908e-03
2.439999999999999949e-04	6.504591708504801374e-03
2.449999999999999921e-04	6.473364713507631998e-03
2.459999999999999622e-04	6.442139631528221583e-03
2.469999999999999865e-04	6.410932199557245123e-03
2.480000000000000108e-04	6.379758154585380217e-03
2.489999999999999809e-04	6.348633233603305330e-03
2.500000000000000052e-04	6.317573173601696325e-03
2.509999999999999753e-04	6.286591088072007380e-03
2.519999999999999996e-04	6.255689596508763432e-03
2.529999999999999697e-04	6.224868694907279877e-03
2.539999999999999940e-04	6.194128379262855630e-03
2.549999999999999641e-04	6.163468645570800881e-03
2.559999999999999884e-04	6.132889489826417150e-03
2.570000000000000127e-04	6.102390908025011156e-03
2.579999999999999828e-04	6.071972896161894825e-03
2.590000000000000071e-04	6.041635450232367074e-03
2.599999999999999772e-04	6.011378566231737226e-03
2.610000000000000015e-04	5.981202240155309401e-03
2.619999999999999716e-04	5.951106467998391186e-03
2.629999999999999959e-04	5.921091245756286703e-03
2.639999999999999660e-04	5.891156569424301805e-03
2.649999999999999903e-04	5.861302434997743213e-03
2.660000000000000146e-04	5.831528838471913313e-03
2.669999999999999847e-04	5.801835775842125766e-03
2.680000000000000090e-04	5.772223243103681220e-03
2.689999999999999791e-04	5.742691236251885531e-03
2.700000000000000035e-04	5.713239751282044553e-03
2.709999999999999735e-04	5.683868784189466741e-03
2.719999999999999979e-04	5.654578330969452747e-03
2.729999999999999680e-04	5.625368387617315363e-03
2.739999999999999923e-04	5.596238950128351770e-03
2.749999999999999624e-04	5.567190014497877364e-03
2.759999999999999867e-04	5.538221576721190191e-03
2.770000000000000110e-04	5.509333632793598709e-03
2.779999999999999811e-04	5.480526178710412241e-03
2.790000000000000054e-04	5.451799210466931438e-03
2.799999999999999755e-04	5.423152724058465622e-03
2.809999999999999998e-04	5.394586715480318047e-03
2.819999999999999699e-04	5.366101180727796301e-03
2.829999999999999942e-04	5.337696115796205371e-03
2.839999999999999643e-04	5.309371516680853713e-03
2.849999999999999886e-04	5.281127379377041110e-03
2.860000000000000129e-04	5.252963699880079489e-03
2.869999999999999830e-04	5.224880474185272100e-03
2.880000000000000073e-04	5.196877698287925666e-03
2.889999999999999774e-04	5.168955368183346041e-03
2.900000000000000017e-04	5.141113479866835610e-03
2.909999999999999718e-04	5.113352029333706299e-03
2.919999999999999961e-04	5.085671012579259624e-03
2.929999999999999662e-04	5.058070425598802308e-03
2.939999999999999905e-04	5.030550264387640205e-03
2.949999999999999606e-04	5.003110524941080037e-03
2.959999999999999849e-04	4.975751203254427657e-03
2.970000000000000092e-04	4.948472295322984583e-03
2.979999999999999793e-04	4.921273797142064477e-03
2.990000000000000036e-04	4.894155704706967987e-03
2.999999999999999737e-04	4.867118014013001835e-03
3.009999999999999980e-04	4.840160721055471009e-03
3.019999999999999681e-04	4.813283821829683964e-03
3.029999999999999924e-04	4.786487312330943954e-03
3.039999999999999625e-04	4.759771188554558566e-03
3.049999999999999868e-04	4.733135446495832788e-03
3.060000000000000111e-04	4.706580082150069871e-03
3.069999999999999812e-04	4.680105091512582610e-03
3.080000000000000055e-04	4.653710470578668185e-03
3.089999999999999756e-04	4.627396215343641990e-03
3.099999999999999999e-04	4.601162321802800340e-03
3.109999999999999700e-04	4.575008785951455159e-03
3.119999999999999944e-04	4.548935603784909701e-03
3.129999999999999644e-04	4.522942771298473288e-03
3.139999999999999888e-04	4.497030284487446572e-03
3.149999999999999589e-04	4.471198139347139743e-03
3.159999999999999832e-04	4.445446331872855185e-03
3.170000000000000075e-04	4.419774858059901355e-03
3.179999999999999776e-04	4.394183713903583241e-03
3.190000000000000019e-04	4.368672895399204961e-03
3.199999999999999720e-04	4.343242398542076707e-03
3.209999999999999963e-04	4.317892219327499129e-03
3.219999999999999664e-04	4.292622353750782417e-03
3.229999999999999907e-04	4.267432797807228957e-03
3.239999999999999608e-04	4.242323547492148073e-03
3.249999999999999851e-04	4.217294598800842148e-03
3.260000000000000094e-04	4.192345947728618773e-03
3.269999999999999795e-04	4.167477590270782933e-03
3.280000000000000038e-04	4.142689522422643086e-03
3.289999999999999739e-04	4.117981740179503351e-03
3.299999999999999982e-04	4.093354239536667848e-03
3.309999999999999683e-04	4.068807016489445032e-03
3.319999999999999926e-04	4.044340067033138156e-03
3.329999999999999627e-04	4.019953387163055676e-03
3.339999999999999870e-04	3.995646972874501712e-03
3.350000000000000113e-04	3.971420820162781251e-03
3.359999999999999814e-04	3.947274925023204484e-03
3.370000000000000057e-04	3.923209283451072928e-03
3.379999999999999758e-04	3.899223891441693738e-03
3.390000000000000001e-04	3.875318744990373637e-03
3.399999999999999702e-04	3.851493840092417610e-03
3.409999999999999945e-04	3.827749172743129778e-03
3.419999999999999646e-04	3.804084738937820332e-03
3.429999999999999889e-04	3.780500534671789922e-03
3.439999999999999590e-04	3.756996555940350039e-03
3.449999999999999833e-04	3.733572798738802202e-03
3.460000000000000076e-04	3.710229259062451830e-03
3.469999999999999777e-04	3.686965932906608248e-03
3.480000000000000020e-04	3.663782816266575142e-03
3.489999999999999721e-04	3.640679905137658798e-03
3.499999999999999964e-04	3.617657195515163772e-03
3.509999999999999665e-04	3.594714683394399819e-03
3.519999999999999908e-04	3.571852364770668024e-03
3.529999999999999609e-04	3.549070235639277711e-03
3.539999999999999853e-04	3.526368291995532131e-03
3.550000000000000096e-04	3.503746529834738874e-03
3.559999999999999797e-04	3.481204945152203793e-03
3.570000000000000040e-04	3.458743533943230142e-03
3.579999999999999741e-04	3.436362292203127677e-03
3.589999999999999984e-04	3.414061215927200084e-03
3.599999999999999685e-04	3.391840301110752784e-03
3.609999999999999928e-04	3.369699543749092498e-03
3.619999999999999629e-04	3.347638939837525949e-03
3.629999999999999872e-04	3.325658485371356388e-03
3.639999999999999573e-04	3.303758176345892705e-03
3.649999999999999816e-04	3.281938008756436417e-03
3.660000000000000059e-04	3.260197978598297283e-03
3.669999999999999760e-04	3.238538081866781590e-03
3.680000000000000003e-04	3.216958314557192590e-03
3.689999999999999704e-04	3.195458672664837439e-03
3.699999999999999947e-04	3.174039152185021556e-03
3.709999999999999648e-04	3.152699749113051231e-03
3.719999999999999891e-04	3.131440459444231449e-03
3.729999999999999592e-04	3.110261279173868933e-03
3.739999999999999835e-04	3.089162204297268236e-03
3.750000000000000078e-04	3.068143230809735646e-03
3.759999999999999779e-04	3.047204354706579618e-03
3.770000000000000022e-04	3.026345571983102105e-03
3.779999999999999723e-04	3.005566878634611996e-03
3.789999999999999966e-04	2.984868270656412977e-03
3.799999999999999667e-04	2.964249744043812203e-03
3.809999999999999910e-04	2.943711294792114228e-03
3.819999999999999611e-04	2.923252918896627507e-03
3.829999999999999854e-04	2.902874612352654426e-03
3.840000000000000097e-04	2.882576371155502575e-03
3.849999999999999798e-04	2.862358191300478673e-03
3.860000000000000041e-04	2.842220068782886407e-03
3.869999999999999742e-04	2.822161999598034234e-03
3.879999999999999985e-04	2.802183979741224972e-03
3.889999999999999686e-04	2.782286005207767077e-03
3.899999999999999929e-04	2.762468071992965971e-03
3.909999999999999630e-04	2.742730176092126205e-03
3.919999999999999873e-04	2.723072313500553635e-03
3.929999999999999574e-04	2.703494480213556716e-03
3.939999999999999817e-04	2.683996672226436966e-03
3.950000000000000061e-04	2.664578885534503710e-03
3.959999999999999762e-04	2.645241116133061933e-03
3.970000000000000005e-04	2.625983360017417056e-03
3.979999999999999706e-04	2.606805613182875802e-03
3.989999999999999949e-04	2.587707871624741422e-03
3.999999999999999650e-04	2.568690131338324106e-03
4.009999999999999893e-04	2.549752388318924940e-03
4.019999999999999594e-04	2.530894638561853680e-03
4.029999999999999837e-04	2.512116878062414446e-03
4.040000000000000080e-04	2.493419102815910924e-03
4.049999999999999781e-04	2.474801308817654172e-03
4.060000000000000024e-04	2.456263492062946141e-03
4.069999999999999725e-04	2.437805648547093119e-03
4.079999999999999968e-04	2.419427774265400961e-03
4.089999999999999669e-04	2.401129865213177256e-03
4.099999999999999912e-04	2.382911917385726122e-03
4.109999999999999613e-04	2.364773926778354716e-03
4.119999999999999856e-04	2.346715889386365855e-03
4.129999999999999557e-04	2.328737801205069298e-03
4.139999999999999800e-04	2.310839658229768730e-03
4.150000000000000043e-04	2.293021456455770438e-03
4.159999999999999744e-04	2.275283191878379845e-03
4.169999999999999987e-04	2.257624860492902803e-03
4.179999999999999688e-04	2.240046458294646901e-03
4.189999999999999931e-04	2.222547981278914959e-03
4.199999999999999632e-04	2.205129425441015867e-03
4.209999999999999875e-04	2.187790786776252876e-03
4.219999999999999576e-04	2.170532061279934009e-03
4.229999999999999819e-04	2.153353244947362952e-03
4.240000000000000062e-04	2.136254333773846860e-03
4.249999999999999763e-04	2.119235323754692455e-03
4.260000000000000006e-04	2.102296210885203857e-03
4.269999999999999707e-04	2.085436991160688220e-03
4.279999999999999950e-04	2.068657660576449231e-03
4.289999999999999651e-04	2.051958215127796213e-03
4.299999999999999894e-04	2.035338650810031985e-03
4.309999999999999595e-04	2.018798963618463269e-03
4.319999999999999838e-04	2.002339149548395918e-03
4.329999999999999539e-04	1.985959204595137088e-03
4.339999999999999782e-04	1.969659124753990465e-03
4.350000000000000026e-04	1.953438906020262336e-03
4.359999999999999726e-04	1.937298544389260725e-03
4.369999999999999970e-04	1.921238035856288450e-03
4.379999999999999671e-04	1.905257376416653967e-03
4.389999999999999914e-04	1.889356562065661179e-03
4.399999999999999615e-04	1.873535588798616591e-03
4.409999999999999858e-04	1.857794452610826057e-03
4.419999999999999559e-04	1.842133149497596082e-03
4.429999999999999802e-04	1.826551675454231001e-03
4.440000000000000045e-04	1.811050026476037538e-03
4.449999999999999746e-04	1.795628198558322629e-03
4.459999999999999989e-04	1.780286187696389962e-03
4.469999999999999690e-04	1.765023989885546908e-03
4.479999999999999933e-04	1.749841601121098454e-03
4.489999999999999634e-04	1.734739017398351322e-03
4.499999999999999877e-04	1.719716234712610281e-03
4.509999999999999578e-04	1.704773249059182705e-03
4.519999999999999821e-04	1.689910056433372712e-03
4.530000000000000064e-04	1.675126652830486373e-03
4.539999999999999765e-04	1.660423034245831495e-03
4.550000000000000008e-04	1.645799196674711329e-03
4.559999999999999709e-04	1.631255136112433899e-03
4.569999999999999952e-04	1.616790848554302672e-03
4.579999999999999653e-04	1.602406329995625890e-03
4.589999999999999896e-04	1.588101576431707671e-03
4.599999999999999597e-04	1.573876583857855387e-03
4.609999999999999840e-04	1.559731348269373374e-03
4.619999999999999541e-04	1.545665865661569006e-03
4.629999999999999784e-04	1.531680132029745968e-03
4.640000000000000027e-04	1.517774143369211631e-03
4.649999999999999728e-04	1.503947895675271850e-03
4.659999999999999971e-04	1.490201384943232047e-03
4.669999999999999672e-04	1.476534607168398724e-03
4.679999999999999915e-04	1.462947558346076654e-03
4.689999999999999616e-04	1.449440234471572556e-03
4.699999999999999859e-04	1.436012631540191636e-03
4.709999999999999560e-04	1.422664745547240397e-03
4.719999999999999803e-04	1.409396572488024043e-03
4.730000000000000046e-04	1.396208108357848430e-03
4.739999999999999747e-04	1.383099349152020277e-03
4.749999999999999990e-04	1.370070290865843922e-03
4.759999999999999691e-04	1.357120929494627388e-03
4.769999999999999934e-04	1.344251261033673926e-03
4.779999999999999635e-04	1.331461281478291993e-03
4.789999999999999879e-04	1.318750986823785058e-03
4.799999999999999580e-04	1.306120373065460709e-03
4.809999999999999823e-04	1.293569436198623935e-03
4.819999999999999524e-04	1.281098172218580588e-03
4.829999999999999767e-04	1.268706577120636090e-03
4.840000000000000010e-04	1.256394646900097162e-03
4.849999999999999711e-04	1.244162377552270092e-03
4.859999999999999954e-04	1.232009765072459217e-03
4.869999999999999655e-04	1.219936805455971692e-03
4.879999999999999898e-04	1.207943494698112286e-03
4.889999999999999599e-04	1.196029828794187939e-03
4.899999999999999842e-04	1.184195803739502987e-03
4.910000000000000085e-04	1.172441415529364584e-03
4.919999999999999244e-04	1.160766660159079236e-03
4.929999999999999487e-04	1.149171533623950196e-03
4.939999999999999730e-04	1.137656031919285051e-03
4.949999999999999973e-04	1.126220151040389656e-03
4.960000000000000216e-04	1.114863886982569432e-03
4.969999999999999375e-04	1.103587235741131534e-03
4.979999999999999618e-04	1.092390193311379648e-03
4.989999999999999861e-04	1.081272755688620713e-03
5.000000000000000104e-04	1.070234918868160365e-03
5.009999999999999263e-04	1.059276678845305544e-03
5.019999999999999506e-04	1.048398031615360151e-03
5.029999999999999749e-04	1.037598973173630692e-03
5.039999999999999992e-04	1.026879499515423889e-03
5.050000000000000235e-04	1.016239606636044511e-03
5.059999999999999394e-04	1.005679290530800364e-03
5.069999999999999637e-04	9.951985471949944834e-04
5.079999999999999880e-04	9.847973726239342418e-04
5.090000000000000123e-04	9.744757628129251678e-04
5.099999999999999282e-04	9.642337137572740916e-04
5.109999999999999525e-04	9.540712214522854579e-04
5.119999999999999768e-04	9.439882818932651210e-04
5.130000000000000011e-04	9.339848910755198024e-04
5.140000000000000254e-04	9.240610449943548145e-04
5.149999999999999413e-04	9.142167396450770955e-04
5.159999999999999656e-04	9.044519710229905482e-04
5.169999999999999899e-04	8.947667351234021111e-04
5.180000000000000143e-04	8.851610279416174216e-04
5.189999999999999301e-04	8.756348454729437434e-04
5.199999999999999544e-04	8.661881837126842202e-04
5.209999999999999788e-04	8.568210386561463327e-04
5.220000000000000031e-04	8.475334062986355013e-04
5.230000000000000274e-04	8.383252826354580141e-04
5.239999999999999433e-04	8.291966636619199421e-04
5.249999999999999676e-04	8.201475453733259469e-04
5.259999999999999919e-04	8.111779237649824250e-04
5.270000000000000162e-04	8.022877948321956642e-04
5.279999999999999321e-04	7.934771545702717357e-04
5.289999999999999564e-04	7.847459989745149758e-04
5.299999999999999807e-04	7.760943240402321062e-04
5.310000000000000050e-04	7.675221257627293063e-04
5.320000000000000293e-04	7.590294001373119968e-04
5.329999999999999452e-04	7.506161431592872245e-04
5.339999999999999695e-04	7.422823508239585668e-04
5.349999999999999938e-04	7.340280191266333959e-04
5.360000000000000181e-04	7.258531440626169156e-04
5.369999999999999340e-04	7.177577216272163895e-04
5.379999999999999583e-04	7.097417478157356120e-04
5.389999999999999826e-04	7.018052186234813045e-04
5.400000000000000069e-04	6.939481300457593215e-04
5.409999999999999228e-04	6.861704780778764929e-04
5.419999999999999471e-04	6.784722587151366131e-04
5.429999999999999714e-04	6.708534679528469456e-04
5.439999999999999957e-04	6.633141017863129112e-04
5.450000000000000200e-04	6.558541562108404725e-04
5.459999999999999359e-04	6.484736272217360258e-04
5.469999999999999602e-04	6.411725108143042327e-04
5.479999999999999845e-04	6.339508029838513813e-04
5.490000000000000088e-04	6.268084997256836511e-04
5.499999999999999247e-04	6.197455970351074383e-04
5.509999999999999490e-04	6.127620909074269710e-04
5.519999999999999733e-04	6.058579773379488623e-04
5.529999999999999976e-04	5.990332523219791833e-04
5.540000000000000219e-04	5.922879118548237884e-04
5.549999999999999378e-04	5.856219519317888570e-04
5.559999999999999621e-04	5.790353685481791591e-04
5.569999999999999864e-04	5.725281576993009828e-04
5.580000000000000107e-04	5.661003153804606159e-04
5.589999999999999266e-04	5.597518375869640211e-04
5.599999999999999509e-04	5.534827203141158601e-04
5.609999999999999752e-04	5.472929595572227461e-04
5.619999999999999996e-04	5.411825513115906417e-04
5.630000000000000239e-04	5.351514915725251844e-04
5.639999999999999397e-04	5.291997763353328789e-04
5.649999999999999641e-04	5.233274015953182784e-04
5.659999999999999884e-04	5.175343633477879962e-04
5.670000000000000127e-04	5.118206575880477780e-04
5.679999999999999286e-04	5.061862803114040204e-04
5.689999999999999529e-04	5.006312275131614932e-04
5.699999999999999772e-04	4.951554951886265928e-04
5.710000000000000015e-04	4.897590793331050652e-04
5.720000000000000258e-04	4.844419759419027645e-04
5.729999999999999417e-04	4.792041810103263039e-04
5.739999999999999660e-04	4.740456905336801283e-04
5.749999999999999903e-04	4.689665005072706340e-04
5.760000000000000146e-04	4.639666069264039463e-04
5.769999999999999305e-04	4.590460057863862990e-04
5.779999999999999548e-04	4.542046930825222994e-04
5.789999999999999791e-04	4.494426648101186150e-04
5.800000000000000034e-04	4.447599169644807747e-04
5.810000000000000277e-04	4.401564455409148497e-04
5.819999999999999436e-04	4.356322465347271821e-04
5.829999999999999679e-04	4.311873159412225962e-04
5.839999999999999922e-04	4.268216497557071631e-04
5.850000000000000165e-04	4.225352439734869538e-04
5.859999999999999324e-04	4.183280945898684190e-04
5.869999999999999567e-04	4.142001976001562745e-04
5.879999999999999810e-04	4.101515489996568082e-04
5.890000000000000053e-04	4.061821447836759286e-04
5.899999999999999212e-04	4.022919809475199778e-04
5.909999999999999455e-04	3.984810534864936717e-04
5.919999999999999698e-04	3.947493583959035693e-04
5.929999999999999941e-04	3.910968916710555248e-04
5.940000000000000184e-04	3.875236493072551757e-04
5.949999999999999343e-04	3.840296272998087014e-04
5.959999999999999586e-04	3.806148216440214142e-04
5.969999999999999829e-04	3.772792283351994393e-04
5.980000000000000072e-04	3.740228433686485767e-04
5.989999999999999231e-04	3.708456627396750603e-04
5.999999999999999474e-04	3.677476824435839311e-04
6.009999999999999717e-04	3.647288984756815854e-04
6.019999999999999961e-04	3.617893068312737692e-04
6.030000000000000204e-04	3.589289035056663366e-04
6.039999999999999362e-04	3.561476844941652503e-04
6.049999999999999606e-04	3.534456457920759310e-04
6.059999999999999849e-04	3.508227833947045581e-04
6.070000000000000092e-04	3.482790932973568775e-04
6.079999999999999251e-04	3.458145714953390687e-04
6.089999999999999494e-04	3.434292139839563354e-04
6.099999999999999737e-04	3.411230167585147487e-04
6.109999999999999980e-04	3.388959758143203255e-04
6.120000000000000223e-04	3.367480871466788659e-04
6.129999999999999382e-04	3.346793467508963867e-04
6.139999999999999625e-04	3.326897506222781459e-04
6.149999999999999868e-04	3.307792947561304857e-04
6.160000000000000111e-04	3.289479751477589892e-04
6.169999999999999270e-04	3.271957877924699986e-04
6.179999999999999513e-04	3.255227286855685550e-04
6.189999999999999756e-04	3.239287938223610547e-04
6.199999999999999999e-04	3.224139791981531352e-04
6.210000000000000242e-04	3.209782808082507592e-04
6.219999999999999401e-04	3.196216946479598893e-04
6.229999999999999644e-04	3.183442167125860004e-04
6.239999999999999887e-04	3.171458429974351092e-04
6.250000000000000130e-04	3.160265694978131243e-04
6.259999999999999289e-04	3.149863922090258999e-04
6.269999999999999532e-04	3.140253071263791277e-04
6.279999999999999775e-04	3.131433102451786619e-04
6.290000000000000018e-04	3.123403975607304652e-04
6.299999999999999177e-04	3.116165650683405002e-04
6.309999999999999420e-04	3.109718087633141334e-04
6.319999999999999663e-04	3.104061246409577069e-04
6.329999999999999906e-04	3.099195086965768038e-04
6.340000000000000149e-04	3.095119569254772786e-04
6.349999999999999308e-04	3.091834653229651479e-04
6.359999999999999551e-04	3.089340298843459409e-04
6.369999999999999794e-04	3.087636466049257285e-04
6.380000000000000037e-04	3.086723114800103652e-04
6.389999999999999196e-04	3.086600205049055967e-04
6.399999999999999439e-04	3.087267696749173315e-04
6.409999999999999682e-04	3.088725549853513696e-04
6.419999999999999925e-04	3.090973724315135653e-04
6.430000000000000169e-04	3.094012180087097729e-04
6.439999999999999327e-04	3.097840877122456297e-04
6.449999999999999570e-04	3.102459775374273154e-04
6.459999999999999814e-04	3.107868834795604672e-04
6.470000000000000057e-04	3.114068015339510479e-04
6.479999999999999215e-04	3.121057276959048033e-04
6.489999999999999459e-04	3.128836579607274793e-04
6.499999999999999702e-04	3.137405883237251469e-04
6.509999999999999945e-04	3.146765147802035520e-04
6.520000000000000188e-04	3.156914333254684946e-04
6.529999999999999347e-04	3.167853399548257749e-04
6.539999999999999590e-04	3.179582306635813553e-04
6.549999999999999833e-04	3.192101014470410361e-04
6.560000000000000076e-04	3.205409483005106173e-04
6.569999999999999235e-04	3.219507672192957904e-04
6.579999999999999478e-04	3.234395541987027892e-04
6.589999999999999721e-04	3.250073052340372512e-04
6.599999999999999964e-04	3.266540163206050305e-04
6.610000000000000207e-04	3.283796834537118189e-04
6.619999999999999366e-04	3.301843026286634705e-04
6.629999999999999609e-04	3.320678698407661107e-04
6.639999999999999852e-04	3.340303810853254311e-04
6.650000000000000095e-04	3.360718323576471233e-04
6.659999999999999254e-04	3.381922196530372043e-04
6.669999999999999497e-04	3.403915389668013113e-04
6.679999999999999740e-04	3.426697862942457325e-04
6.689999999999999983e-04	3.450269576306759425e-04
6.700000000000000226e-04	3.474630489713978498e-04
6.709999999999999385e-04	3.499780563117169834e-04
6.719999999999999628e-04	3.525719756469397940e-04
6.729999999999999871e-04	3.552448029723718104e-04
6.740000000000000114e-04	3.579965342833189412e-04
6.749999999999999273e-04	3.608271655750866611e-04
6.759999999999999516e-04	3.637366928429814207e-04
6.769999999999999759e-04	3.667251120823087490e-04
6.780000000000000002e-04	3.697924192883745003e-04
6.789999999999999161e-04	3.729386104564842578e-04
6.799999999999999404e-04	3.761636815819444177e-04
6.809999999999999647e-04	3.794676286600605635e-04
6.819999999999999890e-04	3.828504476861384407e-04
6.830000000000000134e-04	3.863121346554840123e-04
6.839999999999999292e-04	3.898526855634025902e-04
6.849999999999999535e-04	3.934720964052010046e-04
6.859999999999999779e-04	3.971703631761844592e-04
6.870000000000000022e-04	4.009474818716589166e-04
6.879999999999999180e-04	4.048034484869299601e-04
6.889999999999999424e-04	4.087382590173038776e-04
6.899999999999999667e-04	4.127519094580864691e-04
6.909999999999999910e-04	4.168443958045833179e-04
6.920000000000000153e-04	4.210157140521005492e-04
6.929999999999999312e-04	4.252658601959432585e-04
6.939999999999999555e-04	4.295948302314182214e-04
6.949999999999999798e-04	4.340026201538310213e-04
6.960000000000000041e-04	4.384892259584874581e-04
6.969999999999999200e-04	4.430546436406926272e-04
6.979999999999999443e-04	4.476988691957535754e-04
6.989999999999999686e-04	4.524218986189757234e-04
6.999999999999999929e-04	4.572237279056647627e-04
7.010000000000000172e-04	4.621043530511265477e-04
7.019999999999999331e-04	4.670637700506664446e-04
7.029999999999999574e-04	4.721019748995913378e-04
7.039999999999999817e-04	4.772189635932065394e-04
7.050000000000000060e-04	4.824147321268179578e-04
7.059999999999999219e-04	4.876892764957305800e-04
7.069999999999999462e-04	4.930425926952516696e-04
7.079999999999999705e-04	4.984746767206864847e-04
7.089999999999999948e-04	5.039855245673408252e-04
7.100000000000000191e-04	5.095751322305204370e-04
7.109999999999999350e-04	5.152434957055305239e-04
7.119999999999999593e-04	5.209906109876784579e-04
7.129999999999999836e-04	5.268164740722692261e-04
7.140000000000000079e-04	5.327210809546085741e-04
7.149999999999999238e-04	5.387044276300018142e-04
7.159999999999999481e-04	5.447665100937562101e-04
7.169999999999999724e-04	5.509073243411767486e-04
7.179999999999999967e-04	5.571268663675696094e-04
7.190000000000000210e-04	5.634251321682399961e-04
7.199999999999999369e-04	5.698021177384936546e-04
7.209999999999999612e-04	5.762578190736377401e-04
7.219999999999999855e-04	5.827922321689769144e-04
7.230000000000000098e-04	5.894053530198176821e-04
7.239999999999999257e-04	5.960971776214645966e-04
7.249999999999999500e-04	6.028677019692253551e-04
7.259999999999999743e-04	6.097169220584050531e-04
7.269999999999999987e-04	6.166448338843091110e-04
