-1.849999999999999973e-04	5.242042230793342045e-04
-1.840000000000000001e-04	5.339126595899417946e-04
-1.830000000000000029e-04	5.416628519254930874e-04
-1.819999999999999786e-04	5.475278609477557054e-04
-1.809999999999999814e-04	5.515807475184971624e-04
-1.799999999999999842e-04	5.538945724994854061e-04
-1.789999999999999870e-04	5.545423967524880588e-04
-1.779999999999999898e-04	5.535972811392726343e-04
-1.769999999999999926e-04	5.511322865216069719e-04
-1.759999999999999954e-04	5.472204737612585855e-04
-1.749999999999999982e-04	5.419349037199952058e-04
-1.740000000000000010e-04	5.353486372595845635e-04
-1.730000000000000038e-04	5.275347352417942811e-04
-1.719999999999999795e-04	5.185662585283918723e-04
-1.709999999999999823e-04	5.085162679811452849e-04
-1.699999999999999851e-04	4.974578244618221411e-04
-1.689999999999999879e-04	4.854639888321901175e-04
-1.679999999999999907e-04	4.726078219540166196e-04
-1.669999999999999935e-04	4.589623846890695407e-04
-1.659999999999999963e-04	4.446007378991167743e-04
-1.649999999999999991e-04	4.295959424459254547e-04
-1.640000000000000019e-04	4.140210591912636380e-04
-1.630000000000000047e-04	3.979491489968989466e-04
-1.619999999999999804e-04	3.814532727245983522e-04
-1.609999999999999832e-04	3.646064912361307239e-04
-1.599999999999999860e-04	3.474818653932631963e-04
-1.589999999999999888e-04	3.301524560577633917e-04
-1.579999999999999916e-04	3.126913240913989324e-04
-1.569999999999999944e-04	2.951715303559377117e-04
-1.559999999999999972e-04	2.776661357131469726e-04
-1.550000000000000000e-04	2.602482010247948252e-04
-1.540000000000000028e-04	2.429907871526487565e-04
-1.530000000000000056e-04	2.259669549584765241e-04
-1.519999999999999813e-04	2.092497653040452084e-04
-1.509999999999999841e-04	1.929122790511233804e-04
-1.499999999999999869e-04	1.770275570614783913e-04
-1.489999999999999897e-04	1.616686601968778364e-04
-1.479999999999999925e-04	1.469086493190893379e-04
-1.469999999999999953e-04	1.328205852898807081e-04
-1.459999999999999981e-04	1.194775289710194065e-04
-1.450000000000000009e-04	1.069525412242733266e-04
-1.440000000000000036e-04	9.531868291140998227e-05
-1.430000000000000064e-04	8.464901489419705003e-05
-1.419999999999999821e-04	7.501659803440209801e-05
-1.409999999999999849e-04	6.649449319379315514e-05
-1.399999999999999877e-04	5.915576123413765399e-05
-1.389999999999999905e-04	5.307346301720329822e-05
-1.379999999999999933e-04	4.832065940475771017e-05
-1.369999999999999961e-04	4.497041125856878320e-05
-1.359999999999999989e-04	4.309577944040376019e-05
-1.350000000000000017e-04	4.276982481203069715e-05
-1.340000000000000045e-04	4.406560823521694535e-05
-1.330000000000000073e-04	4.705619057173039818e-05
-1.319999999999999830e-04	5.181463268333889481e-05
-1.309999999999999858e-04	5.841399543180989494e-05
-1.299999999999999886e-04	6.692733967891080406e-05
-1.289999999999999914e-04	7.742772628640967819e-05
-1.279999999999999942e-04	8.998821611607397703e-05
-1.269999999999999970e-04	1.046818700296715940e-04
-1.259999999999999998e-04	1.215464587845592031e-04
-1.250000000000000026e-04	1.404785927204513934e-04
-1.240000000000000054e-04	1.613395920726512771e-04
-1.229999999999999811e-04	1.839907770764634572e-04
-1.219999999999999974e-04	2.082934679671897041e-04
-1.210000000000000002e-04	2.341089849801350411e-04
-1.199999999999999895e-04	2.612986483506026208e-04
-1.189999999999999923e-04	2.897237783138958403e-04
-1.179999999999999951e-04	3.192456951053185298e-04
-1.169999999999999979e-04	3.497257189601738424e-04
-1.160000000000000007e-04	3.810251701137656356e-04
-1.149999999999999899e-04	4.130053688013977128e-04
-1.139999999999999927e-04	4.455276352583730642e-04
-1.129999999999999955e-04	4.784532897199956017e-04
-1.119999999999999983e-04	5.116436524215685865e-04
-1.110000000000000011e-04	5.449600435983959846e-04
-1.099999999999999904e-04	5.782637834857816536e-04
-1.089999999999999932e-04	6.114161923190277164e-04
-1.079999999999999960e-04	6.442785903334391148e-04
-1.069999999999999988e-04	6.767122977643188391e-04
-1.060000000000000016e-04	7.085786348469707467e-04
-1.049999999999999908e-04	7.397389218166985870e-04
-1.039999999999999936e-04	7.700544789088049165e-04
-1.029999999999999964e-04	7.993866263585942432e-04
-1.019999999999999992e-04	8.275966844013694489e-04
-1.010000000000000020e-04	8.545459732724352588e-04
-9.999999999999999124e-05	8.800958132070936871e-04
-9.899999999999999404e-05	9.041075244406492420e-04
-9.799999999999999684e-05	9.264424272084051306e-04
-9.699999999999999963e-05	9.469618417456649936e-04
-9.600000000000000243e-05	9.655270882877326887e-04
-9.499999999999999168e-05	9.819994870699118566e-04
-9.399999999999999448e-05	9.962403583275054875e-04
-9.299999999999999727e-05	1.008111022295817005e-03
-9.200000000000000007e-05	1.017472799210150701e-03
-9.099999999999998932e-05	1.024187009305809566e-03
-8.999999999999999212e-05	1.028114972818097673e-03
-8.899999999999999491e-05	1.029118009982318230e-03
-8.799999999999999771e-05	1.027057441033774445e-03
-8.700000000000000051e-05	1.021794586207770607e-03
-8.599999999999998976e-05	1.013190765739609709e-03
-8.499999999999999255e-05	1.001107299864595606e-03
-8.399999999999999535e-05	9.854055088180319402e-04
-8.299999999999999815e-05	9.659467128352220268e-04
-8.200000000000000095e-05	9.425922321514698318e-04
-8.099999999999999019e-05	9.152033870020779118e-04
-7.999999999999999299e-05	8.836414976223516422e-04
-7.899999999999999579e-05	8.477678842475921701e-04
-7.799999999999999859e-05	8.074438671131053047e-04
-7.700000000000000139e-05	7.625307664541929520e-04
-7.599999999999999063e-05	7.128899025061592948e-04
-7.499999999999999343e-05	6.583825955043085161e-04
-7.399999999999999623e-05	5.988701656839433892e-04
-7.299999999999999903e-05	5.342139332803683138e-04
-7.200000000000000182e-05	4.642752185288854128e-04
-7.099999999999999107e-05	3.889153416647983270e-04
-6.999999999999999387e-05	3.079956229234128654e-04
-6.899999999999999667e-05	2.213773825400305005e-04
-6.799999999999999946e-05	1.289465788219511526e-04
-6.700000000000000226e-05	3.068772236445462920e-05
-6.599999999999999151e-05	-7.339003816518473091e-05
-6.499999999999999431e-05	-1.832775540996879810e-04
-6.399999999999999710e-05	-2.989656767717807553e-04
-6.299999999999999990e-05	-4.204452575141874138e-04
-6.200000000000000270e-05	-5.477071476596320591e-04
-6.099999999999999872e-05	-6.807421985408402577e-04
-5.999999999999999474e-05	-8.195412614905349738e-04
-5.899999999999999754e-05	-9.640951878414387921e-04
-5.800000000000000034e-05	-1.114394828926278634e-03
-5.699999999999999636e-05	-1.270431036077777518e-03
-5.599999999999999916e-05	-1.432194660628659764e-03
-5.499999999999999518e-05	-1.599676553911650234e-03
-5.399999999999999798e-05	-1.772867567259471403e-03
-5.300000000000000078e-05	-1.951758552004849217e-03
-5.199999999999999680e-05	-2.136340359480508322e-03
-5.099999999999999960e-05	-2.326603841019170109e-03
-4.999999999999999562e-05	-2.522539847953562692e-03
-4.899999999999999842e-05	-2.724139231616406597e-03
-4.800000000000000122e-05	-2.931392843340427552e-03
-4.699999999999999724e-05	-3.144291534458351287e-03
-4.600000000000000004e-05	-3.362826156302898759e-03
-4.499999999999999606e-05	-3.586987560206799167e-03
-4.399999999999999886e-05	-3.816766597502770433e-03
-4.299999999999999488e-05	-4.052154119523542625e-03
-4.199999999999999768e-05	-4.293140977601835398e-03
-4.100000000000000047e-05	-4.539718023070375350e-03
-3.999999999999999650e-05	-4.791876107261886474e-03
-3.899999999999999929e-05	-5.049496708450319782e-03
-3.799999999999999532e-05	-5.312023812674528285e-03
-3.699999999999999811e-05	-5.578792032914592879e-03
-3.600000000000000091e-05	-5.849135982150595325e-03
-3.499999999999999693e-05	-6.122390273362619990e-03
-3.399999999999999973e-05	-6.397889519530743432e-03
-3.299999999999999575e-05	-6.674968333635046547e-03
-3.199999999999999855e-05	-6.952961328655611097e-03
-3.100000000000000135e-05	-7.231203117572521447e-03
-2.999999999999999737e-05	-7.509028313365855023e-03
-2.900000000000000017e-05	-7.785771529015691854e-03
-2.799999999999999958e-05	-8.060767377502112835e-03
-2.699999999999999899e-05	-8.333350471805205800e-03
-2.599999999999999840e-05	-8.602855424905048176e-03
-2.499999999999999781e-05	-8.868616849781714787e-03
-2.400000000000000061e-05	-9.129969359415289129e-03
-2.300000000000000002e-05	-9.386247566785859905e-03
-2.199999999999999943e-05	-9.636786084873501940e-03
-2.099999999999999884e-05	-9.880919526658295260e-03
-1.999999999999999825e-05	-1.011798250512032336e-02
-1.899999999999999766e-05	-1.034730963323966281e-02
-1.800000000000000046e-05	-1.056823552399639883e-02
-1.699999999999999987e-05	-1.078009479037061839e-02
-1.599999999999999928e-05	-1.098222204534239112e-02
-1.499999999999999869e-05	-1.117395190189180050e-02
-1.399999999999999979e-05	-1.135461897299893178e-02
-1.299999999999999920e-05	-1.152355787164386497e-02
-1.200000000000000030e-05	-1.168010321080668011e-02
-1.099999999999999971e-05	-1.182358960346745549e-02
-9.999999999999999124e-06	-1.195350799714606227e-02
-9.000000000000000228e-06	-1.206997467752152220e-02
-7.999999999999999638e-06	-1.217326226481263082e-02
-6.999999999999999895e-06	-1.226364337923821664e-02
-6.000000000000000152e-06	-1.234139064101706477e-02
-4.999999999999999562e-06	-1.240677667036799506e-02
-3.999999999999999819e-06	-1.246007408750981170e-02
-3.000000000000000076e-06	-1.250155551266131544e-02
-1.999999999999999909e-06	-1.253149356604132091e-02
-9.999999999999999547e-07	-1.255016086786863057e-02
0.000000000000000000e+00	-1.255783003836205385e-02
9.999999999999999547e-07	-1.255477369774039668e-02
1.999999999999999909e-06	-1.254126446622246330e-02
3.000000000000000076e-06	-1.251757496402706137e-02
3.999999999999999819e-06	-1.248397781137300204e-02
4.999999999999999562e-06	-1.244074562847909127e-02
6.000000000000000152e-06	-1.238815103556413152e-02
6.999999999999999895e-06	-1.232646665284693396e-02
7.999999999999999638e-06	-1.225596510054630627e-02
9.000000000000000228e-06	-1.217691899888104570e-02
9.999999999999999124e-06	-1.208960096806996863e-02
1.099999999999999971e-05	-1.199428362833188100e-02
1.200000000000000030e-05	-1.189123959988558875e-02
1.299999999999999920e-05	-1.178074150294990304e-02
1.399999999999999979e-05	-1.166306195774361593e-02
1.499999999999999869e-05	-1.153847358448555245e-02
1.599999999999999928e-05	-1.140724900339450294e-02
1.699999999999999987e-05	-1.126966083468928896e-02
1.800000000000000046e-05	-1.112598169858870951e-02
1.899999999999999766e-05	-1.097648421531157402e-02
1.999999999999999825e-05	-1.082144100507668322e-02
2.099999999999999884e-05	-1.066112468810285346e-02
2.199999999999999943e-05	-1.049580788460888897e-02
2.300000000000000002e-05	-1.032576321481359048e-02
2.400000000000000061e-05	-1.015126329893577262e-02
2.499999999999999781e-05	-9.972580757194236117e-03
2.599999999999999840e-05	-9.789988209807793870e-03
2.699999999999999899e-05	-9.603758276995248352e-03
2.799999999999999958e-05	-9.414163578975407246e-03
2.900000000000000017e-05	-9.221476735967074762e-03
2.999999999999999737e-05	-9.025970368189065521e-03
3.100000000000000135e-05	-8.827917095860176797e-03
3.199999999999999855e-05	-8.627589539199224944e-03
3.299999999999999575e-05	-8.425260318425012440e-03
3.399999999999999973e-05	-8.221202053756341763e-03
3.499999999999999693e-05	-8.015687365412025797e-03
3.600000000000000091e-05	-7.808988873610869623e-03
3.699999999999999811e-05	-7.601379198571680054e-03
3.799999999999999532e-05	-7.393130960513267375e-03
3.899999999999999929e-05	-7.184516779654425388e-03
3.999999999999999650e-05	-6.975809276213979122e-03
4.100000000000000047e-05	-6.767281070410725852e-03
4.199999999999999768e-05	-6.559204782463473257e-03
4.299999999999999488e-05	-6.351853032591027286e-03
4.399999999999999886e-05	-6.145498441012196486e-03
4.499999999999999606e-05	-5.940413627945781601e-03
4.600000000000000004e-05	-5.736871213610600720e-03
4.699999999999999724e-05	-5.535097156226513604e-03
4.800000000000000122e-05	-5.335130766017610882e-03
4.899999999999999842e-05	-5.136964691209049139e-03
4.999999999999999562e-05	-4.940591580025976287e-03
5.099999999999999960e-05	-4.746004080693541974e-03
5.199999999999999680e-05	-4.553194841436902784e-03
5.300000000000000078e-05	-4.362156510481209233e-03
5.399999999999999798e-05	-4.172881736051609232e-03
5.499999999999999518e-05	-3.985363166373259367e-03
5.599999999999999916e-05	-3.799593449671301911e-03
5.699999999999999636e-05	-3.615565234170899523e-03
5.800000000000000034e-05	-3.433271168097200982e-03
5.899999999999999754e-05	-3.252703899675353331e-03
5.999999999999999474e-05	-3.073856077130512291e-03
6.099999999999999872e-05	-2.896720348687827074e-03
6.200000000000000270e-05	-2.721289362572449060e-03
6.299999999999999990e-05	-2.547555767009529199e-03
6.399999999999999710e-05	-2.375512210224226244e-03
6.499999999999999431e-05	-2.205151340441680735e-03
6.599999999999999151e-05	-2.036465805887053161e-03
6.700000000000000226e-05	-1.869448254785486879e-03
6.799999999999999946e-05	-1.704091335362141295e-03
6.899999999999999667e-05	-1.540387695842161935e-03
6.999999999999999387e-05	-1.378329984450702567e-03
7.099999999999999107e-05	-1.217910849412919558e-03
7.200000000000000182e-05	-1.059122938953953449e-03
7.299999999999999903e-05	-9.019589012989686315e-04
7.399999999999999623e-05	-7.464113846731049943e-04
7.499999999999999343e-05	-5.924730373015221589e-04
7.599999999999999063e-05	-4.401365074093672243e-04
7.700000000000000139e-05	-2.893944432217924394e-04
7.799999999999999859e-05	-1.402394929639504053e-04
7.899999999999999579e-05	7.335695139006155565e-06
7.999999999999999299e-05	1.533384728619278784e-04
8.099999999999999019e-05	2.977761919796619613e-04
8.200000000000000095e-05	4.406562042670592039e-04
8.299999999999999815e-05	5.819858614989687666e-04
8.399999999999999535e-05	7.217725154502312992e-04
8.499999999999999255e-05	8.600235178957042021e-04
8.599999999999998976e-05	9.967462206102275287e-04
8.700000000000000051e-05	1.131947975368662040e-03
8.799999999999999771e-05	1.265636133945846273e-03
8.899999999999999491e-05	1.397818048116631013e-03
8.999999999999999212e-05	1.528501069655863794e-03
9.099999999999998932e-05	1.657692550338395838e-03
9.200000000000000007e-05	1.785399841939075980e-03
9.299999999999999727e-05	1.911630296232748067e-03
9.399999999999999448e-05	2.036391264994263754e-03
9.499999999999999168e-05	2.159690099998468841e-03
9.600000000000000243e-05	2.281534153020220185e-03
9.699999999999999963e-05	2.401930775834356865e-03
9.799999999999999684e-05	2.520887320215731836e-03
9.899999999999999404e-05	2.638411137939191114e-03
9.999999999999999124e-05	2.754509580779582016e-03
1.010000000000000020e-04	2.869190000511763136e-03
1.019999999999999992e-04	2.982459748910567480e-03
1.029999999999999964e-04	3.094326177750857977e-03
1.039999999999999936e-04	3.204796638807468935e-03
1.049999999999999908e-04	3.313878483855265018e-03
1.060000000000000016e-04	3.421579064669080534e-03
1.069999999999999988e-04	3.527905733023769305e-03
1.079999999999999960e-04	3.632865840694181683e-03
1.089999999999999932e-04	3.736466739455164988e-03
1.099999999999999904e-04	3.838715781081565234e-03
1.110000000000000011e-04	3.939620317348236679e-03
1.119999999999999983e-04	4.039187700030022303e-03
1.129999999999999955e-04	4.137425280901769857e-03
1.139999999999999927e-04	4.234340411738334899e-03
1.149999999999999899e-04	4.329940444314557373e-03
1.160000000000000007e-04	4.424232730405290234e-03
1.169999999999999979e-04	4.517224621785381235e-03
1.179999999999999951e-04	4.608923470229678993e-03
1.189999999999999923e-04	4.699336627513032993e-03
1.199999999999999895e-04	4.788471445410290121e-03
1.210000000000000002e-04	4.876335275696302464e-03
1.219999999999999974e-04	4.962935470145909966e-03
1.229999999999999811e-04	5.048279380533969921e-03
1.240000000000000054e-04	5.132374358635328343e-03
1.250000000000000026e-04	5.215227756224831250e-03
1.259999999999999998e-04	5.296846925077330730e-03
1.269999999999999970e-04	5.377239216967671064e-03
1.279999999999999942e-04	5.456411983670703472e-03
1.289999999999999914e-04	5.534372576961275707e-03
1.299999999999999886e-04	5.611128348614237253e-03
1.309999999999999858e-04	5.686686650404434128e-03
1.319999999999999830e-04	5.761054834106719286e-03
1.330000000000000073e-04	5.834240251495937009e-03
1.340000000000000045e-04	5.906250254346938518e-03
1.350000000000000017e-04	5.977092194434568094e-03
1.359999999999999989e-04	6.046773423533677826e-03
1.369999999999999961e-04	6.115301293419118066e-03
1.379999999999999933e-04	6.182683155865731361e-03
1.389999999999999905e-04	6.248926362648371535e-03
1.399999999999999877e-04	6.314038265541884604e-03
1.409999999999999849e-04	6.378026216321120920e-03
1.419999999999999821e-04	6.440897566760923898e-03
1.430000000000000064e-04	6.502659668636148228e-03
1.440000000000000036e-04	6.563319873721640794e-03
1.450000000000000009e-04	6.622885533792248480e-03
1.459999999999999981e-04	6.681364000622817302e-03
1.469999999999999953e-04	6.738762625988201083e-03
1.479999999999999925e-04	6.795088761663245838e-03
1.489999999999999897e-04	6.850349759422798453e-03
1.499999999999999869e-04	6.904552971041712749e-03
1.509999999999999841e-04	6.957705748294832140e-03
1.519999999999999813e-04	7.009815442957005246e-03
1.530000000000000056e-04	7.060889406803085022e-03
1.540000000000000028e-04	7.110934991607913147e-03
1.550000000000000000e-04	7.159959549146346046e-03
1.559999999999999972e-04	7.207970431193223664e-03
1.569999999999999944e-04	7.254974989523401557e-03
1.579999999999999916e-04	7.300980575911724876e-03
1.589999999999999888e-04	7.345994542133039637e-03
1.599999999999999860e-04	7.390024239962201397e-03
1.609999999999999832e-04	7.433077021174051835e-03
1.619999999999999804e-04	7.475160237543443040e-03
1.630000000000000047e-04	7.516281240845227099e-03
1.640000000000000019e-04	7.556447382854241356e-03
1.649999999999999991e-04	7.595666015345342234e-03
1.659999999999999963e-04	7.633944490093380088e-03
1.669999999999999935e-04	7.671290158873196596e-03
1.679999999999999907e-04	7.707710373459645582e-03
1.689999999999999879e-04	7.743212485627573062e-03
1.699999999999999851e-04	7.777803847151826787e-03
1.709999999999999823e-04	7.811491809807263181e-03
1.719999999999999795e-04	7.844283725368718721e-03
1.730000000000000038e-04	7.876186945611048096e-03
1.740000000000000010e-04	7.907208822309099924e-03
1.749999999999999982e-04	7.937356707237721090e-03
1.759999999999999954e-04	7.966637952171763681e-03
1.769999999999999926e-04	7.995059908886067643e-03
1.779999999999999898e-04	8.022629929155492001e-03
1.789999999999999870e-04	8.049355364754878436e-03
1.799999999999999842e-04	8.075243567459077301e-03
1.809999999999999814e-04	8.100301889042935480e-03
1.819999999999999786e-04	8.124537681281306795e-03
1.830000000000000029e-04	8.147958295949032925e-03
1.840000000000000001e-04	8.170571084820965960e-03
1.849999999999999973e-04	8.192383399671956251e-03
1.859999999999999945e-04	8.213402592276848949e-03
1.869999999999999917e-04	8.233636014410492671e-03
1.879999999999999890e-04	8.253091017847736036e-03
1.889999999999999862e-04	8.271774954363432866e-03
1.899999999999999834e-04	8.289695175732421373e-03
1.909999999999999806e-04	8.306859033729558847e-03
1.920000000000000049e-04	8.323273880129690439e-03
1.930000000000000021e-04	8.338947066707661296e-03
1.939999999999999993e-04	8.353885945238328711e-03
1.949999999999999965e-04	8.368097867496532630e-03
1.959999999999999937e-04	8.381590185257123404e-03
1.969999999999999909e-04	8.394370250294949654e-03
1.979999999999999881e-04	8.406445414384866935e-03
1.989999999999999853e-04	8.417823029301715193e-03
1.999999999999999825e-04	8.428510446820344781e-03
2.009999999999999797e-04	8.438515018715606053e-03
2.020000000000000040e-04	8.447844096762344157e-03
2.030000000000000012e-04	8.456505032735411181e-03
2.039999999999999984e-04	8.464505178409655745e-03
2.049999999999999956e-04	8.471851885559922996e-03
2.059999999999999928e-04	8.478552505961063288e-03
2.069999999999999900e-04	8.484614391387926974e-03
2.079999999999999872e-04	8.490044893615359203e-03
2.089999999999999844e-04	8.494851364418208595e-03
2.099999999999999816e-04	8.499041155571325501e-03
2.109999999999999788e-04	8.502621618849556806e-03
2.120000000000000031e-04	8.505600106027756332e-03
2.130000000000000003e-04	8.507983968880765760e-03
2.139999999999999975e-04	8.509780559183433707e-03
2.149999999999999947e-04	8.510997228710612261e-03
2.159999999999999919e-04	8.511641329237148307e-03
2.169999999999999891e-04	8.511720212537890462e-03
2.179999999999999863e-04	8.511241230387690815e-03
2.189999999999999835e-04	8.510211734561387575e-03
2.199999999999999807e-04	8.508639076833844975e-03
2.209999999999999779e-04	8.506530608979896019e-03
2.220000000000000022e-04	8.503893682774398000e-03
2.229999999999999994e-04	8.500735649992196066e-03
2.239999999999999966e-04	8.497063862408138837e-03
2.249999999999999938e-04	8.492885671797078401e-03
2.259999999999999910e-04	8.488208429933856436e-03
2.269999999999999882e-04	8.483039488593330235e-03
2.279999999999999854e-04	8.477386199550339743e-03
2.289999999999999826e-04	8.471255914579738783e-03
2.299999999999999799e-04	8.464655985456375972e-03
2.309999999999999771e-04	8.457593763955098196e-03
2.320000000000000014e-04	8.450076601850752336e-03
2.329999999999999986e-04	8.442111850918187013e-03
2.339999999999999958e-04	8.433706862932252579e-03
2.349999999999999930e-04	8.424868989667799388e-03
2.359999999999999902e-04	8.415605582899672588e-03
2.369999999999999874e-04	8.405923994402720797e-03
2.379999999999999846e-04	8.395831575951792636e-03
2.389999999999999818e-04	8.385335679321740190e-03
2.399999999999999790e-04	8.374443656287406876e-03
2.409999999999999762e-04	8.363162858623644780e-03
2.420000000000000005e-04	8.351500638105297317e-03
2.429999999999999977e-04	8.339464346507220044e-03
2.439999999999999949e-04	8.327061335604256376e-03
2.449999999999999921e-04	8.314298957171258400e-03
2.459999999999999622e-04	8.301184562983069531e-03
2.469999999999999865e-04	8.287725504814540123e-03
2.480000000000000108e-04	8.273929134440523997e-03
2.489999999999999809e-04	8.259802803635866303e-03
2.500000000000000052e-04	8.245353864175410455e-03
2.509999999999999753e-04	8.230589667834012010e-03
2.519999999999999996e-04	8.215517566386516118e-03
2.529999999999999697e-04	8.200144911607767928e-03
2.539999999999999940e-04	8.184479055272624731e-03
2.549999999999999641e-04	8.168527349155928208e-03
2.559999999999999884e-04	8.152297145032528711e-03
2.570000000000000127e-04	8.135795794677273124e-03
2.579999999999999828e-04	8.119030649865015270e-03
2.590000000000000071e-04	8.102009062370596829e-03
2.599999999999999772e-04	8.084738383968871622e-03
2.610000000000000015e-04	8.067225966434683065e-03
2.619999999999999716e-04	8.049479161542884981e-03
2.629999999999999959e-04	8.031505321068320782e-03
2.639999999999999660e-04	8.013311796785840824e-03
2.649999999999999903e-04	7.994905940470293723e-03
2.660000000000000146e-04	7.976295103896529834e-03
2.669999999999999847e-04	7.957486638839397775e-03
2.680000000000000090e-04	7.938487897073742694e-03
2.689999999999999791e-04	7.919306230374416680e-03
2.700000000000000035e-04	7.899948990516264882e-03
2.709999999999999735e-04	7.880423529274135919e-03
2.719999999999999979e-04	7.860737198422880143e-03
2.729999999999999680e-04	7.840897349737346173e-03
2.739999999999999923e-04	7.820911334992382627e-03
2.749999999999999624e-04	7.800786505962837257e-03
2.759999999999999867e-04	7.780530214423552610e-03
2.770000000000000110e-04	7.760149812149389446e-03
2.779999999999999811e-04	7.739651588328541436e-03
2.790000000000000054e-04	7.719037581802611937e-03
2.799999999999999755e-04	7.698308768826554564e-03
2.809999999999999998e-04	7.677466125655328134e-03
2.819999999999999699e-04	7.656510628543894068e-03
2.829999999999999942e-04	7.635443253747199906e-03
2.839999999999999643e-04	7.614264977520207069e-03
2.849999999999999886e-04	7.592976776117868302e-03
2.860000000000000129e-04	7.571579625795139823e-03
2.869999999999999830e-04	7.550074502806974376e-03
2.880000000000000073e-04	7.528462383408335117e-03
2.889999999999999774e-04	7.506744243854178260e-03
2.900000000000000017e-04	7.484921060399453083e-03
2.909999999999999718e-04	7.462993809299118403e-03
2.919999999999999961e-04	7.440963466808129569e-03
2.929999999999999662e-04	7.418831009181446265e-03
2.939999999999999905e-04	7.396597412674021238e-03
2.949999999999999606e-04	7.374263653540808969e-03
2.959999999999999849e-04	7.351830708036767408e-03
2.970000000000000092e-04	7.329299552416852770e-03
2.979999999999999793e-04	7.306671162936017802e-03
2.990000000000000036e-04	7.283946515849224791e-03
2.999999999999999737e-04	7.261126587411423881e-03
3.009999999999999980e-04	7.238212353877575625e-03
3.019999999999999681e-04	7.215204791502630166e-03
3.029999999999999924e-04	7.192104876541545455e-03
3.039999999999999625e-04	7.168913585249285514e-03
3.049999999999999868e-04	7.145631893880794415e-03
3.060000000000000111e-04	7.122260778691031843e-03
3.069999999999999812e-04	7.098801215934958352e-03
3.080000000000000055e-04	7.075254181867524084e-03
3.089999999999999756e-04	7.051620652743691327e-03
3.099999999999999999e-04	7.027901604818407623e-03
3.109999999999999700e-04	7.004098014346636994e-03
3.119999999999999944e-04	6.980210857583328717e-03
3.129999999999999644e-04	6.956241110783443343e-03
3.139999999999999888e-04	6.932189750201936222e-03
3.149999999999999589e-04	6.908057752093762702e-03
3.159999999999999832e-04	6.883846092713876395e-03
3.170000000000000075e-04	6.859555748317236121e-03
3.179999999999999776e-04	6.835187695158797226e-03
3.190000000000000019e-04	6.810742909493513325e-03
3.199999999999999720e-04	6.786222367576346705e-03
3.209999999999999963e-04	6.761627045662246642e-03
3.219999999999999664e-04	6.736957920006171954e-03
3.229999999999999907e-04	6.712215966863077123e-03
3.239999999999999608e-04	6.687402162487918363e-03
3.249999999999999851e-04	6.662517483135653625e-03
3.260000000000000094e-04	6.637562905061236522e-03
3.269999999999999795e-04	6.612539404519625873e-03
3.280000000000000038e-04	6.587447957765773555e-03
3.289999999999999739e-04	6.562289541054640123e-03
3.299999999999999982e-04	6.537065130641176586e-03
3.309999999999999683e-04	6.511775702780345232e-03
3.319999999999999926e-04	6.486422233727093603e-03
3.329999999999999627e-04	6.461005699736385721e-03
3.339999999999999870e-04	6.435527077063170863e-03
3.350000000000000113e-04	6.409987341962409581e-03
3.359999999999999814e-04	6.384387470689056356e-03
3.370000000000000057e-04	6.358728439498067403e-03
3.379999999999999758e-04	6.333011224644399806e-03
3.390000000000000001e-04	6.307236802383007178e-03
3.399999999999999702e-04	6.281406148968844867e-03
3.409999999999999945e-04	6.255520240656869957e-03
3.419999999999999646e-04	6.229580053702041265e-03
3.429999999999999889e-04	6.203586564359309802e-03
3.439999999999999590e-04	6.177540748883636121e-03
3.449999999999999833e-04	6.151443583529972968e-03
3.460000000000000076e-04	6.125296044553276559e-03
3.469999999999999777e-04	6.099099108208505711e-03
3.480000000000000020e-04	6.072853750750611436e-03
3.489999999999999721e-04	6.046560948434556021e-03
3.499999999999999964e-04	6.020221677515288743e-03
3.509999999999999665e-04	5.993836914247769286e-03
3.519999999999999908e-04	5.967407634886952132e-03
3.529999999999999609e-04	5.940934815687796099e-03
3.539999999999999853e-04	5.914419432905253932e-03
3.550000000000000096e-04	5.887862462794280979e-03
3.559999999999999797e-04	5.861264881609839529e-03
3.570000000000000040e-04	5.834627665606875388e-03
3.579999999999999741e-04	5.807951791040355180e-03
3.589999999999999984e-04	5.781238234165226447e-03
3.599999999999999685e-04	5.754487971236449742e-03
3.609999999999999928e-04	5.727701978508977811e-03
3.619999999999999629e-04	5.700881232237769471e-03
3.629999999999999872e-04	5.674026708677778336e-03
3.639999999999999573e-04	5.647139384083964091e-03
3.649999999999999816e-04	5.620220234711278615e-03
3.660000000000000059e-04	5.593270236814678990e-03
3.669999999999999760e-04	5.566290366649122301e-03
3.680000000000000003e-04	5.539281600469563895e-03
3.689999999999999704e-04	5.512244914530960854e-03
3.699999999999999947e-04	5.485181285088265926e-03
3.709999999999999648e-04	5.458091688396437928e-03
3.719999999999999891e-04	5.430977100710431341e-03
3.729999999999999592e-04	5.403838498285202380e-03
3.739999999999999835e-04	5.376676857375708996e-03
3.750000000000000078e-04	5.349493154236903067e-03
3.759999999999999779e-04	5.322288365123743412e-03
3.770000000000000022e-04	5.295063466291185378e-03
3.779999999999999723e-04	5.267819433994185181e-03
3.789999999999999966e-04	5.240557244487699037e-03
3.799999999999999667e-04	5.213277874026681427e-03
3.809999999999999910e-04	5.185982298866090301e-03
3.819999999999999611e-04	5.158671495260881007e-03
3.829999999999999854e-04	5.131346439466006291e-03
3.840000000000000097e-04	5.104008107736424972e-03
3.849999999999999798e-04	5.076657476327095866e-03
3.860000000000000041e-04	5.049295521492968251e-03
3.869999999999999742e-04	5.021923219489005281e-03
3.879999999999999985e-04	4.994541546570156233e-03
3.889999999999999686e-04	4.967151478991383394e-03
3.899999999999999929e-04	4.939753993007636908e-03
3.909999999999999630e-04	4.912350064873874725e-03
3.919999999999999873e-04	4.884940670845055663e-03
3.929999999999999574e-04	4.857526787176132468e-03
3.939999999999999817e-04	4.830109390122058755e-03
3.950000000000000061e-04	4.802689455937796809e-03
3.959999999999999762e-04	4.775267960878298509e-03
3.970000000000000005e-04	4.747845881198521807e-03
3.979999999999999706e-04	4.720424193153421183e-03
3.989999999999999949e-04	4.693003872997951118e-03
3.999999999999999650e-04	4.665585896987071296e-03
4.009999999999999893e-04	4.638171241375735332e-03
4.019999999999999594e-04	4.610760882418898574e-03
4.029999999999999837e-04	4.583355796371518971e-03
4.040000000000000080e-04	4.555956959488550138e-03
4.049999999999999781e-04	4.528565348024950026e-03
4.060000000000000024e-04	4.501181938235673113e-03
4.069999999999999725e-04	4.473807706375677352e-03
4.079999999999999968e-04	4.446443628699917223e-03
4.089999999999999669e-04	4.419090681463348942e-03
4.099999999999999912e-04	4.391749840920925255e-03
4.109999999999999613e-04	4.364422083327609315e-03
4.119999999999999856e-04	4.337108384938350401e-03
4.129999999999999557e-04	4.309809722008109932e-03
4.139999999999999800e-04	4.282527070791838052e-03
4.150000000000000043e-04	4.255261407544493578e-03
4.159999999999999744e-04	4.228013708521032726e-03
4.169999999999999987e-04	4.200784949976411713e-03
4.179999999999999688e-04	4.173576108165585885e-03
4.189999999999999931e-04	4.146388159343511459e-03
4.199999999999999632e-04	4.119222079765143783e-03
4.209999999999999875e-04	4.092078845685439940e-03
4.219999999999999576e-04	4.064959433359352677e-03
4.229999999999999819e-04	4.037864819041841677e-03
4.240000000000000062e-04	4.010795978987862290e-03
4.249999999999999763e-04	3.983753889452368996e-03
4.260000000000000006e-04	3.956739526690318011e-03
4.269999999999999707e-04	3.929753866956665551e-03
4.279999999999999950e-04	3.902797886506369131e-03
4.289999999999999651e-04	3.875872561594382801e-03
4.299999999999999894e-04	3.848978868475662340e-03
4.309999999999999595e-04	3.822117783405164400e-03
4.319999999999999838e-04	3.795290282637844761e-03
4.329999999999999539e-04	3.768497342428660940e-03
4.339999999999999782e-04	3.741739939032565250e-03
4.350000000000000026e-04	3.715019048704516508e-03
4.359999999999999726e-04	3.688335647699469630e-03
4.369999999999999970e-04	3.661690712272380830e-03
4.379999999999999671e-04	3.635085218678207625e-03
4.389999999999999914e-04	3.608520143171903630e-03
4.399999999999999615e-04	3.581996462008423757e-03
4.409999999999999858e-04	3.555515151442726392e-03
4.419999999999999559e-04	3.529077187729768618e-03
4.429999999999999802e-04	3.502683547124502746e-03
4.440000000000000045e-04	3.476335205881886294e-03
4.449999999999999746e-04	3.450033140256877646e-03
4.459999999999999989e-04	3.423778326504428680e-03
4.469999999999999690e-04	3.397571740879497780e-03
4.479999999999999933e-04	3.371414359637039861e-03
4.489999999999999634e-04	3.345307159032011573e-03
4.499999999999999877e-04	3.319251115319369130e-03
4.509999999999999578e-04	3.293247204754067448e-03
4.519999999999999821e-04	3.267296403591062309e-03
4.530000000000000064e-04	3.241399688085311662e-03
4.539999999999999765e-04	3.215558034491769988e-03
4.550000000000000008e-04	3.189772419065390469e-03
4.559999999999999709e-04	3.164043818061135823e-03
4.569999999999999952e-04	3.138373207733955329e-03
4.579999999999999653e-04	3.112761564338810839e-03
4.589999999999999896e-04	3.087209864130651196e-03
4.599999999999999597e-04	3.061719083364438689e-03
4.609999999999999840e-04	3.036290198295126062e-03
4.619999999999999541e-04	3.010924185177670832e-03
4.629999999999999784e-04	2.985622020267027481e-03
4.640000000000000027e-04	2.960384679818150924e-03
4.649999999999999728e-04	2.935213140086000844e-03
4.659999999999999971e-04	2.910108377325530855e-03
4.669999999999999672e-04	2.885071367791698475e-03
4.679999999999999915e-04	2.860103087739455582e-03
4.689999999999999616e-04	2.835204513423762295e-03
4.699999999999999859e-04	2.810376621099573528e-03
4.709999999999999560e-04	2.785620387021844630e-03
4.719999999999999803e-04	2.760936787445530949e-03
4.730000000000000046e-04	2.736326798625589134e-03
4.739999999999999747e-04	2.711791396816977569e-03
4.749999999999999990e-04	2.687331558274645964e-03
4.759999999999999691e-04	2.662948259253557475e-03
4.769999999999999934e-04	2.638642476008662679e-03
4.779999999999999635e-04	2.614415184794920827e-03
4.789999999999999879e-04	2.590267361867285532e-03
4.799999999999999580e-04	2.566199983480714746e-03
4.809999999999999823e-04	2.542214025890161648e-03
4.819999999999999524e-04	2.518310465350586357e-03
4.829999999999999767e-04	2.494490278116940751e-03
4.840000000000000010e-04	2.470754440444182347e-03
4.849999999999999711e-04	2.447103928587268662e-03
4.859999999999999954e-04	2.423539718801152876e-03
4.869999999999999655e-04	2.400062787340792071e-03
4.879999999999999898e-04	2.376674110461142464e-03
4.889999999999999599e-04	2.353374664417162004e-03
4.899999999999999842e-04	2.330165425463801270e-03
4.910000000000000085e-04	2.307047369856020380e-03
4.919999999999999244e-04	2.284021473848776417e-03
4.929999999999999487e-04	2.261088713697020827e-03
4.939999999999999730e-04	2.238250065655712426e-03
4.949999999999999973e-04	2.215506505979806130e-03
4.960000000000000216e-04	2.192859010924258587e-03
4.969999999999999375e-04	2.170308556744027315e-03
4.979999999999999618e-04	2.147856119694065494e-03
4.989999999999999861e-04	2.125502676029329772e-03
5.000000000000000104e-04	2.103249202004775498e-03
5.009999999999999263e-04	2.081096673875362790e-03
5.019999999999999506e-04	2.059046067896040492e-03
5.029999999999999749e-04	2.037098360321770024e-03
5.039999999999999992e-04	2.015254527407504999e-03
5.050000000000000235e-04	1.993515545408202066e-03
5.059999999999999394e-04	1.971882390578819175e-03
5.069999999999999637e-04	1.950356039174308206e-03
5.079999999999999880e-04	1.928937467449626892e-03
5.090000000000000123e-04	1.907627651659731232e-03
5.099999999999999282e-04	1.886427568059580260e-03
5.109999999999999525e-04	1.865338192904124771e-03
5.119999999999999768e-04	1.844360502448322715e-03
5.130000000000000011e-04	1.823495472947129440e-03
5.140000000000000254e-04	1.802744080655502030e-03
5.149999999999999413e-04	1.782107301828398434e-03
5.159999999999999656e-04	1.761586112720769882e-03
5.169999999999999899e-04	1.741181489587575191e-03
5.180000000000000143e-04	1.720894408683769274e-03
5.189999999999999301e-04	1.700725846264310517e-03
5.199999999999999544e-04	1.680676778584151449e-03
5.209999999999999788e-04	1.660748181898249586e-03
5.220000000000000031e-04	1.640941032461559843e-03
5.230000000000000274e-04	1.621256306529039737e-03
5.239999999999999433e-04	1.601694980355646784e-03
5.249999999999999676e-04	1.582258030196332429e-03
5.259999999999999919e-04	1.562946432306054406e-03
5.270000000000000162e-04	1.543761162939769147e-03
5.279999999999999321e-04	1.524703198352434820e-03
5.289999999999999564e-04	1.505773514799003520e-03
5.299999999999999807e-04	1.486973088534432330e-03
5.310000000000000050e-04	1.468302895813677683e-03
5.320000000000000293e-04	1.449763912891696011e-03
5.329999999999999452e-04	1.431357116023444613e-03
5.339999999999999695e-04	1.413083481463875152e-03
5.349999999999999938e-04	1.394943985467945796e-03
5.360000000000000181e-04	1.376939604290612976e-03
5.369999999999999340e-04	1.359071314186834642e-03
5.379999999999999583e-04	1.341340091411561374e-03
5.389999999999999826e-04	1.323746912219753505e-03
5.400000000000000069e-04	1.306292752866364650e-03
5.409999999999999228e-04	1.288978589606353193e-03
5.419999999999999471e-04	1.271805398694672747e-03
5.429999999999999714e-04	1.254774156386279744e-03
5.439999999999999957e-04	1.237885838936130401e-03
5.450000000000000200e-04	1.221141422599180716e-03
5.459999999999999359e-04	1.204541883630387772e-03
5.469999999999999602e-04	1.188088198284705833e-03
5.479999999999999845e-04	1.171781342817090898e-03
5.490000000000000088e-04	1.155622293482499834e-03
5.499999999999999247e-04	1.139612026535889071e-03
5.509999999999999490e-04	1.123751518232212225e-03
5.519999999999999733e-04	1.108041744826426811e-03
5.529999999999999976e-04	1.092483682573488178e-03
5.540000000000000219e-04	1.077078307728353409e-03
5.549999999999999378e-04	1.061826596545978937e-03
5.559999999999999621e-04	1.046729525281317507e-03
5.569999999999999864e-04	1.031788070189327503e-03
5.580000000000000107e-04	1.017003207524964058e-03
5.589999999999999266e-04	1.002375913543185337e-03
5.599999999999999509e-04	9.879071644989436546e-04
5.609999999999999752e-04	9.735979366471968514e-04
5.619999999999999996e-04	9.594492062429010350e-04
5.630000000000000239e-04	9.454619495410113367e-04
5.639999999999999397e-04	9.316371427964853817e-04
5.649999999999999641e-04	9.179757622642773255e-04
5.659999999999999884e-04	9.044787841993432755e-04
5.670000000000000127e-04	8.911471848566396639e-04
5.679999999999999286e-04	8.779819404911238991e-04
5.689999999999999529e-04	8.649840273577484020e-04
5.699999999999999772e-04	8.521544217114718819e-04
5.710000000000000015e-04	8.394940998072487112e-04
5.720000000000000258e-04	8.270040379000357560e-04
5.729999999999999417e-04	8.146852122447906415e-04
5.739999999999999660e-04	8.025385990964661138e-04
5.749999999999999903e-04	7.905651747100192559e-04
5.760000000000000146e-04	7.787659153404063919e-04
5.769999999999999305e-04	7.671417972425841709e-04
5.779999999999999548e-04	7.556937966715068572e-04
5.789999999999999791e-04	7.444228898821309915e-04
5.800000000000000034e-04	7.333300531294125726e-04
5.810000000000000277e-04	7.224162626683081415e-04
5.819999999999999436e-04	7.116824947537740221e-04
5.829999999999999679e-04	7.011297256407646953e-04
5.839999999999999922e-04	6.907589315842363768e-04
5.850000000000000165e-04	6.805710888391447401e-04
5.859999999999999324e-04	6.705671736604480607e-04
5.869999999999999567e-04	6.607481623030998438e-04
5.879999999999999810e-04	6.511150310220558714e-04
5.890000000000000053e-04	6.416687560722736600e-04
5.899999999999999212e-04	6.324103137087096422e-04
5.909999999999999455e-04	6.233406801863169977e-04
5.919999999999999698e-04	6.144608317600535686e-04
5.929999999999999941e-04	6.057717446848745945e-04
5.940000000000000184e-04	5.972743952157366166e-04
5.949999999999999343e-04	5.889697596075962839e-04
5.959999999999999586e-04	5.808588141154080774e-04
5.969999999999999829e-04	5.729425349941278875e-04
5.980000000000000072e-04	5.652218984987122550e-04
5.989999999999999231e-04	5.576978808841183714e-04
5.999999999999999474e-04	5.503714584052997417e-04
6.009999999999999717e-04	5.432436073172140995e-04
6.019999999999999961e-04	5.363153038748160340e-04
6.030000000000000204e-04	5.295875243330621946e-04
6.039999999999999362e-04	5.230612449469097727e-04
6.049999999999999606e-04	5.167374419713125985e-04
6.059999999999999849e-04	5.106170916612269963e-04
6.070000000000000092e-04	5.047011702716097236e-04
6.079999999999999251e-04	4.989906540574172130e-04
6.089999999999999494e-04	4.934865192736036200e-04
6.099999999999999737e-04	4.881897421751265698e-04
6.109999999999999980e-04	4.831012990169404348e-04
6.120000000000000223e-04	4.782221660540027317e-04
6.129999999999999382e-04	4.735533195412685919e-04
6.139999999999999625e-04	4.690957357336937973e-04
6.149999999999999868e-04	4.648503908862345636e-04
6.160000000000000111e-04	4.608182612538466727e-04
6.169999999999999270e-04	4.570003230914868823e-04
6.179999999999999513e-04	4.533975526541096732e-04
6.189999999999999756e-04	4.500109261966721286e-04
6.199999999999999999e-04	4.468414199741293797e-04
6.210000000000000242e-04	4.438900102414382928e-04
6.219999999999999401e-04	4.411576732535544328e-04
6.229999999999999644e-04	4.386453852654332566e-04
6.239999999999999887e-04	4.363541225320309797e-04
6.250000000000000130e-04	4.342848613083039261e-04
6.259999999999999289e-04	4.324385778492075526e-04
6.269999999999999532e-04	4.308162484096981831e-04
6.279999999999999775e-04	4.294188492447311659e-04
6.290000000000000018e-04	4.282473566092631504e-04
6.299999999999999177e-04	4.273027467582500268e-04
6.309999999999999420e-04	4.265859959466475771e-04
6.319999999999999663e-04	4.260980804294111496e-04
6.329999999999999906e-04	4.258399764614975019e-04
6.340000000000000149e-04	4.258126602978618740e-04
6.349999999999999308e-04	4.260171081934610235e-04
6.359999999999999551e-04	4.264542964032500818e-04
6.369999999999999794e-04	4.271252011821854815e-04
6.380000000000000037e-04	4.280307987852230043e-04
6.389999999999999196e-04	4.291720654673188660e-04
6.399999999999999439e-04	4.305499774834285233e-04
6.409999999999999682e-04	4.321655110885084085e-04
6.419999999999999925e-04	4.340196425375143037e-04
6.430000000000000169e-04	4.361133480854020991e-04
6.439999999999999327e-04	4.384476039871273599e-04
6.449999999999999570e-04	4.410233864976465185e-04
6.459999999999999814e-04	4.438416718719152484e-04
6.470000000000000057e-04	4.469034363648895485e-04
6.479999999999999215e-04	4.502096562315255259e-04
6.489999999999999459e-04	4.537613077267789626e-04
6.499999999999999702e-04	4.575593671056060741e-04
6.509999999999999945e-04	4.616048106229624255e-04
6.520000000000000188e-04	4.658986145338043410e-04
6.529999999999999347e-04	4.704417550930871687e-04
6.539999999999999590e-04	4.752352085557676664e-04
6.549999999999999833e-04	4.802799511768008570e-04
6.560000000000000076e-04	4.855769592111436068e-04
6.569999999999999235e-04	4.911272089137503965e-04
6.579999999999999478e-04	4.969316765395792850e-04
6.589999999999999721e-04	5.029913383435848616e-04
6.599999999999999964e-04	5.093071705807234503e-04
6.610000000000000207e-04	5.158801495059506161e-04
6.619999999999999366e-04	5.227112513742217074e-04
6.629999999999999609e-04	5.298014524404946746e-04
6.639999999999999852e-04	5.371517289597239984e-04
6.650000000000000095e-04	5.447630571868656776e-04
6.659999999999999254e-04	5.526364133768754943e-04
6.669999999999999497e-04	5.607727737847100977e-04
6.679999999999999740e-04	5.691731146653254865e-04
6.689999999999999983e-04	5.778384122736772259e-04
6.700000000000000226e-04	5.867696428647210978e-04
6.709999999999999385e-04	5.959677826934120168e-04
6.719999999999999628e-04	6.054338080147082584e-04
6.729999999999999871e-04	6.151686950835646289e-04
6.740000000000000114e-04	6.251734201549370186e-04
6.749999999999999273e-04	6.354489594837802336e-04
6.759999999999999516e-04	6.459962893250526580e-04
6.769999999999999759e-04	6.568163859337086642e-04
6.780000000000000002e-04	6.679102255647046847e-04
6.789999999999999161e-04	6.792787844729949835e-04
6.799999999999999404e-04	6.909230389135388121e-04
6.809999999999999647e-04	7.028439651412896755e-04
6.819999999999999890e-04	7.150425394112041146e-04
6.830000000000000134e-04	7.275197379782382366e-04
6.839999999999999292e-04	7.402765370973467393e-04
6.849999999999999535e-04	7.533139130234875729e-04
6.859999999999999779e-04	7.666328420116157605e-04
6.870000000000000022e-04	7.802343003166871925e-04
6.879999999999999180e-04	7.941192641936565665e-04
6.889999999999999424e-04	8.082887098974823751e-04
6.899999999999999667e-04	8.227436136831192074e-04
6.909999999999999910e-04	8.374849518055236045e-04
6.920000000000000153e-04	8.525137005196501555e-04
6.929999999999999312e-04	8.678308360804545341e-04
6.939999999999999555e-04	8.834373347428953411e-04
6.949999999999999798e-04	8.993341727619270573e-04
6.960000000000000041e-04	9.155223263925051395e-04
6.969999999999999200e-04	9.320027718895842854e-04
6.979999999999999443e-04	9.487764855081238548e-04
6.989999999999999686e-04	9.658444435030783285e-04
6.999999999999999929e-04	9.832076221294027297e-04
7.010000000000000172e-04	1.000866997642053816e-03
7.019999999999999331e-04	1.018823546295985309e-03
7.029999999999999574e-04	1.037078244346157328e-03
7.039999999999999817e-04	1.055632068047523270e-03
7.050000000000000060e-04	1.074485993655039566e-03
7.059999999999999219e-04	1.093640997423660048e-03
7.069999999999999462e-04	1.113098055608344617e-03
7.079999999999999705e-04	1.132858144464046887e-03
7.089999999999999948e-04	1.152922240245723290e-03
7.100000000000000191e-04	1.173291319208329825e-03
7.109999999999999350e-04	1.193966357606819888e-03
7.119999999999999593e-04	1.214948331696153816e-03
7.129999999999999836e-04	1.236238217731285656e-03
7.140000000000000079e-04	1.257836991967170972e-03
7.149999999999999238e-04	1.279745630658763811e-03
7.159999999999999481e-04	1.301965110061024510e-03
7.169999999999999724e-04	1.324496406428906465e-03
7.179999999999999967e-04	1.347340496017365892e-03
7.190000000000000210e-04	1.370498355081358789e-03
7.199999999999999369e-04	1.393970959875838987e-03
7.209999999999999612e-04	1.417759286655766171e-03
7.219999999999999855e-04	1.441864311676094605e-03
7.230000000000000098e-04	1.466287011191780287e-03
7.239999999999999257e-04	1.491028361457776832e-03
7.249999999999999500e-04	1.516089338729044791e-03
7.259999999999999743e-04	1.541470919260537562e-03
7.269999999999999987e-04	1.567174079307211143e-03
7.279999999999999145e-04	1.593199795124019148e-03
7.289999999999999388e-04	1.619549042965922345e-03
7.299999999999999632e-04	1.646222799087874783e-03
7.309999999999999875e-04	1.673222039744831809e-03
7.320000000000000118e-04	1.700547741191748771e-03
7.329999999999999277e-04	1.728200879683579935e-03
7.339999999999999520e-04	1.756182431475286285e-03
7.349999999999999763e-04	1.784493372821821652e-03
7.360000000000000006e-04	1.813134679978140517e-03
7.369999999999999165e-04	1.842107329199196494e-03
7.379999999999999408e-04	1.871412296739952521e-03
