-1.830000000000000029e-04	-3.000652556320006692e-04
-1.819999999999999786e-04	-4.208177021145996749e-04
-1.809999999999999814e-04	-5.352368553904549974e-04
-1.799999999999999842e-04	-6.434384424652049659e-04
-1.789999999999999870e-04	-7.455381903444848737e-04
-1.779999999999999898e-04	-8.416518260339298516e-04
-1.769999999999999926e-04	-9.318950765391747050e-04
-1.759999999999999954e-04	-1.016383668865854890e-03
-1.749999999999999982e-04	-1.095233330019605537e-03
-1.740000000000000010e-04	-1.168559787006061669e-03
-1.730000000000000038e-04	-1.236478766830859067e-03
-1.719999999999999795e-04	-1.299105996499633729e-03
-1.709999999999999823e-04	-1.356557203018017533e-03
-1.699999999999999851e-04	-1.408948113391647128e-03
-1.689999999999999879e-04	-1.456394454626158295e-03
-1.679999999999999907e-04	-1.499011953727185731e-03
-1.669999999999999935e-04	-1.536916337700365001e-03
-1.659999999999999963e-04	-1.570223333551330801e-03
-1.649999999999999991e-04	-1.599048668285718696e-03
-1.640000000000000019e-04	-1.623508068909163384e-03
-1.630000000000000047e-04	-1.643717262427300428e-03
-1.619999999999999804e-04	-1.659791975845764742e-03
-1.609999999999999832e-04	-1.671847936170191458e-03
-1.599999999999999860e-04	-1.680000870406215055e-03
-1.589999999999999888e-04	-1.684366505559471748e-03
-1.579999999999999916e-04	-1.685060568635596669e-03
-1.569999999999999944e-04	-1.682198786640224514e-03
-1.559999999999999972e-04	-1.675896886578989980e-03
-1.550000000000000000e-04	-1.666270595457528848e-03
-1.540000000000000028e-04	-1.653435640281476901e-03
-1.530000000000000056e-04	-1.637507748056467316e-03
-1.519999999999999813e-04	-1.618602645788136743e-03
-1.509999999999999841e-04	-1.596836060482120529e-03
-1.499999999999999869e-04	-1.572323719144052721e-03
-1.489999999999999897e-04	-1.545181348779569317e-03
-1.479999999999999925e-04	-1.515524676394305230e-03
-1.469999999999999953e-04	-1.483469428993894942e-03
-1.459999999999999981e-04	-1.449131333583975534e-03
-1.450000000000000009e-04	-1.412626117170179968e-03
-1.440000000000000036e-04	-1.374069506758144677e-03
-1.430000000000000064e-04	-1.333577229353504140e-03
-1.419999999999999821e-04	-1.291265011961892622e-03
-1.409999999999999849e-04	-1.247248581588947204e-03
-1.399999999999999877e-04	-1.201643665240302366e-03
-1.389999999999999905e-04	-1.154565989921593457e-03
-1.379999999999999933e-04	-1.106131282638454739e-03
-1.369999999999999961e-04	-1.056455270396522211e-03
-1.359999999999999989e-04	-1.005653680201430353e-03
-1.350000000000000017e-04	-9.538422390588149457e-04
-1.340000000000000045e-04	-9.011366739743106868e-04
-1.330000000000000073e-04	-8.476527119535529238e-04
-1.319999999999999830e-04	-7.935060800021750526e-04
-1.309999999999999858e-04	-7.388125051258152397e-04
-1.299999999999999886e-04	-6.836877143301077486e-04
-1.289999999999999914e-04	-6.282474346206870595e-04
-1.279999999999999942e-04	-5.726073930031885199e-04
-1.269999999999999970e-04	-5.168833164832470437e-04
-1.259999999999999998e-04	-4.611909320664980870e-04
-1.250000000000000026e-04	-4.056459667585769974e-04
-1.240000000000000054e-04	-3.503641475651182551e-04
-1.229999999999999811e-04	-2.954612014917558523e-04
-1.219999999999999974e-04	-2.410486570572177708e-04
-1.210000000000000002e-04	-1.872212488325811967e-04
-1.199999999999999895e-04	-1.340695129020152184e-04
-1.189999999999999923e-04	-8.168398534969045571e-05
-1.179999999999999951e-04	-3.015520225977547515e-05
-1.169999999999999979e-04	2.042630028356059082e-05
-1.160000000000000007e-04	6.996998619614873177e-05
-1.149999999999999899e-04	1.183853193938199034e-04
-1.139999999999999927e-04	1.655817637924040110e-04
-1.129999999999999955e-04	2.114687833077325083e-04
-1.119999999999999983e-04	2.559558418556361851e-04
-1.110000000000000011e-04	2.989524033519457631e-04
-1.099999999999999904e-04	3.403679317124925878e-04
-1.089999999999999932e-04	3.801118908531065949e-04
-1.079999999999999960e-04	4.180937446896189672e-04
-1.069999999999999988e-04	4.542229571378603994e-04
-1.060000000000000016e-04	4.884089921136619116e-04
-1.049999999999999908e-04	5.205613135328547407e-04
-1.039999999999999936e-04	5.505893853112686599e-04
-1.029999999999999964e-04	5.784026713647348519e-04
-1.019999999999999992e-04	6.039106356090846077e-04
-1.010000000000000020e-04	6.270227419601484596e-04
-9.999999999999999124e-05	6.476484543337574819e-04
-9.899999999999999404e-05	6.656972366457416645e-04
-9.799999999999999684e-05	6.810785528119325154e-04
-9.699999999999999963e-05	6.937018667481605668e-04
-9.600000000000000243e-05	7.034766423702568930e-04
-9.499999999999999168e-05	7.103123435940523513e-04
-9.399999999999999448e-05	7.141184343353772571e-04
-9.299999999999999727e-05	7.148043785100630099e-04
-9.200000000000000007e-05	7.122796400339398166e-04
-9.099999999999998932e-05	7.064536828228391852e-04
-8.999999999999999212e-05	6.972359707925908888e-04
-8.899999999999999491e-05	6.845359678590268691e-04
-8.799999999999999771e-05	6.682631379379775499e-04
-8.700000000000000051e-05	6.483269449452736801e-04
-8.599999999999998976e-05	6.246368527967455751e-04
-8.499999999999999255e-05	5.971023254082248512e-04
-8.399999999999999535e-05	5.656328266955422575e-04
-8.299999999999999815e-05	5.301378205745282176e-04
-8.200000000000000095e-05	4.905267709610132637e-04
-8.099999999999999019e-05	4.467091417708285786e-04
-7.999999999999999299e-05	3.985943969198057785e-04
-7.899999999999999579e-05	3.460920003237743115e-04
-7.799999999999999859e-05	2.891114158985661192e-04
-7.700000000000000139e-05	2.275621075600111915e-04
-7.599999999999999063e-05	1.613535392239397355e-04
-7.499999999999999343e-05	9.039517480618477693e-05
-7.399999999999999623e-05	1.459647822257565536e-05
-7.299999999999999903e-05	-6.613308661105698864e-05
-7.200000000000000182e-05	-1.518840557788818640e-04
-7.099999999999999107e-05	-2.427469653650694142e-04
-6.999999999999999387e-05	-3.388123514537868305e-04
-6.899999999999999667e-05	-4.401707501292039058e-04
-6.799999999999999946e-05	-5.469126974754895659e-04
-6.700000000000000226e-05	-6.591287295768146880e-04
-6.599999999999999151e-05	-7.769093825173473307e-04
-6.499999999999999431e-05	-9.003451923812568532e-04
-6.399999999999999710e-05	-1.029526695252711097e-03
-6.299999999999999990e-05	-1.164487904694941432e-03
-6.200000000000000270e-05	-1.305036744187421192e-03
-6.099999999999999872e-05	-1.450924614688684422e-03
-5.999999999999999474e-05	-1.601902917157263864e-03
-5.899999999999999754e-05	-1.757723052551693780e-03
-5.800000000000000034e-05	-1.918136421830508431e-03
-5.699999999999999636e-05	-2.082894425952241425e-03
-5.599999999999999916e-05	-2.251748465875427242e-03
-5.499999999999999518e-05	-2.424449942558601009e-03
-5.399999999999999798e-05	-2.600750256960292651e-03
-5.300000000000000078e-05	-2.780400810039038162e-03
-5.199999999999999680e-05	-2.963153002753375707e-03
-5.099999999999999960e-05	-3.148758236061830872e-03
-4.999999999999999562e-05	-3.336967910922943991e-03
-4.899999999999999842e-05	-3.527533428295245854e-03
-4.800000000000000122e-05	-3.720206189137272024e-03
-4.699999999999999724e-05	-3.914737594407555893e-03
-4.600000000000000004e-05	-4.110879045064631289e-03
-4.499999999999999606e-05	-4.308381942067033774e-03
-4.399999999999999886e-05	-4.506997686373292837e-03
-4.299999999999999488e-05	-4.706477678941948378e-03
-4.199999999999999768e-05	-4.906573320731528152e-03
-4.100000000000000047e-05	-5.107036012700570324e-03
-3.999999999999999650e-05	-5.307617155807607852e-03
-3.899999999999999929e-05	-5.508068151011175431e-03
-3.799999999999999532e-05	-5.708140399269803419e-03
-3.699999999999999811e-05	-5.907585301542026511e-03
-3.600000000000000091e-05	-6.106154258786384605e-03
-3.499999999999999693e-05	-6.303598671961407190e-03
-3.399999999999999973e-05	-6.499669942025625494e-03
-3.299999999999999575e-05	-6.694119469937579413e-03
-3.199999999999999855e-05	-6.886698656655797571e-03
-3.100000000000000135e-05	-7.077158903138816397e-03
-2.999999999999999737e-05	-7.265251610345168851e-03
-2.900000000000000017e-05	-7.450728179233390494e-03
-2.799999999999999958e-05	-7.633340010762011685e-03
-2.699999999999999899e-05	-7.812838505889568852e-03
-2.599999999999999840e-05	-7.988975065574601894e-03
-2.499999999999999781e-05	-8.161501090775635098e-03
-2.400000000000000061e-05	-8.330167982451203157e-03
-2.300000000000000002e-05	-8.494727141559844236e-03
-2.199999999999999943e-05	-8.654929969060093028e-03
-2.099999999999999884e-05	-8.810527865910479026e-03
-1.999999999999999825e-05	-8.961272233069538656e-03
-1.899999999999999766e-05	-9.106914471495806615e-03
-1.800000000000000046e-05	-9.247205982147814127e-03
-1.699999999999999987e-05	-9.381898165984097621e-03
-1.599999999999999928e-05	-9.510742423963191791e-03
-1.499999999999999869e-05	-9.633490157043626129e-03
-1.399999999999999979e-05	-9.749892766183938797e-03
-1.299999999999999920e-05	-9.859701652342661021e-03
-1.200000000000000030e-05	-9.962668216478327496e-03
-1.099999999999999971e-05	-1.005854385954947292e-02
-9.999999999999999124e-06	-1.014707998251463197e-02
-9.000000000000000228e-06	-1.022802798633233416e-02
-7.999999999999999638e-06	-1.030113927196112111e-02
-6.999999999999999895e-06	-1.036616524035952058e-02
-6.000000000000000152e-06	-1.042285729248606727e-02
-4.999999999999999562e-06	-1.047096682929929759e-02
-3.999999999999999819e-06	-1.051031638013950019e-02
-3.000000000000000076e-06	-1.054101298787401067e-02
-1.999999999999999909e-06	-1.056323482375192031e-02
-9.999999999999999547e-07	-1.057716005902230826e-02
0.000000000000000000e+00	-1.058296686493428139e-02
9.999999999999999547e-07	-1.058083341273691712e-02
1.999999999999999909e-06	-1.057093787367930846e-02
3.000000000000000076e-06	-1.055345841901055189e-02
3.999999999999999819e-06	-1.052857321997972828e-02
4.999999999999999562e-06	-1.049646044783593586e-02
6.000000000000000152e-06	-1.045729827382826070e-02
6.999999999999999895e-06	-1.041126486920579408e-02
7.999999999999999638e-06	-1.035853840521762555e-02
9.000000000000000228e-06	-1.029929705311284117e-02
9.999999999999999124e-06	-1.023371898414054092e-02
1.099999999999999971e-05	-1.016198236954980912e-02
1.200000000000000030e-05	-1.008426538058973011e-02
1.299999999999999920e-05	-1.000074618850940733e-02
1.399999999999999979e-05	-9.911602964557919906e-03
1.499999999999999869e-05	-9.817013879984364325e-03
1.599999999999999928e-05	-9.717157106037828396e-03
1.699999999999999987e-05	-9.612210813967399931e-03
1.800000000000000046e-05	-9.502353175022175413e-03
1.899999999999999766e-05	-9.387762360451240920e-03
1.999999999999999825e-05	-9.268616541503685996e-03
2.099999999999999884e-05	-9.145093889428601922e-03
2.199999999999999943e-05	-9.017372575475078242e-03
2.300000000000000002e-05	-8.885630770892207972e-03
2.400000000000000061e-05	-8.750046646929077188e-03
2.499999999999999781e-05	-8.610798374834777169e-03
2.599999999999999840e-05	-8.468064125858400931e-03
2.699999999999999899e-05	-8.322022071249036285e-03
2.799999999999999958e-05	-8.172850382255774510e-03
2.900000000000000017e-05	-8.020727230127701682e-03
2.999999999999999737e-05	-7.865830786113914286e-03
3.100000000000000135e-05	-7.708339221463501867e-03
3.199999999999999855e-05	-7.548430707425547032e-03
3.299999999999999575e-05	-7.386283415249150601e-03
3.399999999999999973e-05	-7.222075516183394314e-03
3.499999999999999693e-05	-7.055985181477375523e-03
3.600000000000000091e-05	-6.888190582380179436e-03
3.699999999999999811e-05	-6.718869890140894731e-03
3.799999999999999532e-05	-6.548201276008612688e-03
3.899999999999999929e-05	-6.376362911232427190e-03
3.999999999999999650e-05	-6.203532967061426047e-03
4.100000000000000047e-05	-6.029889614744698804e-03
4.199999999999999768e-05	-5.855611025531343682e-03
4.299999999999999488e-05	-5.680875370670436346e-03
4.399999999999999886e-05	-5.505860821411075016e-03
4.499999999999999606e-05	-5.330745549002350973e-03
4.600000000000000004e-05	-5.155707724693352027e-03
4.699999999999999724e-05	-4.980925519733169458e-03
4.800000000000000122e-05	-4.806577105370892812e-03
4.899999999999999842e-05	-4.632840652855609032e-03
4.999999999999999562e-05	-4.459894333436418938e-03
5.099999999999999960e-05	-4.287916318362401669e-03
5.199999999999999680e-05	-4.117084778882652840e-03
5.300000000000000078e-05	-3.947577886246257661e-03
5.399999999999999798e-05	-3.779573811702313484e-03
5.499999999999999518e-05	-3.613219805601383759e-03
5.599999999999999916e-05	-3.448539434699934066e-03
5.699999999999999636e-05	-3.285525344855926878e-03
5.800000000000000034e-05	-3.124170181927296477e-03
5.899999999999999754e-05	-2.964466591772001430e-03
5.999999999999999474e-05	-2.806407220247988596e-03
6.099999999999999872e-05	-2.649984713213200931e-03
6.200000000000000270e-05	-2.495191716525590065e-03
6.299999999999999990e-05	-2.342020876043106326e-03
6.399999999999999710e-05	-2.190464837623699607e-03
6.499999999999999431e-05	-2.040516247125313733e-03
6.599999999999999151e-05	-1.892167750405902935e-03
6.700000000000000226e-05	-1.745411993323406049e-03
6.799999999999999946e-05	-1.600241621735780991e-03
6.899999999999999667e-05	-1.456649281500974622e-03
6.999999999999999387e-05	-1.314627618476933582e-03
7.099999999999999107e-05	-1.174169278521606250e-03
7.200000000000000182e-05	-1.035266907492941001e-03
7.299999999999999903e-05	-8.979131512488901148e-04
7.399999999999999623e-05	-7.621006556473955721e-04
7.499999999999999343e-05	-6.278220665464134473e-04
7.599999999999999063e-05	-4.950700298038850696e-04
7.700000000000000139e-05	-3.638371912777634779e-04
7.799999999999999859e-05	-2.341161968259979705e-04
7.899999999999999579e-05	-1.058996923065339560e-04
7.999999999999999299e-05	2.081967642267687856e-05
8.099999999999999019e-05	1.460492635036899343e-04
8.200000000000000095e-05	2.697964230785544933e-04
8.299999999999999815e-05	3.920685092893222228e-04
8.399999999999999535e-05	5.128728762780425778e-04
8.499999999999999255e-05	6.322168781867689704e-04
8.599999999999998976e-05	7.501078691575506930e-04
8.700000000000000051e-05	8.665532033324458740e-04
8.799999999999999771e-05	9.815602348535001735e-04
8.899999999999999491e-05	1.095136317862763697e-03
8.999999999999999212e-05	1.207288806502290453e-03
9.099999999999998932e-05	1.318025054914132499e-03
9.200000000000000007e-05	1.427352417240343192e-03
9.299999999999999727e-05	1.535278247622966349e-03
9.399999999999999448e-05	1.641809900204062268e-03
9.499999999999999168e-05	1.746954729125674115e-03
9.600000000000000243e-05	1.850720088529862620e-03
9.699999999999999963e-05	1.953113332558671818e-03
9.799999999999999684e-05	2.054141815354155933e-03
9.899999999999999404e-05	2.153812891058364855e-03
9.999999999999999124e-05	2.252133913813351290e-03
1.010000000000000020e-04	2.349112237761169682e-03
1.019999999999999992e-04	2.444755217043866231e-03
1.029999999999999964e-04	2.539070205803494514e-03
1.039999999999999936e-04	2.632064558182105503e-03
1.049999999999999908e-04	2.723745628321752772e-03
1.060000000000000016e-04	2.814120770364485994e-03
1.069999999999999988e-04	2.903197338452354406e-03
1.079999999999999960e-04	2.990982686727413752e-03
1.089999999999999932e-04	3.077484169331714137e-03
1.099999999999999904e-04	3.162709140407306534e-03
1.110000000000000011e-04	3.246664954096241916e-03
1.119999999999999983e-04	3.329358964540572122e-03
1.129999999999999955e-04	3.410798525882348560e-03
1.139999999999999927e-04	3.490990992263622635e-03
1.149999999999999899e-04	3.569943717826443586e-03
1.160000000000000007e-04	3.647664056712867590e-03
1.169999999999999979e-04	3.724159363064943884e-03
1.179999999999999951e-04	3.799436991024723442e-03
1.189999999999999923e-04	3.873504294734256802e-03
1.199999999999999895e-04	3.946368628335598407e-03
1.210000000000000002e-04	4.018037345970797494e-03
1.219999999999999974e-04	4.088517801781905471e-03
1.229999999999999811e-04	4.157817349910972876e-03
1.240000000000000054e-04	4.225943344500056320e-03
1.250000000000000026e-04	4.292903139691198536e-03
1.259999999999999998e-04	4.358704089626457868e-03
1.269999999999999970e-04	4.423353548447883990e-03
1.279999999999999942e-04	4.486858870297529174e-03
1.289999999999999914e-04	4.549227409317440490e-03
1.299999999999999886e-04	4.610466519649676284e-03
1.309999999999999858e-04	4.670583555436279288e-03
1.319999999999999830e-04	4.729585870819312185e-03
1.330000000000000073e-04	4.787480819940817707e-03
1.340000000000000045e-04	4.844275756942849863e-03
1.350000000000000017e-04	4.899978035967458324e-03
1.359999999999999989e-04	4.954595011156697967e-03
1.369999999999999961e-04	5.008134036652619331e-03
1.379999999999999933e-04	5.060602466597272087e-03
1.389999999999999905e-04	5.112007655132707641e-03
1.399999999999999877e-04	5.162356956400981738e-03
1.409999999999999849e-04	5.211657724544141446e-03
1.419999999999999821e-04	5.259917313704236437e-03
1.430000000000000064e-04	5.307143078023325924e-03
1.440000000000000036e-04	5.353342371643452641e-03
1.450000000000000009e-04	5.398522548706673196e-03
1.459999999999999981e-04	5.442690963355035529e-03
1.469999999999999953e-04	5.485854969730596248e-03
1.479999999999999925e-04	5.528021921975402424e-03
1.489999999999999897e-04	5.569199174231506330e-03
1.499999999999999869e-04	5.609394080640960241e-03
1.509999999999999841e-04	5.648613995345818165e-03
1.519999999999999813e-04	5.686866272488124568e-03
1.530000000000000056e-04	5.724158266209938666e-03
1.540000000000000028e-04	5.760497330653307525e-03
1.550000000000000000e-04	5.795890819960282554e-03
1.559999999999999972e-04	5.830346088272916893e-03
1.569999999999999944e-04	5.863870489733260215e-03
1.579999999999999916e-04	5.896471378483363925e-03
1.589999999999999888e-04	5.928156108665280297e-03
1.599999999999999860e-04	5.958932034421063340e-03
1.609999999999999832e-04	5.988806509892759256e-03
1.619999999999999804e-04	6.017786889222422921e-03
1.630000000000000047e-04	6.045880526552108343e-03
1.640000000000000019e-04	6.073094776023859991e-03
1.649999999999999991e-04	6.099436991779734474e-03
1.659999999999999963e-04	6.124914527961781464e-03
1.669999999999999935e-04	6.149534738712053236e-03
1.679999999999999907e-04	6.173304978172602063e-03
1.689999999999999879e-04	6.196232600485476749e-03
1.699999999999999851e-04	6.218324959792730436e-03
1.709999999999999823e-04	6.239589410236414529e-03
1.719999999999999795e-04	6.260033305958578702e-03
1.730000000000000038e-04	6.279664001101276961e-03
1.740000000000000010e-04	6.298488849806558980e-03
1.749999999999999982e-04	6.316515206216477031e-03
1.759999999999999954e-04	6.333750424473084256e-03
1.769999999999999926e-04	6.350201858718425990e-03
1.779999999999999898e-04	6.365876863094560578e-03
1.789999999999999870e-04	6.380782791743536825e-03
1.799999999999999842e-04	6.394926998807406136e-03
1.809999999999999814e-04	6.408316838428221654e-03
1.819999999999999786e-04	6.420959664748030447e-03
1.830000000000000029e-04	6.432862831908889127e-03
1.840000000000000001e-04	6.444033694052844763e-03
1.849999999999999973e-04	6.454479605321952231e-03
1.859999999999999945e-04	6.464207919858260334e-03
1.869999999999999917e-04	6.473225991803823083e-03
1.879999999999999890e-04	6.481541175300689281e-03
1.889999999999999862e-04	6.489160824490912069e-03
1.899999999999999834e-04	6.496092293516541119e-03
1.909999999999999806e-04	6.502342936519630440e-03
1.920000000000000049e-04	6.507920107642230570e-03
1.930000000000000021e-04	6.512831161026392049e-03
1.939999999999999993e-04	6.517083450814166283e-03
1.949999999999999965e-04	6.520684331147606413e-03
1.959999999999999937e-04	6.523641156168762979e-03
1.969999999999999909e-04	6.525961280019683917e-03
1.979999999999999881e-04	6.527652056842426706e-03
1.989999999999999853e-04	6.528720840779041884e-03
1.999999999999999825e-04	6.529174985971575654e-03
2.009999999999999797e-04	6.529021846562083758e-03
2.020000000000000040e-04	6.528268776692618472e-03
2.030000000000000012e-04	6.526923130505227731e-03
2.039999999999999984e-04	6.524992262141968147e-03
2.049999999999999956e-04	6.522483525744883319e-03
2.059999999999999928e-04	6.519404275456031593e-03
2.069999999999999900e-04	6.515761865417464375e-03
2.079999999999999872e-04	6.511563649771227869e-03
2.089999999999999844e-04	6.506816982659375213e-03
2.099999999999999816e-04	6.501529218223960419e-03
2.109999999999999788e-04	6.495707710607030554e-03
2.120000000000000031e-04	6.489359813950645699e-03
2.130000000000000003e-04	6.482492882396849454e-03
2.139999999999999975e-04	6.475114270087693226e-03
2.149999999999999947e-04	6.467231331165233625e-03
2.159999999999999919e-04	6.458851419771517721e-03
2.169999999999999891e-04	6.449981890048597788e-03
2.179999999999999863e-04	6.440630096138526967e-03
2.189999999999999835e-04	6.430803392183354929e-03
2.199999999999999807e-04	6.420509132325138285e-03
2.209999999999999779e-04	6.409754670705916299e-03
2.220000000000000022e-04	6.398547361467753387e-03
2.229999999999999994e-04	6.386894558752695752e-03
2.239999999999999966e-04	6.374803616702791331e-03
2.249999999999999938e-04	6.362281889460098469e-03
2.259999999999999910e-04	6.349336731166664236e-03
2.269999999999999882e-04	6.335975495964538302e-03
2.279999999999999854e-04	6.322205537995777280e-03
2.289999999999999826e-04	6.308034211402430841e-03
2.299999999999999799e-04	6.293468870326550391e-03
2.309999999999999771e-04	6.278516868910183867e-03
2.320000000000000014e-04	6.263185561295387012e-03
2.329999999999999986e-04	6.247482301624212100e-03
2.339999999999999958e-04	6.231414444038702732e-03
2.349999999999999930e-04	6.214989342680921590e-03
2.359999999999999902e-04	6.198214351692914008e-03
2.369999999999999874e-04	6.181096825216729658e-03
2.379999999999999846e-04	6.163644117394423416e-03
2.389999999999999818e-04	6.145863582368044087e-03
2.399999999999999790e-04	6.127762574279647413e-03
2.409999999999999762e-04	6.109348447271279597e-03
2.420000000000000005e-04	6.090628555484993781e-03
2.429999999999999977e-04	6.071610253062845707e-03
2.439999999999999949e-04	6.052300894146880710e-03
2.449999999999999921e-04	6.032707832879152798e-03
2.459999999999999622e-04	6.012838423401715982e-03
2.469999999999999865e-04	5.992700019856613859e-03
2.480000000000000108e-04	5.972299976385907379e-03
2.489999999999999809e-04	5.951645647131644477e-03
2.500000000000000052e-04	5.930744386235872224e-03
2.509999999999999753e-04	5.909603547840649833e-03
2.519999999999999996e-04	5.888230486088018301e-03
2.529999999999999697e-04	5.866632555120042045e-03
2.539999999999999940e-04	5.844817109078762930e-03
2.549999999999999641e-04	5.822791502106235834e-03
2.559999999999999884e-04	5.800563088344512161e-03
2.570000000000000127e-04	5.778139221935638982e-03
2.579999999999999828e-04	5.755527257021678111e-03
2.590000000000000071e-04	5.732734547744671415e-03
2.599999999999999772e-04	5.709768448246672033e-03
2.610000000000000015e-04	5.686636312669736577e-03
2.619999999999999716e-04	5.663345495155909515e-03
2.629999999999999959e-04	5.639903349847246589e-03
2.639999999999999660e-04	5.616317230885800940e-03
2.649999999999999903e-04	5.592594492413614435e-03
2.660000000000000146e-04	5.568742488572750622e-03
2.669999999999999847e-04	5.544768573505253970e-03
2.680000000000000090e-04	5.520680101353177618e-03
2.689999999999999791e-04	5.496484426258574710e-03
2.700000000000000035e-04	5.472188902363492313e-03
2.709999999999999735e-04	5.447800883809986172e-03
2.719999999999999979e-04	5.423327724740106826e-03
2.729999999999999680e-04	5.398776779295903945e-03
2.739999999999999923e-04	5.374155401619430672e-03
2.749999999999999624e-04	5.349470945852738413e-03
2.759999999999999867e-04	5.324730766137875104e-03
2.770000000000000110e-04	5.299942216616898225e-03
2.779999999999999811e-04	5.275112651431854843e-03
2.790000000000000054e-04	5.250249424724797234e-03
2.799999999999999755e-04	5.225359890637777671e-03
2.809999999999999998e-04	5.200451403312848428e-03
2.819999999999999699e-04	5.175531316892059176e-03
2.829999999999999942e-04	5.150606985517461323e-03
2.839999999999999643e-04	5.125685763331108008e-03
2.849999999999999886e-04	5.100775004475048904e-03
2.860000000000000129e-04	5.075882063091334551e-03
2.869999999999999830e-04	5.051014293322018955e-03
2.880000000000000073e-04	5.026179049309152658e-03
2.889999999999999774e-04	5.001383685194787931e-03
2.900000000000000017e-04	4.976635555120973581e-03
2.909999999999999718e-04	4.951942013229764482e-03
2.919999999999999961e-04	4.927309181883262300e-03
2.929999999999999662e-04	4.902738256323772338e-03
2.939999999999999905e-04	4.878229200013657098e-03
2.949999999999999606e-04	4.853781976415274743e-03
2.959999999999999849e-04	4.829396548990981704e-03
2.970000000000000092e-04	4.805072881203140481e-03
2.979999999999999793e-04	4.780810936514110973e-03
2.990000000000000036e-04	4.756610678386249610e-03
2.999999999999999737e-04	4.732472070281918027e-03
3.009999999999999980e-04	4.708395075663472651e-03
3.019999999999999681e-04	4.684379657993275985e-03
3.029999999999999924e-04	4.660425780733681855e-03
3.039999999999999625e-04	4.636533407347056233e-03
3.049999999999999868e-04	4.612702501295753814e-03
3.060000000000000111e-04	4.588933026042136230e-03
3.069999999999999812e-04	4.565224945048559912e-03
3.080000000000000055e-04	4.541578221777386494e-03
3.089999999999999756e-04	4.517992819690974139e-03
3.099999999999999999e-04	4.494468702251681012e-03
3.109999999999999700e-04	4.471005832921869615e-03
3.119999999999999944e-04	4.447604175163895508e-03
3.129999999999999644e-04	4.424263692440120327e-03
3.139999999999999888e-04	4.400984348212901368e-03
3.149999999999999589e-04	4.377766105944600264e-03
3.159999999999999832e-04	4.354608929097571711e-03
3.170000000000000075e-04	4.331512781134179944e-03
3.179999999999999776e-04	4.308477625516782261e-03
3.190000000000000019e-04	4.285503425707736826e-03
3.199999999999999720e-04	4.262590145169405272e-03
3.209999999999999963e-04	4.239737747364143161e-03
3.219999999999999664e-04	4.216946195754314730e-03
3.229999999999999907e-04	4.194215453802272939e-03
3.239999999999999608e-04	4.171545484970380288e-03
3.249999999999999851e-04	4.148936252720996677e-03
3.260000000000000094e-04	4.126387720516480270e-03
3.269999999999999795e-04	4.103899851819192701e-03
3.280000000000000038e-04	4.081472610091487797e-03
3.289999999999999739e-04	4.059105958795728927e-03
3.299999999999999982e-04	4.036799861394275123e-03
3.309999999999999683e-04	4.014554281349484548e-03
3.319999999999999926e-04	3.992369182123715367e-03
3.329999999999999627e-04	3.970244527179328346e-03
3.339999999999999870e-04	3.948180279978683385e-03
3.350000000000000113e-04	3.926176403984136913e-03
3.359999999999999814e-04	3.904232862658050564e-03
3.370000000000000057e-04	3.882349619462782501e-03
3.379999999999999758e-04	3.860526637860693059e-03
3.390000000000000001e-04	3.838763881314138666e-03
3.399999999999999702e-04	3.817061313285482257e-03
3.409999999999999945e-04	3.795418897237079828e-03
3.419999999999999646e-04	3.773836596631292579e-03
3.429999999999999889e-04	3.752314374930478241e-03
3.439999999999999590e-04	3.730852195596998013e-03
3.449999999999999833e-04	3.709450022093207892e-03
3.460000000000000076e-04	3.688107817881469512e-03
3.469999999999999777e-04	3.666825546424141470e-03
3.480000000000000020e-04	3.645603171183583232e-03
3.489999999999999721e-04	3.624440655622155130e-03
3.499999999999999964e-04	3.603337963202212293e-03
3.509999999999999665e-04	3.582295057386118958e-03
3.519999999999999908e-04	3.561311901636231118e-03
3.529999999999999609e-04	3.540388459414909109e-03
3.539999999999999853e-04	3.519524694184509358e-03
3.550000000000000096e-04	3.498720569407396102e-03
3.559999999999999797e-04	3.477976048545926204e-03
3.570000000000000040e-04	3.457291095062456528e-03
3.579999999999999741e-04	3.436665672419350007e-03
3.589999999999999984e-04	3.416099744078963506e-03
3.599999999999999685e-04	3.395593273503656924e-03
3.609999999999999928e-04	3.375146224155789725e-03
3.619999999999999629e-04	3.354758559497720075e-03
3.629999999999999872e-04	3.334430242991807871e-03
3.639999999999999573e-04	3.314161238100413014e-03
3.649999999999999816e-04	3.293951508285893233e-03
3.660000000000000059e-04	3.273801017010607561e-03
3.669999999999999760e-04	3.253709727736918932e-03
3.680000000000000003e-04	3.233677603927180740e-03
3.689999999999999704e-04	3.213704609043756353e-03
3.699999999999999947e-04	3.193790706549003069e-03
3.709999999999999648e-04	3.173935859905281653e-03
3.719999999999999891e-04	3.154140032574949837e-03
3.729999999999999592e-04	3.134403188020367520e-03
3.739999999999999835e-04	3.114725289703892432e-03
3.750000000000000078e-04	3.095106301087885339e-03
3.759999999999999779e-04	3.075546185634706574e-03
3.770000000000000022e-04	3.056044906806712567e-03
3.779999999999999723e-04	3.036602428066264518e-03
3.789999999999999966e-04	3.017218712875719723e-03
3.799999999999999667e-04	2.997893724697439817e-03
3.809999999999999910e-04	2.978627426993781663e-03
3.819999999999999611e-04	2.959419783227107328e-03
3.829999999999999854e-04	2.940270756859772374e-03
3.840000000000000097e-04	2.921180311354137568e-03
3.849999999999999798e-04	2.902148410172562809e-03
3.860000000000000041e-04	2.883175016777407996e-03
3.869999999999999742e-04	2.864260094631029992e-03
3.879999999999999985e-04	2.845403607195788262e-03
3.889999999999999686e-04	2.826605517934044874e-03
3.899999999999999929e-04	2.807865790308155390e-03
3.909999999999999630e-04	2.789184387780481878e-03
3.919999999999999873e-04	2.770561273813380767e-03
3.929999999999999574e-04	2.751996411869213257e-03
3.939999999999999817e-04	2.733489765410338380e-03
3.950000000000000061e-04	2.715041297899115167e-03
3.959999999999999762e-04	2.696650972797901349e-03
3.970000000000000005e-04	2.678318753569057693e-03
3.979999999999999706e-04	2.660044603674944098e-03
3.989999999999999949e-04	2.641828486577917860e-03
3.999999999999999650e-04	2.623670365740339312e-03
4.009999999999999893e-04	2.605570204624566184e-03
4.019999999999999594e-04	2.587527966692960545e-03
4.029999999999999837e-04	2.569543615407878390e-03
4.040000000000000080e-04	2.551617114231681353e-03
4.049999999999999781e-04	2.533748426626727598e-03
4.060000000000000024e-04	2.515937516055375724e-03
4.069999999999999725e-04	2.498184345979986062e-03
4.079999999999999968e-04	2.480488879862917211e-03
4.089999999999999669e-04	2.462851081166528202e-03
4.099999999999999912e-04	2.445270913353178935e-03
4.109999999999999613e-04	2.427748339885228007e-03
4.119999999999999856e-04	2.410283324225034451e-03
4.129999999999999557e-04	2.392875829834957297e-03
4.139999999999999800e-04	2.375525820177356445e-03
4.150000000000000043e-04	2.358233258714590493e-03
4.159999999999999744e-04	2.340998108909020207e-03
4.169999999999999987e-04	2.323820334223002017e-03
4.179999999999999688e-04	2.306699898118897557e-03
4.189999999999999931e-04	2.289636764059064557e-03
4.199999999999999632e-04	2.272630895505863349e-03
4.209999999999999875e-04	2.255682255921651665e-03
4.219999999999999576e-04	2.238790808768790271e-03
4.229999999999999819e-04	2.221956517509637331e-03
4.240000000000000062e-04	2.205179345606551444e-03
4.249999999999999763e-04	2.188459256521893808e-03
4.260000000000000006e-04	2.171796213718021288e-03
4.269999999999999707e-04	2.155190180657295517e-03
4.279999999999999950e-04	2.138641120802073359e-03
4.289999999999999651e-04	2.122148997614716447e-03
4.299999999999999894e-04	2.105713774557580777e-03
4.309999999999999595e-04	2.089335415093029284e-03
4.319999999999999838e-04	2.073013882683417530e-03
4.329999999999999539e-04	2.056749140791107582e-03
4.339999999999999782e-04	2.040541152878456305e-03
4.350000000000000026e-04	2.024389882407823596e-03
4.359999999999999726e-04	2.008295292841570656e-03
4.369999999999999970e-04	1.992257347642053915e-03
4.379999999999999671e-04	1.976276010271634572e-03
4.389999999999999914e-04	1.960351244192670792e-03
4.399999999999999615e-04	1.944483012867522041e-03
4.409999999999999858e-04	1.928671279758546265e-03
4.419999999999999559e-04	1.912916008328105098e-03
4.429999999999999802e-04	1.897217162038555187e-03
4.440000000000000045e-04	1.881574704352257732e-03
4.449999999999999746e-04	1.865988598731571114e-03
4.459999999999999989e-04	1.850458808638854149e-03
4.469999999999999690e-04	1.834985297536466950e-03
4.479999999999999933e-04	1.819568028886767684e-03
4.489999999999999634e-04	1.804206966152116683e-03
4.499999999999999877e-04	1.788902072794872110e-03
4.509999999999999578e-04	1.773653312277394299e-03
4.519999999999999821e-04	1.758460648062040331e-03
4.530000000000000064e-04	1.743324043611170753e-03
4.539999999999999765e-04	1.728243462387145683e-03
4.550000000000000008e-04	1.713218867852322851e-03
4.559999999999999709e-04	1.698250223469062372e-03
4.569999999999999952e-04	1.683337492699721978e-03
4.579999999999999653e-04	1.668480639006663518e-03
4.589999999999999896e-04	1.653679625852243207e-03
4.599999999999999597e-04	1.638934416698822026e-03
4.609999999999999840e-04	1.624244975008758574e-03
4.619999999999999541e-04	1.609611264244412967e-03
4.629999999999999784e-04	1.595033247868142719e-03
4.640000000000000027e-04	1.580510889342307728e-03
4.649999999999999728e-04	1.566044152129268327e-03
4.659999999999999971e-04	1.551632999691381814e-03
4.669999999999999672e-04	1.537277395491009170e-03
4.679999999999999915e-04	1.522977302990508128e-03
4.689999999999999616e-04	1.508732685652239237e-03
4.699999999999999859e-04	1.494543506938560010e-03
4.709999999999999560e-04	1.480409730311831431e-03
4.719999999999999803e-04	1.466331319234410796e-03
4.730000000000000046e-04	1.452308237168658438e-03
4.739999999999999747e-04	1.438340447576934257e-03
4.749999999999999990e-04	1.424427913921595765e-03
4.759999999999999691e-04	1.410570599665003514e-03
4.769999999999999934e-04	1.396768468269515449e-03
4.779999999999999635e-04	1.383021483197492555e-03
4.789999999999999879e-04	1.369329607911292128e-03
4.799999999999999580e-04	1.355692805873275151e-03
4.809999999999999823e-04	1.342111040545798271e-03
4.819999999999999524e-04	1.328584275391223556e-03
4.829999999999999767e-04	1.315112473871908084e-03
4.840000000000000010e-04	1.301695599450211974e-03
4.849999999999999711e-04	1.288333615588494255e-03
4.859999999999999954e-04	1.275026485749113743e-03
4.869999999999999655e-04	1.261774173394431420e-03
4.879999999999999898e-04	1.248576641986803501e-03
4.889999999999999599e-04	1.235433854988591835e-03
4.899999999999999842e-04	1.222345775862153719e-03
4.910000000000000085e-04	1.209312368069849269e-03
4.919999999999999244e-04	1.196333595074038818e-03
4.929999999999999487e-04	1.183409420337079012e-03
4.939999999999999730e-04	1.170539807321330401e-03
4.949999999999999973e-04	1.157724719489151583e-03
4.960000000000000216e-04	1.144964120302902674e-03
4.969999999999999375e-04	1.132257973224943572e-03
4.979999999999999618e-04	1.119606241717631141e-03
4.989999999999999861e-04	1.107008889243325713e-03
5.000000000000000104e-04	1.094465879264386755e-03
5.009999999999999263e-04	1.081977175243174381e-03
5.019999999999999506e-04	1.069542740642045239e-03
5.029999999999999749e-04	1.057162538923359660e-03
5.039999999999999992e-04	1.044836533549477545e-03
5.050000000000000235e-04	1.032564687982757490e-03
5.059999999999999394e-04	1.020346965685559829e-03
5.069999999999999637e-04	1.008183330120241642e-03
5.079999999999999880e-04	9.960737447491630446e-04
5.090000000000000123e-04	9.840181730346837189e-04
5.099999999999999282e-04	9.720165784391634556e-04
5.109999999999999525e-04	9.600689244249591180e-04
5.119999999999999768e-04	9.481751744544312556e-04
5.130000000000000011e-04	9.363352919899394422e-04
5.140000000000000254e-04	9.245492404938422757e-04
5.149999999999999413e-04	9.128169834285006310e-04
5.159999999999999656e-04	9.011384842562708292e-04
5.169999999999999899e-04	8.895137064395133115e-04
5.180000000000000143e-04	8.779426134405878684e-04
5.189999999999999301e-04	8.664251687218543991e-04
5.199999999999999544e-04	8.549613357456694413e-04
5.209999999999999788e-04	8.435510779743934364e-04
5.220000000000000031e-04	8.321943588703862834e-04
5.230000000000000274e-04	8.208911418960066885e-04
5.239999999999999433e-04	8.096413905136149846e-04
5.249999999999999676e-04	7.984450681855677096e-04
5.259999999999999919e-04	7.873021383742261721e-04
5.270000000000000162e-04	7.762125645419486446e-04
5.279999999999999321e-04	7.651763101510957853e-04
5.289999999999999564e-04	7.541933386640243490e-04
5.299999999999999807e-04	7.432636135430949935e-04
5.310000000000000050e-04	7.323870982506665338e-04
5.320000000000000293e-04	7.215637562490986520e-04
5.329999999999999452e-04	7.107935510007513556e-04
5.339999999999999695e-04	7.000764459679811825e-04
5.349999999999999938e-04	6.894124046131491160e-04
5.360000000000000181e-04	6.788013903986138626e-04
5.369999999999999340e-04	6.682433667867362969e-04
5.379999999999999583e-04	6.577382972398728486e-04
5.389999999999999826e-04	6.472861452203837419e-04
5.400000000000000069e-04	6.368868741906286591e-04
5.409999999999999228e-04	6.265404476129677160e-04
5.419999999999999471e-04	6.162468289497575590e-04
5.429999999999999714e-04	6.060059816633589546e-04
5.439999999999999957e-04	5.958178692161308259e-04
5.450000000000000200e-04	5.856824550704326383e-04
5.459999999999999359e-04	5.755997026886240740e-04
5.469999999999999602e-04	5.655695755330629720e-04
5.479999999999999845e-04	5.555920370661087977e-04
5.490000000000000088e-04	5.456670507501210163e-04
5.499999999999999247e-04	5.357945800474603944e-04
5.509999999999999490e-04	5.259745884204832531e-04
5.519999999999999733e-04	5.162070393315502503e-04
5.529999999999999976e-04	5.064918962430204176e-04
5.540000000000000219e-04	4.968291226172528953e-04
5.549999999999999378e-04	4.872186819166081243e-04
5.559999999999999621e-04	4.776605376034431848e-04
5.569999999999999864e-04	4.681546531401181385e-04
5.580000000000000107e-04	4.587009919889923964e-04
5.589999999999999266e-04	4.492995176124260203e-04
5.599999999999999509e-04	4.399501934727761444e-04
5.609999999999999752e-04	4.306529830324028305e-04
5.619999999999999996e-04	4.214078497536657064e-04
5.630000000000000239e-04	4.122147570989233701e-04
5.639999999999999397e-04	4.030736685305366424e-04
5.649999999999999641e-04	3.939845475108623863e-04
5.659999999999999884e-04	3.849473575022606636e-04
5.670000000000000127e-04	3.759620619670910480e-04
5.679999999999999286e-04	3.670286243677131676e-04
5.689999999999999529e-04	3.581470081664848070e-04
5.699999999999999772e-04	3.493171768257657028e-04
5.710000000000000015e-04	3.405390938079152661e-04
5.720000000000000258e-04	3.318127225752928538e-04
5.729999999999999417e-04	3.231380265902580396e-04
5.739999999999999660e-04	3.145149693151687168e-04
5.749999999999999903e-04	3.059435142123847302e-04
5.760000000000000146e-04	2.974236247442653283e-04
5.769999999999999305e-04	2.889552643731706271e-04
5.779999999999999548e-04	2.805383965614578691e-04
5.789999999999999791e-04	2.721729847714872788e-04
5.800000000000000034e-04	2.638589924656181587e-04
5.810000000000000277e-04	2.555963831062092696e-04
5.819999999999999436e-04	2.473851201556211609e-04
5.829999999999999679e-04	2.392251670762109129e-04
5.839999999999999922e-04	2.311164873303389123e-04
5.850000000000000165e-04	2.230590443803640282e-04
5.859999999999999324e-04	2.150528016886466475e-04
5.869999999999999567e-04	2.070977227175438504e-04
5.879999999999999810e-04	1.991937709294160238e-04
5.890000000000000053e-04	1.913409097866220908e-04
5.899999999999999212e-04	1.835391027515223842e-04
5.909999999999999455e-04	1.757883132864740655e-04
5.919999999999999698e-04	1.680885048538373046e-04
5.929999999999999941e-04	1.604396409159714314e-04
5.940000000000000184e-04	1.528416849352356945e-04
5.949999999999999343e-04	1.452946003739896946e-04
5.959999999999999586e-04	1.377983506945911353e-04
5.969999999999999829e-04	1.303528993594002951e-04
5.980000000000000072e-04	1.229582098307761785e-04
5.989999999999999231e-04	1.156142455710786710e-04
5.999999999999999474e-04	1.083209700426654220e-04
6.009999999999999717e-04	1.010783467078965879e-04
6.019999999999999961e-04	9.388633902913118691e-05
6.030000000000000204e-04	8.674491046872835902e-05
6.039999999999999362e-04	7.965402448904826079e-05
6.049999999999999606e-04	7.261364455244840601e-05
6.059999999999999849e-04	6.562373412128874790e-05
6.070000000000000092e-04	5.868425665792845365e-05
6.079999999999999251e-04	5.179517562472766624e-05
6.089999999999999494e-04	4.495645448404379102e-05
6.099999999999999737e-04	3.816805669823705228e-05
6.109999999999999980e-04	3.142994572966621063e-05
6.120000000000000223e-04	2.474208504069094826e-05
6.129999999999999382e-04	1.810443809367083892e-05
6.139999999999999625e-04	1.151696835096388430e-05
6.149999999999999868e-04	4.979639274929712357e-06
6.160000000000000111e-04	-1.507585672072292871e-06
6.169999999999999270e-04	-7.944743027682232362e-06
6.179999999999999513e-04	-1.433186932954240260e-05
6.189999999999999756e-04	-2.066900111529301298e-05
6.199999999999999999e-04	-2.695617492257457106e-05
6.210000000000000242e-04	-3.319342728902818069e-05
6.219999999999999401e-04	-3.938079475229372601e-05
6.229999999999999644e-04	-4.551831385001377456e-05
6.239999999999999887e-04	-5.160602111982796653e-05
6.250000000000000130e-04	-5.764395309937751419e-05
6.259999999999999289e-04	-6.363214632630235590e-05
6.269999999999999532e-04	-6.957063733824476104e-05
6.279999999999999775e-04	-7.545946267284461373e-05
6.290000000000000018e-04	-8.129865886774301784e-05
6.299999999999999177e-04	-8.708826246057991172e-05
6.309999999999999420e-04	-9.282830998899761895e-05
6.319999999999999663e-04	-9.851883799063613210e-05
6.329999999999999906e-04	-1.041598830031362298e-04
6.340000000000000149e-04	-1.097514815641390971e-04
6.349999999999999308e-04	-1.152936702112843743e-04
6.359999999999999551e-04	-1.207864854822145206e-04
6.369999999999999794e-04	-1.262299639145696096e-04
6.380000000000000037e-04	-1.316241420459904202e-04
6.389999999999999196e-04	-1.369690564141170532e-04
6.399999999999999439e-04	-1.422647435565917780e-04
6.409999999999999682e-04	-1.475112400110545872e-04
6.419999999999999925e-04	-1.527085823151464220e-04
6.430000000000000169e-04	-1.578568070065081153e-04
6.439999999999999327e-04	-1.629559506227797408e-04
6.449999999999999570e-04	-1.680060497016034324e-04
6.459999999999999814e-04	-1.730071407806192912e-04
6.470000000000000057e-04	-1.779592603974682042e-04
6.479999999999999215e-04	-1.828624450897904619e-04
6.489999999999999459e-04	-1.877167313952279816e-04
6.499999999999999702e-04	-1.925221558514208641e-04
6.509999999999999945e-04	-1.972787549960100778e-04
6.520000000000000188e-04	-2.019865653666362657e-04
6.529999999999999347e-04	-2.066456235009400439e-04
6.539999999999999590e-04	-2.112559659365629769e-04
6.549999999999999833e-04	-2.158176292111454639e-04
6.560000000000000076e-04	-2.203306498623282023e-04
6.569999999999999235e-04	-2.247950644277516453e-04
6.579999999999999478e-04	-2.292109094450575744e-04
6.589999999999999721e-04	-2.335782214518862261e-04
6.599999999999999964e-04	-2.378970369858785688e-04
6.610000000000000207e-04	-2.421673925846751642e-04
6.619999999999999366e-04	-2.463893247859166012e-04
6.629999999999999609e-04	-2.505628701272445257e-04
6.639999999999999852e-04	-2.546880651462993098e-04
6.650000000000000095e-04	-2.587649463807217051e-04
6.659999999999999254e-04	-2.627935503681520291e-04
6.669999999999999497e-04	-2.667739136462321720e-04
6.679999999999999740e-04	-2.707060727526023431e-04
6.689999999999999983e-04	-2.745900642249034566e-04
6.700000000000000226e-04	-2.784259246007762638e-04
6.709999999999999385e-04	-2.822136904178611369e-04
6.719999999999999628e-04	-2.859533982137998031e-04
6.729999999999999871e-04	-2.896450845262325260e-04
6.740000000000000114e-04	-2.932887858928002198e-04
6.749999999999999273e-04	-2.968845388511432565e-04
6.759999999999999516e-04	-3.004323799389033091e-04
6.769999999999999759e-04	-3.039323456937206955e-04
6.780000000000000002e-04	-3.073844726532363298e-04
6.789999999999999161e-04	-3.107887973550905840e-04
6.799999999999999404e-04	-3.141453563369249686e-04
6.809999999999999647e-04	-3.174541861363800723e-04
6.819999999999999890e-04	-3.207153232910965926e-04
6.830000000000000134e-04	-3.239288043387152267e-04
6.839999999999999292e-04	-3.270946658168767261e-04
6.849999999999999535e-04	-3.302129442632224386e-04
6.859999999999999779e-04	-3.332836762153928989e-04
6.870000000000000022e-04	-3.363068982110286416e-04
6.879999999999999180e-04	-3.392826467877705266e-04
6.889999999999999424e-04	-3.422109584832598475e-04
6.899999999999999667e-04	-3.450918698351371390e-04
6.909999999999999910e-04	-3.479254173810429358e-04
6.920000000000000153e-04	-3.507116376586184772e-04
6.929999999999999312e-04	-3.534505672055039726e-04
6.939999999999999555e-04	-3.561422425593410409e-04
6.949999999999999798e-04	-3.587867002577701083e-04
6.960000000000000041e-04	-3.613839768384319263e-04
6.969999999999999200e-04	-3.639341088389670296e-04
6.979999999999999443e-04	-3.664371327970170913e-04
6.989999999999999686e-04	-3.688930852502220496e-04
6.999999999999999929e-04	-3.713020027362231982e-04
7.010000000000000172e-04	-3.736639217926611260e-04
7.019999999999999331e-04	-3.759788789571765844e-04
7.029999999999999574e-04	-3.782469107674107586e-04
7.039999999999999817e-04	-3.804680537610041291e-04
7.050000000000000060e-04	-3.826423444755976100e-04
7.059999999999999219e-04	-3.847698194488318986e-04
7.069999999999999462e-04	-3.868505152183481259e-04
7.079999999999999705e-04	-3.888844683217867722e-04
7.089999999999999948e-04	-3.908717152967888060e-04
7.100000000000000191e-04	-3.928122926809949787e-04
7.109999999999999350e-04	-3.947062370120459876e-04
7.119999999999999593e-04	-3.965535848275829637e-04
7.129999999999999836e-04	-3.983543726652464959e-04
7.140000000000000079e-04	-4.001086370626773356e-04
7.149999999999999238e-04	-4.018164145575163970e-04
7.159999999999999481e-04	-4.034777416874046484e-04
7.169999999999999724e-04	-4.050926549899825702e-04
7.179999999999999967e-04	-4.066611910028912393e-04
7.190000000000000210e-04	-4.081833862637714071e-04
7.199999999999999369e-04	-4.096592773102637709e-04
7.209999999999999612e-04	-4.110889006800091364e-04
7.219999999999999855e-04	-4.124722929106485261e-04
7.230000000000000098e-04	-4.138094905398226374e-04
7.239999999999999257e-04	-4.151005301051720591e-04
7.249999999999999500e-04	-4.163454481443380306e-04
7.259999999999999743e-04	-4.175442811949610865e-04
7.269999999999999987e-04	-4.186970657946821411e-04
7.279999999999999145e-04	-4.198038384811418372e-04
7.289999999999999388e-04	-4.208646357919811976e-04
7.299999999999999632e-04	-4.218794942648408652e-04
7.309999999999999875e-04	-4.228484504373618627e-04
7.320000000000000118e-04	-4.237715408471848331e-04
7.329999999999999277e-04	-4.246488020319505279e-04
7.339999999999999520e-04	-4.254802705292999154e-04
7.349999999999999763e-04	-4.262659828768737471e-04
7.360000000000000006e-04	-4.270059756123128830e-04
7.369999999999999165e-04	-4.277002852732579661e-04
7.379999999999999408e-04	-4.283489483973500190e-04
7.389999999999999651e-04	-4.289520015222297389e-04
7.399999999999999894e-04	-4.295094811855379316e-04
7.410000000000000137e-04	-4.300214239249155112e-04
7.419999999999999296e-04	-4.304878662780031208e-04
7.429999999999999539e-04	-4.309088447824417829e-04
7.439999999999999782e-04	-4.312843959758721406e-04
7.450000000000000025e-04	-4.316145563959349453e-04
7.459999999999999184e-04	-4.318993625802712197e-04
7.469999999999999427e-04	-4.321388510665217153e-04
7.479999999999999670e-04	-4.323330583923271292e-04
7.489999999999999913e-04	-4.324820210953283215e-04
7.500000000000000156e-04	-4.325857757131662063e-04
7.509999999999999315e-04	-4.326443587834815350e-04
7.519999999999999558e-04	-4.326578068439150050e-04
7.529999999999999801e-04	-4.326261564321075845e-04
7.540000000000000044e-04	-4.325494440856999709e-04
7.549999999999999203e-04	-4.324277063423331326e-04
7.559999999999999446e-04	-4.322609797396476583e-04
7.569999999999999689e-04	-4.320493008152846248e-04
7.579999999999999932e-04	-4.317927061068845668e-04
7.590000000000000175e-04	-4.314912321520884527e-04
7.599999999999999334e-04	-4.311449154885370338e-04
7.609999999999999577e-04	-4.307537926538712787e-04
7.619999999999999820e-04	-4.303179001857317760e-04
7.630000000000000063e-04	-4.298372746217593858e-04
7.639999999999999222e-04	-4.293119524995951306e-04
