-2.359999999999999902e-04	6.779470374150635935e-04
-2.349999999999999930e-04	6.012016300064195297e-04
-2.339999999999999958e-04	5.274313969237223775e-04
-2.329999999999999986e-04	4.565925213452706331e-04
-2.320000000000000014e-04	3.886411864493638231e-04
-2.309999999999999771e-04	3.235335754142993595e-04
-2.299999999999999799e-04	2.612258714183798044e-04
-2.289999999999999826e-04	2.016742576399026515e-04
-2.279999999999999854e-04	1.448349172571666409e-04
-2.269999999999999882e-04	9.066403344847155665e-05
-2.259999999999999910e-04	3.911778939211598988e-05
-2.249999999999999938e-04	-9.847631733600697320e-06
-2.239999999999999966e-04	-5.627604675037944785e-05
-2.229999999999999994e-04	-1.002112724799210928e-04
-2.220000000000000022e-04	-1.416971257439264835e-04
-2.209999999999999779e-04	-1.807774233640971372e-04
-2.199999999999999807e-04	-2.174959821621324976e-04
-2.189999999999999835e-04	-2.518966189597338784e-04
-2.179999999999999863e-04	-2.840231505786023226e-04
-2.169999999999999891e-04	-3.139193938404392253e-04
-2.159999999999999919e-04	-3.416291655669448433e-04
-2.149999999999999947e-04	-3.671962825798197045e-04
-2.139999999999999975e-04	-3.906645617007656378e-04
-2.130000000000000003e-04	-4.120778197514827915e-04
-2.120000000000000031e-04	-4.314798735536722355e-04
-2.109999999999999788e-04	-4.489145399290353652e-04
-2.099999999999999816e-04	-4.644256356992719492e-04
-2.089999999999999844e-04	-4.780569776860834914e-04
-2.079999999999999872e-04	-4.898523827111707363e-04
-2.069999999999999900e-04	-4.998556675962343744e-04
-2.059999999999999928e-04	-5.081106491629756384e-04
-2.049999999999999956e-04	-5.146611442330948933e-04
-2.039999999999999984e-04	-5.195509696282935887e-04
-2.030000000000000012e-04	-5.228239421702720897e-04
-2.020000000000000040e-04	-5.245238786807314120e-04
-2.009999999999999797e-04	-5.246945959813726799e-04
-1.999999999999999825e-04	-5.233799108938961501e-04
-1.989999999999999853e-04	-5.206236402400034888e-04
-1.979999999999999881e-04	-5.164696008413952781e-04
-1.969999999999999909e-04	-5.109616095197715580e-04
-1.959999999999999937e-04	-5.041434830968343200e-04
-1.949999999999999965e-04	-4.960590383942833871e-04
-1.939999999999999993e-04	-4.867520922338206425e-04
-1.930000000000000021e-04	-4.762664614371459634e-04
-1.920000000000000049e-04	-4.646459628259610704e-04
-1.909999999999999806e-04	-4.519344132219664371e-04
-1.899999999999999834e-04	-4.381756294468631334e-04
-1.889999999999999862e-04	-4.234134283223515245e-04
-1.879999999999999890e-04	-4.076916266701329514e-04
-1.869999999999999917e-04	-3.910540413119082672e-04
-1.859999999999999945e-04	-3.735444890693778914e-04
-1.849999999999999973e-04	-3.552067867642428938e-04
-1.840000000000000001e-04	-3.360847512182043445e-04
-1.830000000000000029e-04	-3.162221992529627712e-04
-1.819999999999999786e-04	-2.956629476902188644e-04
-1.809999999999999814e-04	-2.744508133516746699e-04
-1.799999999999999842e-04	-2.526296130590292518e-04
-1.789999999999999870e-04	-2.302431636339852521e-04
-1.779999999999999898e-04	-2.073352818982421145e-04
-1.769999999999999926e-04	-1.839497846735017221e-04
-1.759999999999999954e-04	-1.601304887814642775e-04
-1.749999999999999982e-04	-1.359212110438309047e-04
-1.740000000000000010e-04	-1.113657682823020775e-04
-1.730000000000000038e-04	-8.650797731857951629e-05
-1.719999999999999795e-04	-6.139165497436233944e-05
-1.709999999999999823e-04	-3.606061807135351426e-05
-1.699999999999999851e-04	-1.055868343125297227e-05
-1.689999999999999879e-04	1.507033212423870448e-05
-1.679999999999999907e-04	4.078261177341990394e-05
-1.669999999999999935e-04	6.653433869459064037e-05
-1.659999999999999963e-04	9.228169606604968121e-05
-1.649999999999999991e-04	1.179808670660954144e-04
-1.640000000000000019e-04	1.435880348730283421e-04
-1.630000000000000047e-04	1.690593826651470150e-04
-1.619999999999999804e-04	1.943510936207515014e-04
-1.609999999999999832e-04	2.194193509181385088e-04
-1.599999999999999860e-04	2.442203377356090815e-04
-1.589999999999999888e-04	2.687102372514620953e-04
-1.579999999999999916e-04	2.928452326439964261e-04
-1.569999999999999944e-04	3.165815070915112750e-04
-1.559999999999999972e-04	3.398752437723059515e-04
-1.550000000000000000e-04	3.626826258646786809e-04
-1.540000000000000028e-04	3.849598365469299654e-04
-1.530000000000000056e-04	4.066630589973588977e-04
-1.519999999999999813e-04	4.277484763942643537e-04
-1.509999999999999841e-04	4.481722719159441249e-04
-1.499999999999999869e-04	4.678906287406993641e-04
-1.489999999999999897e-04	4.868597300468277544e-04
-1.479999999999999925e-04	5.050357590126294729e-04
-1.469999999999999953e-04	5.223748988164018774e-04
-1.459999999999999981e-04	5.388333326364466627e-04
-1.450000000000000009e-04	5.543672436510620541e-04
-1.440000000000000036e-04	5.689328150385460602e-04
-1.430000000000000064e-04	5.824862299771988577e-04
-1.419999999999999821e-04	5.949836716453195395e-04
-1.409999999999999849e-04	6.063813232212065477e-04
-1.399999999999999877e-04	6.166353678831602760e-04
-1.389999999999999905e-04	6.257019888094782992e-04
-1.379999999999999933e-04	6.335373691784612279e-04
-1.369999999999999961e-04	6.400976921684077212e-04
-1.359999999999999989e-04	6.453391409576162210e-04
-1.350000000000000017e-04	6.492178987243858203e-04
-1.340000000000000045e-04	6.516901486470175631e-04
-1.330000000000000073e-04	6.527120739038090244e-04
-1.319999999999999830e-04	6.522398576730595136e-04
-1.309999999999999858e-04	6.502296831330681235e-04
-1.299999999999999886e-04	6.466377334621335130e-04
-1.289999999999999914e-04	6.414201918385569433e-04
-1.279999999999999942e-04	6.345332414406351217e-04
-1.269999999999999970e-04	6.259330654466680084e-04
-1.259999999999999998e-04	6.155758470349549129e-04
-1.250000000000000026e-04	6.034177693837951446e-04
-1.240000000000000054e-04	5.894150156714873627e-04
-1.229999999999999811e-04	5.735237690763315271e-04
-1.219999999999999974e-04	5.557002127766267306e-04
-1.210000000000000002e-04	5.359005299506707648e-04
-1.199999999999999895e-04	5.140809037767640234e-04
-1.189999999999999923e-04	4.901975174332042981e-04
-1.179999999999999951e-04	4.642065540982932836e-04
-1.169999999999999979e-04	4.360641969503279043e-04
-1.160000000000000007e-04	4.057266291676076865e-04
-1.149999999999999899e-04	3.731500339284321566e-04
-1.139999999999999927e-04	3.382905944110999735e-04
-1.129999999999999955e-04	3.011044937939110974e-04
-1.119999999999999983e-04	2.615479152551637536e-04
-1.110000000000000011e-04	2.195770419731579021e-04
-1.099999999999999904e-04	1.751480571261913345e-04
-1.089999999999999932e-04	1.282171438925666131e-04
-1.079999999999999960e-04	7.874048545057805992e-05
-1.069999999999999988e-04	2.669102268446611422e-05
-1.060000000000000016e-04	-2.789127269779158495e-05
-1.049999999999999908e-04	-8.494967128227389722e-05
-1.039999999999999936e-04	-1.444274436550605021e-04
-1.029999999999999964e-04	-2.062678604022333425e-04
-1.019999999999999992e-04	-2.704141921098755503e-04
-1.010000000000000020e-04	-3.368097093640660023e-04
-9.999999999999999124e-05	-4.053976827508874508e-04
-9.899999999999999404e-05	-4.761213828564208597e-04
-9.799999999999999684e-05	-5.489240802667443193e-04
-9.699999999999999963e-05	-6.237490455679430218e-04
-9.600000000000000243e-05	-7.005395493460946782e-04
-9.499999999999999168e-05	-7.792388621872850226e-04
-9.399999999999999448e-05	-8.597902546775889471e-04
-9.299999999999999727e-05	-9.421369974030931616e-04
-9.200000000000000007e-05	-1.026222360949875486e-03
-9.099999999999998932e-05	-1.111989615904019919e-03
-8.999999999999999212e-05	-1.199382032851603955e-03
-8.899999999999999491e-05	-1.288342882378710292e-03
-8.799999999999999771e-05	-1.378815435071420329e-03
-8.700000000000000051e-05	-1.470742961515816329e-03
-8.599999999999998976e-05	-1.564068732297978605e-03
-8.499999999999999255e-05	-1.658736018003985086e-03
-8.399999999999999535e-05	-1.754688089219921289e-03
-8.299999999999999815e-05	-1.851868216531866009e-03
-8.200000000000000095e-05	-1.950219670525903245e-03
-8.099999999999999019e-05	-2.049685721788110926e-03
-7.999999999999999299e-05	-2.150209640904570882e-03
-7.899999999999999579e-05	-2.251734698461364727e-03
-7.799999999999999859e-05	-2.354204165044571691e-03
-7.700000000000000139e-05	-2.457561311240277942e-03
-7.599999999999999063e-05	-2.561749407634559238e-03
-7.499999999999999343e-05	-2.666711724813500446e-03
-7.399999999999999623e-05	-2.772391533363178194e-03
-7.299999999999999903e-05	-2.878732103869679950e-03
-7.200000000000000182e-05	-2.985676706919079739e-03
-7.099999999999999107e-05	-3.093168613097463729e-03
-6.999999999999999387e-05	-3.201151092990911582e-03
-6.899999999999999667e-05	-3.309567417185504262e-03
-6.799999999999999946e-05	-3.418360856267324034e-03
-6.700000000000000226e-05	-3.527474680822449259e-03
-6.599999999999999151e-05	-3.636852161436965672e-03
-6.499999999999999431e-05	-3.746436568696948164e-03
-6.399999999999999710e-05	-3.856171173188483337e-03
-6.299999999999999990e-05	-3.965999245497648686e-03
-6.200000000000000270e-05	-4.075864056210529510e-03
-6.099999999999999872e-05	-4.185708875913202870e-03
-5.999999999999999474e-05	-4.295476975191750597e-03
-5.899999999999999754e-05	-4.405111624632253656e-03
-5.800000000000000034e-05	-4.514556094820796478e-03
-5.699999999999999636e-05	-4.623753656343455691e-03
-5.599999999999999916e-05	-4.732647579786316595e-03
-5.499999999999999518e-05	-4.841181135735456685e-03
-5.399999999999999798e-05	-4.949297594776957791e-03
-5.300000000000000078e-05	-5.056940227496903480e-03
-5.199999999999999680e-05	-5.164052304481373847e-03
-5.099999999999999960e-05	-5.270577096316447253e-03
-4.999999999999999562e-05	-5.376457873588206399e-03
-4.899999999999999842e-05	-5.481637906882736583e-03
-4.800000000000000122e-05	-5.586060466786111831e-03
-4.699999999999999724e-05	-5.689668823884419177e-03
-4.600000000000000004e-05	-5.792406248763736117e-03
-4.499999999999999606e-05	-5.894216012010144480e-03
-4.399999999999999886e-05	-5.995041384209727833e-03
-4.299999999999999488e-05	-6.094825635948563670e-03
-4.199999999999999768e-05	-6.193512037812735557e-03
-4.100000000000000047e-05	-6.291043860388322723e-03
-3.999999999999999650e-05	-6.387364374261410467e-03
-3.899999999999999929e-05	-6.482416850018071948e-03
-3.799999999999999532e-05	-6.576144558244394200e-03
-3.699999999999999811e-05	-6.668490769526459923e-03
-3.600000000000000091e-05	-6.759398754450346609e-03
-3.499999999999999693e-05	-6.848811783602136959e-03
-3.399999999999999973e-05	-6.936673127567910199e-03
-3.299999999999999575e-05	-7.022926056933754234e-03
-3.199999999999999855e-05	-7.107513842285737883e-03
-3.100000000000000135e-05	-7.190379754209951652e-03
-2.999999999999999737e-05	-7.271467063292473901e-03
-2.900000000000000017e-05	-7.350719040119386462e-03
-2.799999999999999958e-05	-7.428078955276768564e-03
-2.699999999999999899e-05	-7.503490079350704639e-03
-2.599999999999999840e-05	-7.576895682927272183e-03
-2.499999999999999781e-05	-7.648239036592557362e-03
-2.400000000000000061e-05	-7.717463410932635937e-03
-2.300000000000000002e-05	-7.784512076533590605e-03
-2.199999999999999943e-05	-7.849328303981504065e-03
-2.099999999999999884e-05	-7.911855363862456414e-03
-1.999999999999999825e-05	-7.972036526762527747e-03
-1.899999999999999766e-05	-8.029815063267799896e-03
-1.800000000000000046e-05	-8.085134243964354692e-03
-1.699999999999999987e-05	-8.137937339438272230e-03
-1.599999999999999928e-05	-8.188167620275636077e-03
-1.499999999999999869e-05	-8.235768357062524594e-03
-1.399999999999999979e-05	-8.280682820385021348e-03
-1.299999999999999920e-05	-8.322854280829201229e-03
-1.200000000000000030e-05	-8.362226008981156478e-03
-1.099999999999999971e-05	-8.398741275426956782e-03
-9.999999999999999124e-06	-8.432343350752690911e-03
-9.000000000000000228e-06	-8.462975505544438962e-03
-7.999999999999999638e-06	-8.490581010388275826e-03
-6.999999999999999895e-06	-8.515103135870288539e-03
-6.000000000000000152e-06	-8.536485152576558932e-03
-4.999999999999999562e-06	-8.554670331093163632e-03
-3.999999999999999819e-06	-8.569601942006187939e-03
-3.000000000000000076e-06	-8.581223255901713684e-03
-1.999999999999999909e-06	-8.589477543365815759e-03
-9.999999999999999547e-07	-8.594308074984579465e-03
0.000000000000000000e+00	-8.595658121344086633e-03
9.999999999999999547e-07	-8.593470953030419093e-03
1.999999999999999909e-06	-8.587689840629653473e-03
3.000000000000000076e-06	-8.578258054727876808e-03
3.999999999999999819e-06	-8.565118865911163989e-03
4.999999999999999562e-06	-8.548215544765600318e-03
6.000000000000000152e-06	-8.527491361877265891e-03
6.999999999999999895e-06	-8.502889587832242538e-03
7.999999999999999638e-06	-8.474353493216606886e-03
9.000000000000000228e-06	-8.441826348616447706e-03
9.999999999999999124e-06	-8.405251424617843359e-03
1.099999999999999971e-05	-8.364571991806868737e-03
1.200000000000000030e-05	-8.319731320769614344e-03
1.299999999999999920e-05	-8.270672682092155073e-03
1.399999999999999979e-05	-8.217339346360574490e-03
1.499999999999999869e-05	-8.159674584160954425e-03
1.599999999999999928e-05	-8.097621666079371505e-03
1.699999999999999987e-05	-8.031123862701912766e-03
1.800000000000000046e-05	-7.960124444614654834e-03
1.899999999999999766e-05	-7.884566682403681276e-03
1.999999999999999825e-05	-7.804421905844054902e-03
2.099999999999999884e-05	-7.719773681466755508e-03
2.199999999999999943e-05	-7.630733634991735195e-03
2.300000000000000002e-05	-7.537413392138970353e-03
2.400000000000000061e-05	-7.439924578628415684e-03
2.499999999999999781e-05	-7.338378820180025026e-03
2.599999999999999840e-05	-7.232887742513772165e-03
2.699999999999999899e-05	-7.123562971349607469e-03
2.799999999999999958e-05	-7.010516132407502987e-03
2.900000000000000017e-05	-6.893858851407408221e-03
2.999999999999999737e-05	-6.773702754069291752e-03
3.100000000000000135e-05	-6.650159466113113489e-03
3.199999999999999855e-05	-6.523340613258834207e-03
3.299999999999999575e-05	-6.393357821226415549e-03
3.399999999999999973e-05	-6.260322715735815689e-03
3.499999999999999693e-05	-6.124346922506997137e-03
3.600000000000000091e-05	-5.985542067259923271e-03
3.699999999999999811e-05	-5.844019775714553132e-03
3.799999999999999532e-05	-5.699891673590850097e-03
3.899999999999999929e-05	-5.553269386608772340e-03
3.999999999999999650e-05	-5.404264540488283239e-03
4.100000000000000047e-05	-5.252988760949343569e-03
4.199999999999999768e-05	-5.099553673711913239e-03
4.299999999999999488e-05	-4.944070904495954759e-03
4.399999999999999886e-05	-4.786652079021427170e-03
4.499999999999999606e-05	-4.627408823008294717e-03
4.600000000000000004e-05	-4.466452762176514706e-03
4.699999999999999724e-05	-4.303895522246053984e-03
4.800000000000000122e-05	-4.139848728936867256e-03
4.899999999999999842e-05	-3.974424007968920501e-03
4.999999999999999562e-05	-3.807732985062172327e-03
5.099999999999999960e-05	-3.639887285936586545e-03
5.199999999999999680e-05	-3.470998536312119593e-03
5.300000000000000078e-05	-3.301178361908735717e-03
5.399999999999999798e-05	-3.130538388446396127e-03
5.499999999999999518e-05	-2.959190241645062898e-03
5.599999999999999916e-05	-2.787245547224694205e-03
5.699999999999999636e-05	-2.614815930905254292e-03
5.800000000000000034e-05	-2.442013018406700899e-03
5.899999999999999754e-05	-2.268948435448998706e-03
5.999999999999999474e-05	-2.095733807752108054e-03
6.099999999999999872e-05	-1.922480761035987983e-03
6.200000000000000270e-05	-1.749300921020600138e-03
6.299999999999999990e-05	-1.576305913425908329e-03
6.399999999999999710e-05	-1.403607363971871597e-03
6.499999999999999431e-05	-1.231316898378450935e-03
6.599999999999999151e-05	-1.059546142365608854e-03
6.700000000000000226e-05	-8.884067216533025500e-04
6.799999999999999946e-05	-7.180102619614981124e-04
6.899999999999999667e-05	-5.484683890101560997e-04
6.999999999999999387e-05	-3.798927285192357697e-04
7.099999999999999107e-05	-2.123949062086988738e-04
7.200000000000000182e-05	-4.608654779850488662e-05
7.299999999999999903e-05	1.189207209913828141e-04
7.399999999999999623e-05	2.825152744410028022e-04
7.499999999999999343e-05	4.445854868303943021e-04
7.599999999999999063e-05	6.050197324395975140e-04
7.700000000000000139e-05	7.637063855486522041e-04
7.799999999999999859e-05	9.205338204375930434e-04
7.899999999999999579e-05	1.075390411386461641e-03
7.999999999999999299e-05	1.228164532675295921e-03
8.099999999999999019e-05	1.378744558584135433e-03
8.200000000000000095e-05	1.527018863393022220e-03
8.299999999999999815e-05	1.672875821381988783e-03
8.399999999999999535e-05	1.816226768563382853e-03
8.499999999999999255e-05	1.957074887878764054e-03
8.599999999999998976e-05	2.095446324002006155e-03
8.700000000000000051e-05	2.231367221606972515e-03
8.799999999999999771e-05	2.364863725367530832e-03
8.899999999999999491e-05	2.495961979957550102e-03
8.999999999999999212e-05	2.624688130050898890e-03
9.099999999999998932e-05	2.751068320321443158e-03
9.200000000000000007e-05	2.875128695443053637e-03
9.299999999999999727e-05	2.996895400089596290e-03
9.399999999999999448e-05	3.116394578934937511e-03
9.499999999999999168e-05	3.233652376652947601e-03
9.600000000000000243e-05	3.348694937917494688e-03
9.699999999999999963e-05	3.461548407402443867e-03
9.799999999999999684e-05	3.572238929781664137e-03
9.899999999999999404e-05	3.680792649729024493e-03
9.999999999999999124e-05	3.787235711918392200e-03
1.010000000000000020e-04	3.891594261023634520e-03
1.019999999999999992e-04	3.993894441718621319e-03
1.029999999999999964e-04	4.094162398677218123e-03
1.039999999999999936e-04	4.192424276573292197e-03
1.049999999999999908e-04	4.288706220080712971e-03
1.060000000000000016e-04	4.383034373873350743e-03
1.069999999999999988e-04	4.475434882625067140e-03
1.079999999999999960e-04	4.565933891009735061e-03
1.089999999999999932e-04	4.654557543701220469e-03
1.099999999999999904e-04	4.741331985373392795e-03
1.110000000000000011e-04	4.826283360700118000e-03
1.119999999999999983e-04	4.909437814355262913e-03
1.129999999999999955e-04	4.990821491012697834e-03
1.139999999999999927e-04	5.070460535346289592e-03
1.149999999999999899e-04	5.148381092029908485e-03
1.160000000000000007e-04	5.224609305737418739e-03
1.169999999999999979e-04	5.299171321142688920e-03
1.179999999999999951e-04	5.372093282919589326e-03
1.189999999999999923e-04	5.443401335741984183e-03
1.199999999999999895e-04	5.513121624283742923e-03
1.210000000000000002e-04	5.581280293218734111e-03
1.219999999999999974e-04	5.647903487220826309e-03
1.229999999999999811e-04	5.713017350963884612e-03
1.240000000000000054e-04	5.776648029121780187e-03
1.250000000000000026e-04	5.838821666368378127e-03
1.259999999999999998e-04	5.899564407377547864e-03
1.269999999999999970e-04	5.958902396823154493e-03
1.279999999999999942e-04	6.016861779379070047e-03
1.289999999999999914e-04	6.073468699719160487e-03
1.299999999999999886e-04	6.128749302517292642e-03
1.309999999999999858e-04	6.182729732447335078e-03
1.319999999999999830e-04	6.235436134183155489e-03
1.330000000000000073e-04	6.286894652398625043e-03
1.340000000000000045e-04	6.337131431767605363e-03
1.350000000000000017e-04	6.386172616963969352e-03
1.359999999999999989e-04	6.434044352661580368e-03
1.369999999999999961e-04	6.480772783534310445e-03
1.379999999999999933e-04	6.526384054256026412e-03
1.389999999999999905e-04	6.570904309500595099e-03
1.399999999999999877e-04	6.614359693941886803e-03
1.409999999999999849e-04	6.656776352253763150e-03
1.419999999999999821e-04	6.698180429110097908e-03
1.430000000000000064e-04	6.738598069184759641e-03
1.440000000000000036e-04	6.778055417151610841e-03
1.450000000000000009e-04	6.816578617684524409e-03
1.459999999999999981e-04	6.854193815457367174e-03
1.469999999999999953e-04	6.890927155144001628e-03
1.479999999999999925e-04	6.926801522726061013e-03
1.489999999999999897e-04	6.961826769416206047e-03
1.499999999999999869e-04	6.996009487734858659e-03
1.509999999999999841e-04	7.029356270202438174e-03
1.519999999999999813e-04	7.061873709339368255e-03
1.530000000000000056e-04	7.093568397666069093e-03
1.540000000000000028e-04	7.124446927702960883e-03
1.550000000000000000e-04	7.154515891970469020e-03
1.559999999999999972e-04	7.183781882989009361e-03
1.569999999999999944e-04	7.212251493279009038e-03
1.579999999999999916e-04	7.239931315360888242e-03
1.589999999999999888e-04	7.266827941755064565e-03
1.599999999999999860e-04	7.292947964981964272e-03
1.609999999999999832e-04	7.318297977562004952e-03
1.619999999999999804e-04	7.342884572015610269e-03
1.630000000000000047e-04	7.366714340863206485e-03
1.640000000000000019e-04	7.389793876625203387e-03
1.649999999999999991e-04	7.412129771822030706e-03
1.659999999999999963e-04	7.433728618974107770e-03
1.669999999999999935e-04	7.454597010601857372e-03
1.679999999999999907e-04	7.474741539225700573e-03
1.689999999999999879e-04	7.494168797366058433e-03
1.699999999999999851e-04	7.512885377543350278e-03
1.709999999999999823e-04	7.530897872278001504e-03
1.719999999999999795e-04	7.548212874090431436e-03
1.730000000000000038e-04	7.564836975501059400e-03
1.740000000000000010e-04	7.580776769030309926e-03
1.749999999999999982e-04	7.596038847198604942e-03
1.759999999999999954e-04	7.610629802526366373e-03
1.769999999999999926e-04	7.624556227534010078e-03
1.779999999999999898e-04	7.637824714741964054e-03
1.789999999999999870e-04	7.650441856670645892e-03
1.799999999999999842e-04	7.662414245840478387e-03
1.809999999999999814e-04	7.673748474771885202e-03
1.819999999999999786e-04	7.684451135985282191e-03
1.830000000000000029e-04	7.694528822001095621e-03
1.840000000000000001e-04	7.703988125339744815e-03
1.849999999999999973e-04	7.712835638521649967e-03
1.859999999999999945e-04	7.721077954067239076e-03
1.869999999999999917e-04	7.728721664496927997e-03
1.879999999999999890e-04	7.735773362331135189e-03
1.889999999999999862e-04	7.742239640090289518e-03
1.899999999999999834e-04	7.748127090294808575e-03
1.909999999999999806e-04	7.753442305465115154e-03
1.920000000000000049e-04	7.758191878121627715e-03
1.930000000000000021e-04	7.762382400784771652e-03
1.939999999999999993e-04	7.766020465974965425e-03
1.949999999999999965e-04	7.769112666212631829e-03
1.959999999999999937e-04	7.771665594018191056e-03
1.969999999999999909e-04	7.773685841912065034e-03
1.979999999999999881e-04	7.775180002414679159e-03
1.989999999999999853e-04	7.776154668046451023e-03
1.999999999999999825e-04	7.776616431327800817e-03
2.009999999999999797e-04	7.776571884779153940e-03
2.020000000000000040e-04	7.776027620920929716e-03
2.030000000000000012e-04	7.774990232273549205e-03
2.039999999999999984e-04	7.773466311357434336e-03
2.049999999999999956e-04	7.771462450693004433e-03
2.059999999999999928e-04	7.768985242800684893e-03
2.069999999999999900e-04	7.766041280200895042e-03
2.079999999999999872e-04	7.762637155414055939e-03
2.089999999999999844e-04	7.758779460960590381e-03
2.099999999999999816e-04	7.754474789360919426e-03
2.109999999999999788e-04	7.749729733135463268e-03
2.120000000000000031e-04	7.744550884804647303e-03
2.130000000000000003e-04	7.738944836888887388e-03
2.139999999999999975e-04	7.732918181908608919e-03
2.149999999999999947e-04	7.726477512384232957e-03
2.159999999999999919e-04	7.719629420836177959e-03
2.169999999999999891e-04	7.712380499784868455e-03
2.179999999999999863e-04	7.704737341750722904e-03
2.189999999999999835e-04	7.696706539254170171e-03
2.199999999999999807e-04	7.688294684815622643e-03
2.209999999999999779e-04	7.679508370955507451e-03
2.220000000000000022e-04	7.670354190194243055e-03
2.229999999999999994e-04	7.660838735052251380e-03
2.239999999999999966e-04	7.650968598049954356e-03
2.249999999999999938e-04	7.640750371707774775e-03
2.259999999999999910e-04	7.630190648546132832e-03
2.269999999999999882e-04	7.619296021085448720e-03
2.279999999999999854e-04	7.608073081846147834e-03
2.289999999999999826e-04	7.596528423348646898e-03
2.299999999999999799e-04	7.584668638113373045e-03
2.309999999999999771e-04	7.572500318660739527e-03
2.320000000000000014e-04	7.560030057511175211e-03
2.329999999999999986e-04	7.547264447185100290e-03
2.339999999999999958e-04	7.534210080202928886e-03
2.349999999999999930e-04	7.520873549085095068e-03
2.359999999999999902e-04	7.507261446352010356e-03
2.369999999999999874e-04	7.493380364524101014e-03
2.379999999999999846e-04	7.479236896121787236e-03
2.389999999999999818e-04	7.464837633665489212e-03
2.399999999999999790e-04	7.450189169675627138e-03
2.409999999999999762e-04	7.435298096672627276e-03
2.420000000000000005e-04	7.420171007176908085e-03
2.429999999999999977e-04	7.404814493708894094e-03
2.439999999999999949e-04	7.389235148789001159e-03
2.449999999999999921e-04	7.373439564937654678e-03
2.459999999999999622e-04	7.357434334675275710e-03
2.469999999999999865e-04	7.341226050522280978e-03
2.480000000000000108e-04	7.324821304999100217e-03
2.489999999999999809e-04	7.308226690626149283e-03
2.500000000000000052e-04	7.291448799923852704e-03
2.509999999999999753e-04	7.274494225412633276e-03
2.519999999999999996e-04	7.257369559612899916e-03
2.529999999999999697e-04	7.240081395045093633e-03
2.539999999999999940e-04	7.222636324229621610e-03
2.549999999999999641e-04	7.205040939686910111e-03
2.559999999999999884e-04	7.187301833937381063e-03
2.570000000000000127e-04	7.169425599501453791e-03
2.579999999999999828e-04	7.151418828899551092e-03
2.590000000000000071e-04	7.133288114652094024e-03
2.599999999999999772e-04	7.115040049279505383e-03
2.610000000000000015e-04	7.096681225302208830e-03
2.619999999999999716e-04	7.078218235240618487e-03
2.629999999999999959e-04	7.059657671615160619e-03
2.639999999999999660e-04	7.041006126946258888e-03
2.649999999999999903e-04	7.022270193754326546e-03
2.660000000000000146e-04	7.003456464559795931e-03
2.669999999999999847e-04	6.984571531883076827e-03
2.680000000000000090e-04	6.965621988244600701e-03
2.689999999999999791e-04	6.946614426164787748e-03
2.700000000000000035e-04	6.927555438164051220e-03
2.709999999999999735e-04	6.908451616762821719e-03
2.719999999999999979e-04	6.889309554481515101e-03
2.729999999999999680e-04	6.870135843840556762e-03
2.739999999999999923e-04	6.850937077360366029e-03
2.749999999999999624e-04	6.831718798242492584e-03
2.759999999999999867e-04	6.812482352412998869e-03
2.770000000000000110e-04	6.793228036479073348e-03
2.779999999999999811e-04	6.773956147047907085e-03
2.790000000000000054e-04	6.754666980726697217e-03
2.799999999999999755e-04	6.735360834122619197e-03
2.809999999999999998e-04	6.716038003842873631e-03
2.819999999999999699e-04	6.696698786494652451e-03
2.829999999999999942e-04	6.677343478685132845e-03
2.839999999999999643e-04	6.657972377021523225e-03
2.849999999999999886e-04	6.638585778110998176e-03
2.860000000000000129e-04	6.619183978560755702e-03
2.869999999999999830e-04	6.599767274977986868e-03
2.880000000000000073e-04	6.580335963969872332e-03
2.889999999999999774e-04	6.560890342143616168e-03
2.900000000000000017e-04	6.541430706106396431e-03
2.909999999999999718e-04	6.521957352465411126e-03
2.919999999999999961e-04	6.502470577827848715e-03
2.929999999999999662e-04	6.482970678800893324e-03
2.939999999999999905e-04	6.463457951991740356e-03
2.949999999999999606e-04	6.443932694007583478e-03
2.959999999999999849e-04	6.424395201455603346e-03
2.970000000000000092e-04	6.404845770942996230e-03
2.979999999999999793e-04	6.385284699076952328e-03
2.990000000000000036e-04	6.365712282464661836e-03
2.999999999999999737e-04	6.346128817713313219e-03
3.009999999999999980e-04	6.326534601430098409e-03
3.019999999999999681e-04	6.306929930222205001e-03
3.029999999999999924e-04	6.287315100696824928e-03
3.039999999999999625e-04	6.267690409461146653e-03
3.049999999999999868e-04	6.248056153122362108e-03
3.060000000000000111e-04	6.228412628287660624e-03
3.069999999999999812e-04	6.208760131564235001e-03
3.080000000000000055e-04	6.189098959559268497e-03
3.089999999999999756e-04	6.169429408879959116e-03
3.099999999999999999e-04	6.149751776133491853e-03
3.109999999999999700e-04	6.130066357927060373e-03
3.119999999999999944e-04	6.110373450867849672e-03
3.129999999999999644e-04	6.090673351563056018e-03
3.139999999999999888e-04	6.070966356619866139e-03
3.149999999999999589e-04	6.051252762645471968e-03
3.159999999999999832e-04	6.031532866247056764e-03
3.170000000000000075e-04	6.011806964031821132e-03
3.179999999999999776e-04	5.992075352606949200e-03
3.190000000000000019e-04	5.972338328579632032e-03
3.199999999999999720e-04	5.952596188557060693e-03
3.209999999999999963e-04	5.932849229146421911e-03
3.219999999999999664e-04	5.913097746954910222e-03
3.229999999999999907e-04	5.893342038589714955e-03
3.239999999999999608e-04	5.873582400658024574e-03
3.249999999999999851e-04	5.853819129767027542e-03
3.260000000000000094e-04	5.834052522523920127e-03
3.269999999999999795e-04	5.814282875535886456e-03
3.280000000000000038e-04	5.794510485410118462e-03
3.289999999999999739e-04	5.774735648753806343e-03
3.299999999999999982e-04	5.754958662174142030e-03
3.309999999999999683e-04	5.735179822278313987e-03
3.319999999999999926e-04	5.715399425673511544e-03
3.329999999999999627e-04	5.695617768966925766e-03
3.339999999999999870e-04	5.675835148765747719e-03
3.350000000000000113e-04	5.656051861677164998e-03
3.359999999999999814e-04	5.636268204308371270e-03
3.370000000000000057e-04	5.616484473266552396e-03
3.379999999999999758e-04	5.596700965158902044e-03
3.390000000000000001e-04	5.576917976592610411e-03
3.399999999999999702e-04	5.557135804174864226e-03
3.409999999999999945e-04	5.537354744512856287e-03
3.419999999999999646e-04	5.517575094213777662e-03
3.429999999999999889e-04	5.497797149884814209e-03
3.439999999999999590e-04	5.478021208133162200e-03
3.449999999999999833e-04	5.458247565566005759e-03
3.460000000000000076e-04	5.438476518790538554e-03
3.469999999999999777e-04	5.418708364413949916e-03
3.480000000000000020e-04	5.398943399043426572e-03
3.489999999999999721e-04	5.379181919286167395e-03
3.499999999999999964e-04	5.359424221749353907e-03
3.509999999999999665e-04	5.339670603040180645e-03
3.519999999999999908e-04	5.319921359765835203e-03
3.529999999999999609e-04	5.300176788533509514e-03
3.539999999999999853e-04	5.280437185950393776e-03
3.550000000000000096e-04	5.260702848623674717e-03
3.559999999999999797e-04	5.240974073160547739e-03
3.570000000000000040e-04	5.221251156168199570e-03
3.579999999999999741e-04	5.201534394253823877e-03
3.589999999999999984e-04	5.181824084024603053e-03
3.599999999999999685e-04	5.162120522087735100e-03
3.609999999999999928e-04	5.142424005050407615e-03
3.619999999999999629e-04	5.122734829519809928e-03
3.629999999999999872e-04	5.103053292103131369e-03
3.639999999999999573e-04	5.083379689407565606e-03
3.649999999999999816e-04	5.063714318040299367e-03
3.660000000000000059e-04	5.044057474608525451e-03
3.669999999999999760e-04	5.024409455719430588e-03
3.680000000000000003e-04	5.004770557980206709e-03
3.689999999999999704e-04	4.985141077998046615e-03
3.699999999999999947e-04	4.965521312380135298e-03
3.709999999999999648e-04	4.945911557733666426e-03
3.719999999999999891e-04	4.926312110665826728e-03
3.729999999999999592e-04	4.906723267783812473e-03
3.739999999999999835e-04	4.887145325694806919e-03
3.750000000000000078e-04	4.867578581006005468e-03
3.759999999999999779e-04	4.848023330324595717e-03
3.770000000000000022e-04	4.828479870257766995e-03
3.779999999999999723e-04	4.808948497412711236e-03
3.789999999999999966e-04	4.789429508396618636e-03
3.799999999999999667e-04	4.769923199816678526e-03
3.809999999999999910e-04	4.750429868280079369e-03
3.819999999999999611e-04	4.730949810394014833e-03
3.829999999999999854e-04	4.711483322765672513e-03
3.840000000000000097e-04	4.692030702002242606e-03
3.849999999999999798e-04	4.672592244710917914e-03
3.860000000000000041e-04	4.653168247498884295e-03
3.869999999999999742e-04	4.633759006973336286e-03
3.879999999999999985e-04	4.614364819741460615e-03
3.889999999999999686e-04	4.594985982410449213e-03
3.899999999999999929e-04	4.575622791587489677e-03
3.909999999999999630e-04	4.556275543879776541e-03
3.919999999999999873e-04	4.536944535894497400e-03
3.929999999999999574e-04	4.517630064238841586e-03
3.939999999999999817e-04	4.498332425519998429e-03
3.950000000000000061e-04	4.479051916345160728e-03
3.959999999999999762e-04	4.459788833321520415e-03
3.970000000000000005e-04	4.440543473056262486e-03
3.979999999999999706e-04	4.421316132156578871e-03
3.989999999999999949e-04	4.402107107229662371e-03
3.999999999999999650e-04	4.382916694882697979e-03
4.009999999999999893e-04	4.363745191722881098e-03
4.019999999999999594e-04	4.344592894357399322e-03
4.029999999999999837e-04	4.325460099393442850e-03
4.040000000000000080e-04	4.306347103438201013e-03
4.049999999999999781e-04	4.287254203098865742e-03
4.060000000000000024e-04	4.268181694982625500e-03
4.069999999999999725e-04	4.249129875696673088e-03
4.079999999999999968e-04	4.230099041848194366e-03
4.089999999999999669e-04	4.211089490044383869e-03
4.099999999999999912e-04	4.192101516892428326e-03
4.109999999999999613e-04	4.173135418999519668e-03
4.119999999999999856e-04	4.154191492972848093e-03
4.129999999999999557e-04	4.135270035419602933e-03
4.139999999999999800e-04	4.116371342946974383e-03
4.150000000000000043e-04	4.097495712162152644e-03
4.159999999999999744e-04	4.078643439672328778e-03
4.169999999999999987e-04	4.059814822084691251e-03
4.179999999999999688e-04	4.041010156006431125e-03
4.189999999999999931e-04	4.022229738044739468e-03
4.199999999999999632e-04	4.003473864806804741e-03
4.209999999999999875e-04	3.984742832899816276e-03
4.219999999999999576e-04	3.966036938930969473e-03
4.229999999999999819e-04	3.947356479507448460e-03
4.240000000000000062e-04	3.928701751236445168e-03
4.249999999999999763e-04	3.910073050725150663e-03
4.260000000000000006e-04	3.891470674580753408e-03
4.269999999999999707e-04	3.872894919410447070e-03
4.279999999999999950e-04	3.854346081821417077e-03
4.289999999999999651e-04	3.835824458420856661e-03
4.299999999999999894e-04	3.817330345815954287e-03
4.309999999999999595e-04	3.798864040613903186e-03
4.319999999999999838e-04	3.780425839421888787e-03
4.329999999999999539e-04	3.762016038847104758e-03
4.339999999999999782e-04	3.743634935496739126e-03
4.350000000000000026e-04	3.725282825977982524e-03
4.359999999999999726e-04	3.706960006898028185e-03
4.369999999999999970e-04	3.688666774864061970e-03
4.379999999999999671e-04	3.670403426483276246e-03
4.389999999999999914e-04	3.652170258362858607e-03
4.399999999999999615e-04	3.633967567110003589e-03
4.409999999999999858e-04	3.615795649331897486e-03
4.419999999999999559e-04	3.597654801635733098e-03
4.429999999999999802e-04	3.579545320628697153e-03
4.440000000000000045e-04	3.561467502917982451e-03
4.449999999999999746e-04	3.543421645110780057e-03
4.459999999999999989e-04	3.525408043814276266e-03
4.469999999999999690e-04	3.507426995635665179e-03
4.479999999999999933e-04	3.489478797182134391e-03
4.489999999999999634e-04	3.471563745060874100e-03
4.499999999999999877e-04	3.453682135879076673e-03
4.509999999999999578e-04	3.435834266243931005e-03
4.519999999999999821e-04	3.418020432762625561e-03
4.530000000000000064e-04	3.400240932042351404e-03
4.539999999999999765e-04	3.382496060690300902e-03
4.550000000000000008e-04	3.364786115313661216e-03
4.559999999999999709e-04	3.347111392519625146e-03
4.569999999999999952e-04	3.329472188915379854e-03
4.579999999999999653e-04	3.311868801108118574e-03
4.589999999999999896e-04	3.294301525705027600e-03
4.599999999999999597e-04	3.276770659313301033e-03
4.609999999999999840e-04	3.259276498540126469e-03
4.619999999999999541e-04	3.241819339992694539e-03
4.629999999999999784e-04	3.224399480278195874e-03
4.640000000000000027e-04	3.207017216003820240e-03
4.649999999999999728e-04	3.189672843776758266e-03
4.659999999999999971e-04	3.172366660204198850e-03
4.669999999999999672e-04	3.155098961893334358e-03
4.679999999999999915e-04	3.137870045451351952e-03
4.689999999999999616e-04	3.120680207485444866e-03
4.699999999999999859e-04	3.103529744602800695e-03
4.709999999999999560e-04	3.086418953410610937e-03
4.719999999999999803e-04	3.069348130516064491e-03
4.730000000000000046e-04	3.052317572526352420e-03
4.739999999999999747e-04	3.035327576048666223e-03
4.749999999999999990e-04	3.018378437690193063e-03
4.759999999999999691e-04	3.001470454058125306e-03
4.769999999999999934e-04	2.984603921759653149e-03
4.779999999999999635e-04	2.967779137401963755e-03
4.789999999999999879e-04	2.950996397592251224e-03
4.799999999999999580e-04	2.934255998937703152e-03
4.809999999999999823e-04	2.917558238045510170e-03
4.819999999999999524e-04	2.900903411522863778e-03
4.829999999999999767e-04	2.884291815976951136e-03
4.840000000000000010e-04	2.867723748014964179e-03
4.849999999999999711e-04	2.851199504244093970e-03
4.859999999999999954e-04	2.834719381271528973e-03
4.869999999999999655e-04	2.818283675704461554e-03
4.879999999999999898e-04	2.801892684150078441e-03
4.889999999999999599e-04	2.785546703215572868e-03
4.899999999999999842e-04	2.769246029508133297e-03
4.910000000000000085e-04	2.752990959634949494e-03
4.919999999999999244e-04	2.736781790203214257e-03
4.929999999999999487e-04	2.720618817820115182e-03
4.939999999999999730e-04	2.704502339092840733e-03
4.949999999999999973e-04	2.688432650628585444e-03
4.960000000000000216e-04	2.672410049034536477e-03
4.969999999999999375e-04	2.656434830917886198e-03
4.979999999999999618e-04	2.640507292885822203e-03
4.989999999999999861e-04	2.624627731545535556e-03
5.000000000000000104e-04	2.608796443504216890e-03
5.009999999999999263e-04	2.593013725369057269e-03
5.019999999999999506e-04	2.577279873747244290e-03
5.029999999999999749e-04	2.561595185245969016e-03
5.039999999999999992e-04	2.545959956472421647e-03
5.050000000000000235e-04	2.530374484033792813e-03
5.059999999999999394e-04	2.514839064537274013e-03
5.069999999999999637e-04	2.499353994590052842e-03
5.079999999999999880e-04	2.483919570799319933e-03
5.090000000000000123e-04	2.468536089772265484e-03
5.099999999999999282e-04	2.453203848116081425e-03
5.109999999999999525e-04	2.437923142437955788e-03
5.119999999999999768e-04	2.422694269345078335e-03
5.130000000000000011e-04	2.407517525444640132e-03
5.140000000000000254e-04	2.392393207343832245e-03
5.149999999999999413e-04	2.377321611649844436e-03
5.159999999999999656e-04	2.362303034969866038e-03
5.169999999999999899e-04	2.347337773911086379e-03
5.180000000000000143e-04	2.332426125080697393e-03
5.189999999999999301e-04	2.317568385085889710e-03
5.199999999999999544e-04	2.302764850533850927e-03
5.209999999999999788e-04	2.288015818031771675e-03
5.220000000000000031e-04	2.273321584186843020e-03
5.230000000000000274e-04	2.258682445606255158e-03
5.239999999999999433e-04	2.244098698897200456e-03
5.249999999999999676e-04	2.229570640666863907e-03
5.259999999999999919e-04	2.215098567522438312e-03
5.270000000000000162e-04	2.200682776071113868e-03
5.279999999999999321e-04	2.186323562920083376e-03
5.289999999999999564e-04	2.172021224676530526e-03
5.299999999999999807e-04	2.157776057947650723e-03
5.310000000000000050e-04	2.143588359340631994e-03
5.320000000000000293e-04	2.129458425462665404e-03
5.329999999999999452e-04	2.115386552920941587e-03
5.339999999999999695e-04	2.101373038322648136e-03
5.349999999999999938e-04	2.087418178274976551e-03
5.360000000000000181e-04	2.073522269385117897e-03
5.369999999999999340e-04	2.059685608260262372e-03
5.379999999999999583e-04	2.045908491507598438e-03
5.389999999999999826e-04	2.032191215734317595e-03
5.400000000000000069e-04	2.018534077547608305e-03
5.409999999999999228e-04	2.004937373554663369e-03
5.419999999999999471e-04	1.991401400362670382e-03
5.429999999999999714e-04	1.977926454578820409e-03
5.439999999999999957e-04	1.964512832810303214e-03
5.450000000000000200e-04	1.951160831664309862e-03
5.459999999999999359e-04	1.937870747748031636e-03
5.469999999999999602e-04	1.924642877668655046e-03
5.479999999999999845e-04	1.911477518033371809e-03
5.490000000000000088e-04	1.898374965449372989e-03
5.499999999999999247e-04	1.885335516523849869e-03
5.509999999999999490e-04	1.872359467863988960e-03
5.519999999999999733e-04	1.859447116076982194e-03
5.529999999999999976e-04	1.846598757770019986e-03
5.540000000000000219e-04	1.833814689550292316e-03
5.549999999999999378e-04	1.821095208024990468e-03
5.559999999999999621e-04	1.808440609801302036e-03
5.569999999999999864e-04	1.795851191486418086e-03
5.580000000000000107e-04	1.783327249687529682e-03
5.589999999999999266e-04	1.770869081011827457e-03
5.599999999999999509e-04	1.758476982066499222e-03
5.609999999999999752e-04	1.746151249458736260e-03
5.619999999999999996e-04	1.733892179795728551e-03
5.630000000000000239e-04	1.721700069684666511e-03
5.639999999999999397e-04	1.709575215732741420e-03
5.649999999999999641e-04	1.697517914547141309e-03
5.659999999999999884e-04	1.685528462735056592e-03
5.670000000000000127e-04	1.673607156903678768e-03
5.679999999999999286e-04	1.661754293660197817e-03
5.689999999999999529e-04	1.649970169611801986e-03
5.699999999999999772e-04	1.638255081365683208e-03
5.710000000000000015e-04	1.626609325529030595e-03
5.720000000000000258e-04	1.615033198709034130e-03
5.729999999999999417e-04	1.603526997512886394e-03
5.739999999999999660e-04	1.592091018547774767e-03
5.749999999999999903e-04	1.580725558420889880e-03
5.760000000000000146e-04	1.569430913739421930e-03
5.769999999999999305e-04	1.558207381110562634e-03
5.779999999999999548e-04	1.547055257141499805e-03
5.789999999999999791e-04	1.535974838439424506e-03
5.800000000000000034e-04	1.524966421611526936e-03
5.810000000000000277e-04	1.514030303264997726e-03
5.819999999999999436e-04	1.503166780007027074e-03
5.829999999999999679e-04	1.492376148444803444e-03
5.839999999999999922e-04	1.481658705185518333e-03
5.850000000000000165e-04	1.471014746836361723e-03
5.859999999999999324e-04	1.460444570004524028e-03
5.869999999999999567e-04	1.449948471297194362e-03
5.879999999999999810e-04	1.439526747321563356e-03
5.890000000000000053e-04	1.429179694684821209e-03
5.899999999999999212e-04	1.418907609994158985e-03
5.909999999999999455e-04	1.408710789856764930e-03
5.919999999999999698e-04	1.398589530879830109e-03
5.929999999999999941e-04	1.388544129670544938e-03
5.940000000000000184e-04	1.378574882836098746e-03
5.949999999999999343e-04	1.368682086983683465e-03
5.959999999999999586e-04	1.358866038720486910e-03
5.969999999999999829e-04	1.349127034653700360e-03
5.980000000000000072e-04	1.339465371390513582e-03
5.989999999999999231e-04	1.329881345538118072e-03
5.999999999999999474e-04	1.320375253703701644e-03
6.009999999999999717e-04	1.310947392494455797e-03
6.019999999999999961e-04	1.301598058517570511e-03
6.030000000000000204e-04	1.292327548380235985e-03
6.039999999999999362e-04	1.283136158689642849e-03
6.049999999999999606e-04	1.274024186052979783e-03
6.059999999999999849e-04	1.264991927077437853e-03
6.070000000000000092e-04	1.256039678370206606e-03
6.079999999999999251e-04	1.247167736538477975e-03
6.089999999999999494e-04	1.238376398189439771e-03
6.099999999999999737e-04	1.229665959930282626e-03
6.109999999999999980e-04	1.221036718368197823e-03
6.120000000000000223e-04	1.212488970110374258e-03
6.129999999999999382e-04	1.204023011764003646e-03
6.139999999999999625e-04	1.195639139936274450e-03
6.149999999999999868e-04	1.187337651234376869e-03
6.160000000000000111e-04	1.179118842265501751e-03
6.169999999999999270e-04	1.170983009636839727e-03
6.179999999999999513e-04	1.162930449955579693e-03
6.189999999999999756e-04	1.154961459828912065e-03
6.199999999999999999e-04	1.147076335864027474e-03
6.210000000000000242e-04	1.139275374668115900e-03
6.219999999999999401e-04	1.131558872848367541e-03
6.229999999999999644e-04	1.123927127011971946e-03
6.239999999999999887e-04	1.116380433766119527e-03
6.250000000000000130e-04	1.108919089718000701e-03
6.259999999999999289e-04	1.101543391474806097e-03
6.269999999999999532e-04	1.094253635643724180e-03
6.279999999999999775e-04	1.087050118831946015e-03
6.290000000000000018e-04	1.079933137646662015e-03
6.299999999999999177e-04	1.072902988695062596e-03
6.309999999999999420e-04	1.065959968584336654e-03
6.319999999999999663e-04	1.059104373921674822e-03
6.329999999999999906e-04	1.052336501314267729e-03
6.340000000000000149e-04	1.045656647369305140e-03
6.349999999999999308e-04	1.039065108693977687e-03
6.359999999999999551e-04	1.032562181895474484e-03
6.369999999999999794e-04	1.026148163580986161e-03
6.380000000000000037e-04	1.019823350357702699e-03
6.389999999999999196e-04	1.013588038832815381e-03
6.399999999999999439e-04	1.007442525613512453e-03
6.409999999999999682e-04	1.001387107306984979e-03
6.419999999999999925e-04	9.954220805204233753e-04
6.430000000000000169e-04	9.895477418610167542e-04
6.439999999999999327e-04	9.837643879359570485e-04
6.449999999999999570e-04	9.780723153524325045e-04
6.459999999999999814e-04	9.724718207176340787e-04
6.470000000000000057e-04	9.669632006387517522e-04
6.479999999999999215e-04	9.615467517229761563e-04
6.489999999999999459e-04	9.562227705774966214e-04
6.499999999999999702e-04	9.509915538095037790e-04
6.509999999999999945e-04	9.458533980261872847e-04
6.520000000000000188e-04	9.408085998347376615e-04
6.529999999999999347e-04	9.358574558423456494e-04
6.539999999999999590e-04	9.310002626561998196e-04
6.549999999999999833e-04	9.262373168834915627e-04
6.560000000000000076e-04	9.215689151314103173e-04
6.569999999999999235e-04	9.169953540071471487e-04
6.579999999999999478e-04	9.125169301178909535e-04
6.589999999999999721e-04	9.081339400708327968e-04
6.599999999999999964e-04	9.038466804731620091e-04
6.610000000000000207e-04	8.996554479320692218e-04
6.619999999999999366e-04	8.955605390547449578e-04
6.629999999999999609e-04	8.915622504483784391e-04
6.639999999999999852e-04	8.876608787201604057e-04
6.650000000000000095e-04	8.838567204772807299e-04
6.659999999999999254e-04	8.801500723269298264e-04
6.669999999999999497e-04	8.765412308762975677e-04
6.679999999999999740e-04	8.730304927325738262e-04
6.689999999999999983e-04	8.696181545029491250e-04
6.700000000000000226e-04	8.663045127946134450e-04
6.709999999999999385e-04	8.630898642147573092e-04
6.719999999999999628e-04	8.599745053705701563e-04
6.729999999999999871e-04	8.569587328692425095e-04
6.740000000000000114e-04	8.540428433179642412e-04
6.749999999999999273e-04	8.512271333239261996e-04
6.759999999999999516e-04	8.485118994943174984e-04
6.769999999999999759e-04	8.458974384363288773e-04
6.780000000000000002e-04	8.433840467571502089e-04
6.789999999999999161e-04	8.409720210639719078e-04
6.799999999999999404e-04	8.386616579639839548e-04
6.809999999999999647e-04	8.364532540643762224e-04
6.819999999999999890e-04	8.343471059723391254e-04
6.830000000000000134e-04	8.323435102950627528e-04
6.839999999999999292e-04	8.304427636397374111e-04
6.849999999999999535e-04	8.286451626135529725e-04
6.859999999999999779e-04	8.269510038236994182e-04
6.870000000000000022e-04	8.253605838773671625e-04
6.879999999999999180e-04	8.238741993817462949e-04
6.889999999999999424e-04	8.224921469440266879e-04
6.899999999999999667e-04	8.212147231713988645e-04
6.909999999999999910e-04	8.200422246710525886e-04
6.920000000000000153e-04	8.189749480501780582e-04
6.929999999999999312e-04	8.180131899159657962e-04
6.939999999999999555e-04	8.171572468756055667e-04
6.949999999999999798e-04	8.164074155362872421e-04
6.960000000000000041e-04	8.157639925052014539e-04
6.969999999999999200e-04	8.152272743895381830e-04
6.979999999999999443e-04	8.147975577964875187e-04
6.989999999999999686e-04	8.144751393332393336e-04
6.999999999999999929e-04	8.142603156069841506e-04
7.010000000000000172e-04	8.141533832249118422e-04
7.019999999999999331e-04	8.141546387942128231e-04
7.029999999999999574e-04	8.142643789220769656e-04
7.039999999999999817e-04	8.144829002156943592e-04
7.050000000000000060e-04	8.148104992822549847e-04
7.059999999999999219e-04	8.152474727289495821e-04
7.069999999999999462e-04	8.157941171629676984e-04
7.079999999999999705e-04	8.164507291914998568e-04
7.089999999999999948e-04	8.172176054217358213e-04
7.100000000000000191e-04	8.180950424608658981e-04
7.109999999999999350e-04	8.190833369160800681e-04
7.119999999999999593e-04	8.201827853945687459e-04
7.129999999999999836e-04	8.213936845035219123e-04
7.140000000000000079e-04	8.227163308501297652e-04
7.149999999999999238e-04	8.241510210415820686e-04
7.159999999999999481e-04	8.256980516850694540e-04
7.169999999999999724e-04	8.273577193877816854e-04
7.179999999999999967e-04	8.291303207569091773e-04
7.190000000000000210e-04	8.310161523996415856e-04
7.199999999999999369e-04	8.330155109231697583e-04
7.209999999999999612e-04	8.351286929346830260e-04
7.219999999999999855e-04	8.373559950413721285e-04
7.230000000000000098e-04	8.396977138504269382e-04
7.239999999999999257e-04	8.421541459690375445e-04
7.249999999999999500e-04	8.447255880043941451e-04
7.259999999999999743e-04	8.474123365636869378e-04
7.269999999999999987e-04	8.502146882541060120e-04
7.279999999999999145e-04	8.531329396828410232e-04
7.289999999999999388e-04	8.561673874570830366e-04
7.299999999999999632e-04	8.593183281840214910e-04
7.309999999999999875e-04	8.625860584708466925e-04
7.320000000000000118e-04	8.659708749247488390e-04
7.329999999999999277e-04	8.694730741529176944e-04
7.339999999999999520e-04	8.730929527625437819e-04
7.349999999999999763e-04	8.768308073608174075e-04
7.360000000000000006e-04	8.806869345549281185e-04
7.369999999999999165e-04	8.846616309520660042e-04
7.379999999999999408e-04	8.887551931594219129e-04
7.389999999999999651e-04	8.929679177841855003e-04
7.399999999999999894e-04	8.973001014335473978e-04
7.410000000000000137e-04	9.017520407146968273e-04
7.419999999999999296e-04	9.063240322348238781e-04
7.429999999999999539e-04	9.110163726011200492e-04
7.439999999999999782e-04	9.158293584207743455e-04
7.450000000000000025e-04	9.207632863009770734e-04
7.459999999999999184e-04	9.258184528489178883e-04
7.469999999999999427e-04	9.309951546717882892e-04
7.479999999999999670e-04	9.362936883767772811e-04
7.489999999999999913e-04	9.417143505710754954e-04
7.500000000000000156e-04	9.472574378618724795e-04
7.509999999999999315e-04	9.529232468563583226e-04
7.519999999999999558e-04	9.587120741617241983e-04
7.529999999999999801e-04	9.646242163851596538e-04
7.540000000000000044e-04	9.706599701338546700e-04
7.549999999999999203e-04	9.768196320149987941e-04
7.559999999999999446e-04	9.831034986357834165e-04
7.569999999999999689e-04	9.895118666033981929e-04
7.579999999999999932e-04	9.960450325250328873e-04
7.590000000000000175e-04	1.002703293007878131e-03
7.599999999999999334e-04	1.009486944659122821e-03
7.609999999999999577e-04	1.016396284085958673e-03
7.619999999999999820e-04	1.023431607895575451e-03
7.630000000000000063e-04	1.030593212695163352e-03
7.639999999999999222e-04	1.037881395091910623e-03
7.649999999999999465e-04	1.045296451693009413e-03
7.659999999999999708e-04	1.052838679105650354e-03
7.669999999999999951e-04	1.060508373937021258e-03
7.680000000000000195e-04	1.068305832794315359e-03
7.689999999999999353e-04	1.076231352284718950e-03
7.699999999999999597e-04	1.084285229015424616e-03
7.709999999999999840e-04	1.092467759593623421e-03
7.720000000000000083e-04	1.100779240626502528e-03
7.729999999999999242e-04	1.109219968721253651e-03
7.739999999999999485e-04	1.117790240485068507e-03
7.749999999999999728e-04	1.126490352525134258e-03
7.759999999999999971e-04	1.135320601448643702e-03
7.769999999999999130e-04	1.144281283862784221e-03
7.779999999999999373e-04	1.153372696374747527e-03
7.789999999999999616e-04	1.162595135591724905e-03
7.799999999999999859e-04	1.171948898120904166e-03
7.810000000000000102e-04	1.181434280569477460e-03
7.819999999999999261e-04	1.191051579544632165e-03
7.829999999999999504e-04	1.200801091653560648e-03
7.839999999999999747e-04	1.210683113503453973e-03
