-1.469999999999999953e-04	-1.164416371481501742e-03
-1.459999999999999981e-04	-1.029972365741138639e-03
-1.450000000000000009e-04	-9.011986376763825909e-04
-1.440000000000000036e-04	-7.780309397614385654e-04
-1.430000000000000064e-04	-6.604050244705101215e-04
-1.419999999999999821e-04	-5.482566442777994089e-04
-1.409999999999999849e-04	-4.415215516575164917e-04
-1.399999999999999877e-04	-3.401354990838625979e-04
-1.389999999999999905e-04	-2.440342390310423976e-04
-1.379999999999999933e-04	-1.531535239732601276e-04
-1.369999999999999961e-04	-6.742910638471995668e-05
-1.359999999999999989e-04	1.320326126037355502e-05
-1.350000000000000017e-04	8.880782648781575923e-05
-1.340000000000000045e-04	1.594488368234026955e-04
-1.330000000000000073e-04	2.251905397929296511e-04
-1.319999999999999830e-04	2.860971829221943411e-04
-1.309999999999999858e-04	3.422330137369884360e-04
-1.299999999999999886e-04	3.936622797631098404e-04
-1.289999999999999914e-04	4.404492285263535861e-04
-1.279999999999999942e-04	4.826581075525161139e-04
-1.269999999999999970e-04	5.203531643673920759e-04
-1.259999999999999998e-04	5.535986464967778591e-04
-1.250000000000000026e-04	5.824588014664687117e-04
-1.240000000000000054e-04	6.069978768022602075e-04
-1.229999999999999811e-04	6.272801200299486790e-04
-1.219999999999999974e-04	6.433697786753286157e-04
-1.210000000000000002e-04	6.553311002641959166e-04
-1.199999999999999895e-04	6.632283323223474563e-04
-1.189999999999999923e-04	6.671257223755767485e-04
-1.179999999999999951e-04	6.670875179496812100e-04
-1.169999999999999979e-04	6.631779665704553304e-04
-1.160000000000000007e-04	6.554613157636954420e-04
-1.149999999999999899e-04	6.440018130551964683e-04
-1.139999999999999927e-04	6.288637059707548500e-04
-1.129999999999999955e-04	6.101112420361656189e-04
-1.119999999999999983e-04	5.878086687772249991e-04
-1.110000000000000011e-04	5.620202337197276968e-04
-1.099999999999999904e-04	5.328101843894699364e-04
-1.089999999999999932e-04	5.002427683122476166e-04
-1.079999999999999960e-04	4.643822330138554439e-04
-1.069999999999999988e-04	4.252928260200900218e-04
-1.060000000000000016e-04	3.830387948567464361e-04
-1.049999999999999908e-04	3.376843870496195016e-04
-1.039999999999999936e-04	2.892938501245067434e-04
-1.029999999999999964e-04	2.379314316072029221e-04
-1.019999999999999992e-04	1.836613790235031235e-04
-1.010000000000000020e-04	1.265479398992035718e-04
-9.999999999999999124e-05	6.665536176009897312e-05
-9.899999999999999404e-05	4.047892131986310753e-06
-9.799999999999999684e-05	-6.121022145933938379e-05
-9.699999999999999963e-05	-1.290547314880830789e-04
-9.600000000000000243e-05	-1.994213904284476832e-04
-9.499999999999999168e-05	-2.722459507546403333e-04
-9.399999999999999448e-05	-3.474641649408624199e-04
-9.299999999999999727e-05	-4.250117854613194536e-04
-9.200000000000000007e-05	-5.048245647902160774e-04
-9.099999999999998932e-05	-5.868382554017571515e-04
-8.999999999999999212e-05	-6.709886097701453674e-04
-8.899999999999999491e-05	-7.572113803695861272e-04
-8.799999999999999771e-05	-8.454423196742834237e-04
-8.700000000000000051e-05	-9.356171801584428757e-04
-8.599999999999998976e-05	-1.027671714296268801e-03
-8.499999999999999255e-05	-1.121541674561963783e-03
-8.399999999999999535e-05	-1.217162813429732791e-03
-8.299999999999999815e-05	-1.314469809215337934e-03
-8.200000000000000095e-05	-1.413393043600769680e-03
-8.099999999999999019e-05	-1.513861824109576830e-03
-7.999999999999999299e-05	-1.615805458265305800e-03
-7.899999999999999579e-05	-1.719153253591504090e-03
-7.799999999999999859e-05	-1.823834517611720935e-03
-7.700000000000000139e-05	-1.929778557849503836e-03
-7.599999999999999063e-05	-2.036914681828401377e-03
-7.499999999999999343e-05	-2.145172197071958456e-03
-7.399999999999999623e-05	-2.254480411103725827e-03
-7.299999999999999903e-05	-2.364768631447249254e-03
-7.200000000000000182e-05	-2.475966165626078408e-03
-7.099999999999999107e-05	-2.588002321163761221e-03
-6.999999999999999387e-05	-2.700806405583844327e-03
-6.899999999999999667e-05	-2.814307726409874793e-03
-6.799999999999999946e-05	-2.928435591165401853e-03
-6.700000000000000226e-05	-3.043119307373972574e-03
-6.599999999999999151e-05	-3.158288182559138794e-03
-6.499999999999999431e-05	-3.273871524244441941e-03
-6.399999999999999710e-05	-3.389798639953431683e-03
-6.299999999999999990e-05	-3.505998837209657257e-03
-6.200000000000000270e-05	-3.622401423536667463e-03
-6.099999999999999872e-05	-3.738935706458009368e-03
-5.999999999999999474e-05	-3.855530993497229171e-03
-5.899999999999999754e-05	-3.972116592177874807e-03
-5.800000000000000034e-05	-4.088621810023495944e-03
-5.699999999999999636e-05	-4.204975954557640082e-03
-5.599999999999999916e-05	-4.321108333303852987e-03
-5.499999999999999518e-05	-4.436948253785686497e-03
-5.399999999999999798e-05	-4.552425023526685509e-03
-5.300000000000000078e-05	-4.667467950050395789e-03
-5.199999999999999680e-05	-4.782006340880370042e-03
-5.099999999999999960e-05	-4.895969503540153166e-03
-4.999999999999999562e-05	-5.009286745553293528e-03
-4.899999999999999842e-05	-5.121887374443339497e-03
-4.800000000000000122e-05	-5.233700697733836837e-03
-4.699999999999999724e-05	-5.344656022948334785e-03
-4.600000000000000004e-05	-5.454682657610384310e-03
-4.499999999999999606e-05	-5.563709909243529442e-03
-4.399999999999999886e-05	-5.671667085371315947e-03
-4.299999999999999488e-05	-5.778483493517298265e-03
-4.199999999999999768e-05	-5.884088441205018692e-03
-4.100000000000000047e-05	-5.988411235958027330e-03
-3.999999999999999650e-05	-6.091381185299870812e-03
-3.899999999999999929e-05	-6.192927596754097506e-03
-3.799999999999999532e-05	-6.292979777844256647e-03
-3.699999999999999811e-05	-6.391467036093894868e-03
-3.600000000000000091e-05	-6.488318679026560537e-03
-3.499999999999999693e-05	-6.583464014165800286e-03
-3.399999999999999973e-05	-6.676832349035160749e-03
-3.299999999999999575e-05	-6.768352991158194630e-03
-3.199999999999999855e-05	-6.857955248058445960e-03
-3.100000000000000135e-05	-6.945568427259463107e-03
-2.999999999999999737e-05	-7.031121836284794438e-03
-2.900000000000000017e-05	-7.114544782657985719e-03
-2.799999999999999958e-05	-7.195766573902589655e-03
-2.699999999999999899e-05	-7.274716517542149409e-03
-2.599999999999999840e-05	-7.351323921100216818e-03
-2.499999999999999781e-05	-7.425518092100334179e-03
-2.400000000000000061e-05	-7.497228338066052461e-03
-2.300000000000000002e-05	-7.566383966520918297e-03
-2.199999999999999943e-05	-7.632914284988485260e-03
-2.099999999999999884e-05	-7.696756421552767430e-03
-1.999999999999999825e-05	-7.757878786539686849e-03
-1.899999999999999766e-05	-7.816257610835635611e-03
-1.800000000000000046e-05	-7.871869125327004071e-03
-1.699999999999999987e-05	-7.924689560900187793e-03
-1.599999999999999928e-05	-7.974695148441573664e-03
-1.499999999999999869e-05	-8.021862118837558980e-03
-1.399999999999999979e-05	-8.066166702974530631e-03
-1.299999999999999920e-05	-8.107585131738884177e-03
-1.200000000000000030e-05	-8.146093636017009976e-03
-1.099999999999999971e-05	-8.181668446695303590e-03
-9.999999999999999124e-06	-8.214285794660151907e-03
-9.000000000000000228e-06	-8.243921910797952224e-03
-7.999999999999999638e-06	-8.270553025995091428e-03
-6.999999999999999895e-06	-8.294155371137970287e-03
-6.000000000000000152e-06	-8.314705177112968748e-03
-4.999999999999999562e-06	-8.332178674806485844e-03
-3.999999999999999819e-06	-8.346552095104915400e-03
-3.000000000000000076e-06	-8.357801668894644306e-03
-1.999999999999999909e-06	-8.365903627062066389e-03
-9.999999999999999547e-07	-8.370834200493577210e-03
0.000000000000000000e+00	-8.372569620075565391e-03
9.999999999999999547e-07	-8.371086116694424761e-03
1.999999999999999909e-06	-8.366359921236543942e-03
3.000000000000000076e-06	-8.358367264588320231e-03
3.999999999999999819e-06	-8.347084377636143984e-03
4.999999999999999562e-06	-8.332487491266403826e-03
6.000000000000000152e-06	-8.314552836365495317e-03
6.999999999999999895e-06	-8.293256643819810550e-03
7.999999999999999638e-06	-8.268575144515739883e-03
9.000000000000000228e-06	-8.240484569339675408e-03
9.999999999999999124e-06	-8.208961149178010952e-03
1.099999999999999971e-05	-8.173992446682076460e-03
1.200000000000000030e-05	-8.135611351562955021e-03
1.299999999999999920e-05	-8.093862085296679720e-03
1.399999999999999979e-05	-8.048788869359262826e-03
1.499999999999999869e-05	-8.000435925226744363e-03
1.599999999999999928e-05	-7.948847474375136599e-03
1.699999999999999987e-05	-7.894067738280472618e-03
1.800000000000000046e-05	-7.836140938418769894e-03
1.899999999999999766e-05	-7.775111296266057175e-03
1.999999999999999825e-05	-7.711023033298362341e-03
2.099999999999999884e-05	-7.643920370991704599e-03
2.199999999999999943e-05	-7.573847530822112699e-03
2.300000000000000002e-05	-7.500848734265610183e-03
2.400000000000000061e-05	-7.424968202798221464e-03
2.499999999999999781e-05	-7.346250157895970953e-03
2.599999999999999840e-05	-7.264738821034886530e-03
2.699999999999999899e-05	-7.180478413690989138e-03
2.799999999999999958e-05	-7.093513157340303188e-03
2.900000000000000017e-05	-7.003887273458858295e-03
2.999999999999999737e-05	-6.911644983522676269e-03
3.100000000000000135e-05	-6.816830509007780654e-03
3.199999999999999855e-05	-6.719488071390199331e-03
3.299999999999999575e-05	-6.619661892145957578e-03
3.399999999999999973e-05	-6.517396192751075470e-03
3.499999999999999693e-05	-6.412735194681581756e-03
3.600000000000000091e-05	-6.305723119413503448e-03
3.699999999999999811e-05	-6.196404188422858020e-03
3.799999999999999532e-05	-6.084822623185676821e-03
3.899999999999999929e-05	-5.971022645177980794e-03
3.999999999999999650e-05	-5.855048475875797818e-03
4.100000000000000047e-05	-5.736944336755149705e-03
4.199999999999999768e-05	-5.616758099945187016e-03
4.299999999999999488e-05	-5.494552240187533694e-03
4.399999999999999886e-05	-5.370392882876947639e-03
4.499999999999999606e-05	-5.244346153408174609e-03
4.600000000000000004e-05	-5.116478177175965564e-03
4.699999999999999724e-05	-4.986855079575077537e-03
4.800000000000000122e-05	-4.855542986000257154e-03
4.899999999999999842e-05	-4.722608021846257109e-03
4.999999999999999562e-05	-4.588116312507826630e-03
5.099999999999999960e-05	-4.452133983379719280e-03
5.199999999999999680e-05	-4.314727159856686020e-03
5.300000000000000078e-05	-4.175961967333476077e-03
5.399999999999999798e-05	-4.035904531204843881e-03
5.499999999999999518e-05	-3.894620976865539094e-03
5.599999999999999916e-05	-3.752177429710310506e-03
5.699999999999999636e-05	-3.608640015133912984e-03
5.800000000000000034e-05	-3.464074858531095754e-03
5.899999999999999754e-05	-3.318548085296611078e-03
5.999999999999999474e-05	-3.172125820825209917e-03
6.099999999999999872e-05	-3.024874190511642365e-03
6.200000000000000270e-05	-2.876859319750659817e-03
6.299999999999999990e-05	-2.728147333937015837e-03
6.399999999999999710e-05	-2.578804358465460085e-03
6.499999999999999431e-05	-2.428896518730743522e-03
6.599999999999999151e-05	-2.278489940127617110e-03
6.700000000000000226e-05	-2.127650748050831375e-03
6.799999999999999946e-05	-1.976445067895140750e-03
6.899999999999999667e-05	-1.824939025055292725e-03
6.999999999999999387e-05	-1.673198744926040864e-03
7.099999999999999107e-05	-1.521290352902136562e-03
7.200000000000000182e-05	-1.369279974378327745e-03
7.299999999999999903e-05	-1.217233734749370144e-03
7.399999999999999623e-05	-1.065217759410012118e-03
7.499999999999999343e-05	-9.132981737550050633e-04
7.599999999999999063e-05	-7.615411031791021086e-04
7.700000000000000139e-05	-6.100126730770509629e-04
7.799999999999999859e-05	-4.587790088436063279e-04
7.899999999999999579e-05	-3.079062358735182433e-04
7.999999999999999299e-05	-1.574604795615380500e-04
8.099999999999999019e-05	-7.507865302416383887e-06
8.200000000000000095e-05	1.418854815090973115e-04
8.299999999999999815e-05	2.906534354782476840e-04
8.399999999999999535e-05	4.387298712102857237e-04
8.499999999999999255e-05	5.860486633104601984e-04
8.599999999999998976e-05	7.325436863840186288e-04
8.700000000000000051e-05	8.781488150362140111e-04
8.799999999999999771e-05	1.022797923872290288e-03
8.899999999999999491e-05	1.166424887497497474e-03
8.999999999999999212e-05	1.308963580517085367e-03
9.099999999999998932e-05	1.450347877536301271e-03
9.200000000000000007e-05	1.590511653160397911e-03
9.299999999999999727e-05	1.729388781994619338e-03
9.399999999999999448e-05	1.866913138644215025e-03
9.499999999999999168e-05	2.003018597714435745e-03
9.600000000000000243e-05	2.137639033810530970e-03
9.699999999999999963e-05	2.270708321537746703e-03
9.799999999999999684e-05	2.402160335501332417e-03
9.899999999999999404e-05	2.531928950306536717e-03
9.999999999999999124e-05	2.659948040558611244e-03
1.010000000000000020e-04	2.786151480862802867e-03
1.019999999999999992e-04	2.910473145824358024e-03
1.029999999999999964e-04	3.032846910048527488e-03
1.039999999999999936e-04	3.153221776545764212e-03
1.049999999999999908e-04	3.271607261947335945e-03
1.060000000000000016e-04	3.388028011289711747e-03
1.069999999999999988e-04	3.502508669609361112e-03
1.079999999999999960e-04	3.615073881942753534e-03
1.089999999999999932e-04	3.725748293326361545e-03
1.099999999999999904e-04	3.834556548796655071e-03
1.110000000000000011e-04	3.941523293390102739e-03
1.119999999999999983e-04	4.046673172143177948e-03
1.129999999999999955e-04	4.150030830092348022e-03
1.139999999999999927e-04	4.251620912274083758e-03
1.149999999999999899e-04	4.351468063724858552e-03
1.160000000000000007e-04	4.449596929481140599e-03
1.169999999999999979e-04	4.546032154579398958e-03
1.179999999999999951e-04	4.640798384056102691e-03
1.189999999999999923e-04	4.733920262947726929e-03
1.199999999999999895e-04	4.825422436290738130e-03
1.210000000000000002e-04	4.915329549121609694e-03
1.219999999999999974e-04	5.003666246476808077e-03
1.229999999999999811e-04	5.090457173392805811e-03
1.240000000000000054e-04	5.175726974906076291e-03
1.250000000000000026e-04	5.259500296053083376e-03
1.259999999999999998e-04	5.341801781870300463e-03
1.269999999999999970e-04	5.422656077394200080e-03
1.279999999999999942e-04	5.502087827661248688e-03
1.289999999999999914e-04	5.580121677707917949e-03
1.299999999999999886e-04	5.656782272570678657e-03
1.309999999999999858e-04	5.732094257286002477e-03
1.319999999999999830e-04	5.806082276890358468e-03
1.330000000000000073e-04	5.878770976420218293e-03
1.340000000000000045e-04	5.950185000912047543e-03
1.350000000000000017e-04	6.020348995402322219e-03
1.359999999999999989e-04	6.089287604927508778e-03
1.369999999999999961e-04	6.157025474524078883e-03
1.379999999999999933e-04	6.223587249228502462e-03
1.389999999999999905e-04	6.288997574077251178e-03
1.399999999999999877e-04	6.353281094106794959e-03
1.409999999999999849e-04	6.416462454353601998e-03
1.419999999999999821e-04	6.478566299854146560e-03
1.430000000000000064e-04	6.539617275644895103e-03
1.440000000000000036e-04	6.599640026762321025e-03
1.450000000000000009e-04	6.658659198242891653e-03
1.459999999999999981e-04	6.716699435123078647e-03
1.469999999999999953e-04	6.773785382439351070e-03
1.479999999999999925e-04	6.829941685228183186e-03
1.489999999999999897e-04	6.885192988526040586e-03
1.499999999999999869e-04	6.939563937369396668e-03
1.509999999999999841e-04	6.993079176794721359e-03
1.519999999999999813e-04	7.045763351838484588e-03
1.530000000000000056e-04	7.097641107537158017e-03
1.540000000000000028e-04	7.148737088927206371e-03
1.550000000000000000e-04	7.199075941045104780e-03
1.559999999999999972e-04	7.248682308927324042e-03
1.569999999999999944e-04	7.297580837610333215e-03
1.579999999999999916e-04	7.345796172130602229e-03
1.589999999999999888e-04	7.393352957524601879e-03
1.599999999999999860e-04	7.440275838828802960e-03
1.609999999999999832e-04	7.486589461079674532e-03
1.619999999999999804e-04	7.532318469313688258e-03
1.630000000000000047e-04	7.577487508567314935e-03
1.640000000000000019e-04	7.622121223877021019e-03
1.649999999999999991e-04	7.666244260279281644e-03
1.659999999999999963e-04	7.709881262810564136e-03
1.669999999999999935e-04	7.753050828547494548e-03
1.679999999999999907e-04	7.795747362727331251e-03
1.689999999999999879e-04	7.837959222627482667e-03
1.699999999999999851e-04	7.879674765525358088e-03
1.709999999999999823e-04	7.920882348698369407e-03
1.719999999999999795e-04	7.961570329423926784e-03
1.730000000000000038e-04	8.001727064979445581e-03
1.740000000000000010e-04	8.041340912642329017e-03
1.749999999999999982e-04	8.080400229689988986e-03
1.759999999999999954e-04	8.118893373399840852e-03
1.769999999999999926e-04	8.156808701049293037e-03
1.779999999999999898e-04	8.194134569915753966e-03
1.789999999999999870e-04	8.230859337276637266e-03
1.799999999999999842e-04	8.266971360409354833e-03
1.809999999999999814e-04	8.302458996591309884e-03
1.819999999999999786e-04	8.337310603099924722e-03
1.830000000000000029e-04	8.371514537212599097e-03
1.840000000000000001e-04	8.405059156206751841e-03
1.849999999999999973e-04	8.437932817359789645e-03
1.859999999999999945e-04	8.470123877949120930e-03
1.869999999999999917e-04	8.501620695252161061e-03
1.879999999999999890e-04	8.532411626546318462e-03
1.889999999999999862e-04	8.562485029109005025e-03
1.899999999999999834e-04	8.591829260217627440e-03
1.909999999999999806e-04	8.620432677149604539e-03
1.920000000000000049e-04	8.648283637182341277e-03
1.930000000000000021e-04	8.675370497593249547e-03
1.939999999999999993e-04	8.701681615659736038e-03
1.949999999999999965e-04	8.727205348659219583e-03
1.959999999999999937e-04	8.751930053869101667e-03
1.969999999999999909e-04	8.775844088566801121e-03
1.979999999999999881e-04	8.798935810029722901e-03
1.989999999999999853e-04	8.821193575535280634e-03
1.999999999999999825e-04	8.842605742360887949e-03
2.009999999999999797e-04	8.863160667783949800e-03
2.020000000000000040e-04	8.882846709081878081e-03
2.030000000000000012e-04	8.901652223532084685e-03
2.039999999999999984e-04	8.919565568411979770e-03
2.049999999999999956e-04	8.936575100998975230e-03
2.059999999999999928e-04	8.952669178570481223e-03
2.069999999999999900e-04	8.967836158403904440e-03
2.079999999999999872e-04	8.982064397776665446e-03
2.089999999999999844e-04	8.995342253966163992e-03
2.099999999999999816e-04	9.007658084249820646e-03
2.109999999999999788e-04	9.019000245905036892e-03
2.120000000000000031e-04	9.029357096209228092e-03
2.130000000000000003e-04	9.038716992439804407e-03
2.139999999999999975e-04	9.047068291874179463e-03
2.149999999999999947e-04	9.054399351789758216e-03
2.159999999999999919e-04	9.060698529463954293e-03
2.169999999999999891e-04	9.065954182174177853e-03
2.179999999999999863e-04	9.070154667197842524e-03
2.189999999999999835e-04	9.073288341812351526e-03
2.199999999999999807e-04	9.075343563295123692e-03
2.209999999999999779e-04	9.076308688923567444e-03
2.220000000000000022e-04	9.076172075975089473e-03
2.229999999999999994e-04	9.074922081727106876e-03
2.239999999999999966e-04	9.072547063457028077e-03
2.249999999999999938e-04	9.069035378442259765e-03
2.259999999999999910e-04	9.064375383960215568e-03
2.269999999999999882e-04	9.058555437288307380e-03
2.279999999999999854e-04	9.051563895703945359e-03
2.289999999999999826e-04	9.043393500999270113e-03
2.299999999999999799e-04	9.034054533025340575e-03
2.309999999999999771e-04	9.023561656147947863e-03
2.320000000000000014e-04	9.011929534732884828e-03
2.329999999999999986e-04	8.999172833145944322e-03
2.339999999999999958e-04	8.985306215752907055e-03
2.349999999999999930e-04	8.970344346919572817e-03
2.359999999999999902e-04	8.954301891011730991e-03
2.369999999999999874e-04	8.937193512395174427e-03
2.379999999999999846e-04	8.919033875435689041e-03
2.389999999999999818e-04	8.899837644499067682e-03
2.399999999999999790e-04	8.879619483951099734e-03
2.409999999999999762e-04	8.858394058157581519e-03
2.420000000000000005e-04	8.836176031484297214e-03
2.429999999999999977e-04	8.812980068297039671e-03
2.439999999999999949e-04	8.788820832961598273e-03
2.449999999999999921e-04	8.763712989843769341e-03
2.459999999999999622e-04	8.737671203309338788e-03
2.469999999999999865e-04	8.710710137724097732e-03
2.480000000000000108e-04	8.682844457453837289e-03
2.489999999999999809e-04	8.654088826864350312e-03
2.500000000000000052e-04	8.624457910321420978e-03
2.509999999999999753e-04	8.593966372190852548e-03
2.519999999999999996e-04	8.562628876838423997e-03
2.529999999999999697e-04	8.530460088629931645e-03
2.539999999999999940e-04	8.497474671931164875e-03
2.549999999999999641e-04	8.463687291107914804e-03
2.559999999999999884e-04	8.429112610525969079e-03
2.570000000000000127e-04	8.393765294551124023e-03
2.579999999999999828e-04	8.357660007549167283e-03
2.590000000000000071e-04	8.320811413885889976e-03
2.599999999999999772e-04	8.283234177927084954e-03
2.610000000000000015e-04	8.244942964038539865e-03
2.619999999999999716e-04	8.205952436586047560e-03
2.629999999999999959e-04	8.166277259935395688e-03
2.639999999999999660e-04	8.125932098452380570e-03
2.649999999999999903e-04	8.084931616502784649e-03
2.660000000000000146e-04	8.043290478452405981e-03
2.669999999999999847e-04	8.001023348667033949e-03
2.680000000000000090e-04	7.958144891512457936e-03
2.689999999999999791e-04	7.914669771354472527e-03
2.700000000000000035e-04	7.870612652558861902e-03
2.709999999999999735e-04	7.825988199491422381e-03
2.719999999999999979e-04	7.780811076517938144e-03
2.729999999999999680e-04	7.735095948004211582e-03
2.739999999999999923e-04	7.688857478316019067e-03
2.749999999999999624e-04	7.642110331819162994e-03
2.759999999999999867e-04	7.594869172879429274e-03
2.770000000000000110e-04	7.547148665862607290e-03
2.779999999999999811e-04	7.498963475134490762e-03
2.790000000000000054e-04	7.450328265060868205e-03
2.799999999999999755e-04	7.401257700007534204e-03
2.809999999999999998e-04	7.351766444340275541e-03
2.819999999999999699e-04	7.301869162424885068e-03
2.829999999999999942e-04	7.251580518627149564e-03
2.839999999999999643e-04	7.200915177312868821e-03
2.849999999999999886e-04	7.149887802847823548e-03
2.860000000000000129e-04	7.098513059597808331e-03
2.869999999999999830e-04	7.046805611928616021e-03
2.880000000000000073e-04	6.994780124206036002e-03
2.889999999999999774e-04	6.942451260795861126e-03
2.900000000000000017e-04	6.889833686063877305e-03
2.909999999999999718e-04	6.836942064375882595e-03
2.919999999999999961e-04	6.783791060097656839e-03
2.929999999999999662e-04	6.730395337594999826e-03
2.939999999999999905e-04	6.676769561233697470e-03
2.949999999999999606e-04	6.622928395379547827e-03
2.959999999999999849e-04	6.568886504398332472e-03
2.970000000000000092e-04	6.514658552655845994e-03
2.979999999999999793e-04	6.460259204517882110e-03
2.990000000000000036e-04	6.405703124350225000e-03
2.999999999999999737e-04	6.351004976518674454e-03
3.009999999999999980e-04	6.296179425389012915e-03
3.019999999999999681e-04	6.241241135327037573e-03
3.029999999999999924e-04	6.186204770698532605e-03
3.039999999999999625e-04	6.131084995869294334e-03
3.049999999999999868e-04	6.075896475205109538e-03
3.060000000000000111e-04	6.020653873071770204e-03
3.069999999999999812e-04	5.965371853835071785e-03
3.080000000000000055e-04	5.910065081860797591e-03
3.089999999999999756e-04	5.854748221514744812e-03
3.099999999999999999e-04	5.799435937162696758e-03
3.109999999999999700e-04	5.744142893170454955e-03
3.119999999999999944e-04	5.688883753903798378e-03
3.129999999999999644e-04	5.633673183728527684e-03
3.139999999999999888e-04	5.578525847010425316e-03
3.149999999999999589e-04	5.523456408115292801e-03
3.159999999999999832e-04	5.468479531408908245e-03
3.170000000000000075e-04	5.413609881257067970e-03
3.179999999999999776e-04	5.358862122025566561e-03
3.190000000000000019e-04	5.304250918080190801e-03
3.199999999999999720e-04	5.249790933786731804e-03
3.209999999999999963e-04	5.195496833510978955e-03
3.219999999999999664e-04	5.141383281618726840e-03
3.229999999999999907e-04	5.087464942475763106e-03
3.239999999999999608e-04	5.033756480447880606e-03
3.249999999999999851e-04	4.980272559900866987e-03
3.260000000000000094e-04	4.927027845200515101e-03
3.269999999999999795e-04	4.874037000712620402e-03
3.280000000000000038e-04	4.821314690802963598e-03
3.289999999999999739e-04	4.768875579837343615e-03
3.299999999999999982e-04	4.716734332181547230e-03
3.309999999999999683e-04	4.664905612201369033e-03
3.319999999999999926e-04	4.613404084262593199e-03
3.329999999999999627e-04	4.562244412731018654e-03
3.339999999999999870e-04	4.511441261972428708e-03
3.350000000000000113e-04	4.461009296352617080e-03
3.359999999999999814e-04	4.410963180237380092e-03
3.370000000000000057e-04	4.361317577992497585e-03
3.379999999999999758e-04	4.312087153983770217e-03
3.390000000000000001e-04	4.263286572576983034e-03
3.399999999999999702e-04	4.214930498137929755e-03
3.409999999999999945e-04	4.167033595032397161e-03
3.419999999999999646e-04	4.119610527626182440e-03
3.429999999999999889e-04	4.072675960285068904e-03
3.439999999999999590e-04	4.026244557374854607e-03
3.449999999999999833e-04	3.980330983261322862e-03
3.460000000000000076e-04	3.934949902310269990e-03
3.469999999999999777e-04	3.890115978887486673e-03
3.480000000000000020e-04	3.845843877358760994e-03
3.489999999999999721e-04	3.802148262089886238e-03
3.499999999999999964e-04	3.759043797446650487e-03
3.509999999999999665e-04	3.716545147794847459e-03
3.519999999999999908e-04	3.674666977500265237e-03
3.529999999999999609e-04	3.633423950928696237e-03
3.539999999999999853e-04	3.592827368361557229e-03
3.550000000000000096e-04	3.552875073742777987e-03
3.559999999999999797e-04	3.513561546931915670e-03
3.570000000000000040e-04	3.474881267788523104e-03
3.579999999999999741e-04	3.436828716172160483e-03
3.589999999999999984e-04	3.399398371942378896e-03
3.599999999999999685e-04	3.362584714958739406e-03
3.609999999999999928e-04	3.326382225080793537e-03
3.619999999999999629e-04	3.290785382168101483e-03
3.629999999999999872e-04	3.255788666080216068e-03
3.639999999999999573e-04	3.221386556676695320e-03
3.649999999999999816e-04	3.187573533817092061e-03
3.660000000000000059e-04	3.154344077360965188e-03
3.669999999999999760e-04	3.121692667167872293e-03
3.680000000000000003e-04	3.089613783097364900e-03
3.689999999999999704e-04	3.058101905009004071e-03
3.699999999999999947e-04	3.027151512762340461e-03
3.709999999999999648e-04	2.996757086216933832e-03
3.719999999999999891e-04	2.966913105232339178e-03
3.729999999999999592e-04	2.937614049668112789e-03
3.739999999999999835e-04	2.908854399383809224e-03
3.750000000000000078e-04	2.880628634238986512e-03
3.759999999999999779e-04	2.852931234093199642e-03
3.770000000000000022e-04	2.825756678806004910e-03
3.779999999999999723e-04	2.799099448236958606e-03
3.789999999999999966e-04	2.772954022245615290e-03
3.799999999999999667e-04	2.747314880691534289e-03
3.809999999999999910e-04	2.722176503434267560e-03
3.819999999999999611e-04	2.697533370333373565e-03
3.829999999999999854e-04	2.673379961248406860e-03
3.840000000000000097e-04	2.649710756038925041e-03
3.849999999999999798e-04	2.626520234564484399e-03
3.860000000000000041e-04	2.603802876684639060e-03
3.869999999999999742e-04	2.581553162258946616e-03
3.879999999999999985e-04	2.559765571146961627e-03
3.889999999999999686e-04	2.538434583208241252e-03
3.899999999999999929e-04	2.517554678302340917e-03
3.909999999999999630e-04	2.497120336288817782e-03
3.919999999999999873e-04	2.477126037027226405e-03
3.929999999999999574e-04	2.457566260377124379e-03
3.939999999999999817e-04	2.438435486198065397e-03
3.950000000000000061e-04	2.419728194349607484e-03
3.959999999999999762e-04	2.401438864691306501e-03
3.970000000000000005e-04	2.383561977082717439e-03
3.979999999999999706e-04	2.366092011383397024e-03
3.989999999999999949e-04	2.349023447452901116e-03
3.999999999999999650e-04	2.332350765150786875e-03
4.009999999999999893e-04	2.316068444336607558e-03
4.019999999999999594e-04	2.300170964869922060e-03
4.029999999999999837e-04	2.284652806610284938e-03
4.040000000000000080e-04	2.269508449417251186e-03
4.049999999999999781e-04	2.254732373150379696e-03
4.060000000000000024e-04	2.240319057669224595e-03
4.069999999999999725e-04	2.226262982833342608e-03
4.079999999999999968e-04	2.212558628502287426e-03
4.089999999999999669e-04	2.199200474535619246e-03
4.099999999999999912e-04	2.186183000792890890e-03
4.109999999999999613e-04	2.173500687133660386e-03
4.119999999999999856e-04	2.161148013417480990e-03
4.129999999999999557e-04	2.149119459503912033e-03
4.139999999999999800e-04	2.137409505252507204e-03
4.150000000000000043e-04	2.126012630522823230e-03
4.159999999999999744e-04	2.114923315174416837e-03
4.169999999999999987e-04	2.104136039066842583e-03
4.179999999999999688e-04	2.093645282059658063e-03
4.189999999999999931e-04	2.083445524012417834e-03
4.199999999999999632e-04	2.073531244784679057e-03
4.209999999999999875e-04	2.063896924235996723e-03
4.219999999999999576e-04	2.054537042225928426e-03
4.229999999999999819e-04	2.045446078614028291e-03
4.240000000000000062e-04	2.036618513259854778e-03
4.249999999999999763e-04	2.028048826022961146e-03
4.260000000000000006e-04	2.019731496762904119e-03
4.269999999999999707e-04	2.011661005339241727e-03
4.279999999999999950e-04	2.003831831611528093e-03
4.289999999999999651e-04	1.996238455439319510e-03
4.299999999999999894e-04	1.988875356682172271e-03
4.309999999999999595e-04	1.981737015199642668e-03
4.319999999999999838e-04	1.974817910851285694e-03
4.329999999999999539e-04	1.968112523496658942e-03
4.339999999999999782e-04	1.961615332995316537e-03
4.350000000000000026e-04	1.955320819206815639e-03
4.359999999999999726e-04	1.949223461990712324e-03
4.369999999999999970e-04	1.943317741206562234e-03
4.379999999999999671e-04	1.937598136713922095e-03
4.389999999999999914e-04	1.932059128372347117e-03
4.399999999999999615e-04	1.926695196041393592e-03
4.409999999999999858e-04	1.921500819580617813e-03
4.419999999999999559e-04	1.916470478849575422e-03
4.429999999999999802e-04	1.911598653707822495e-03
4.440000000000000045e-04	1.906879824014915108e-03
4.449999999999999746e-04	1.902308469630409555e-03
4.459999999999999989e-04	1.897879070413861693e-03
4.469999999999999690e-04	1.893586106224827382e-03
4.479999999999999933e-04	1.889424056922862482e-03
4.489999999999999634e-04	1.885387402367523935e-03
4.499999999999999877e-04	1.881470622418366517e-03
4.509999999999999578e-04	1.877668196934947171e-03
4.519999999999999821e-04	1.873974605776821106e-03
4.530000000000000064e-04	1.870384328803544830e-03
4.539999999999999765e-04	1.866891845874674855e-03
4.550000000000000008e-04	1.863491636849765954e-03
4.559999999999999709e-04	1.860178181588375721e-03
4.569999999999999952e-04	1.856945959950059150e-03
4.579999999999999653e-04	1.853789451794372531e-03
4.589999999999999896e-04	1.850703136980870857e-03
4.599999999999999597e-04	1.847681495369112590e-03
4.609999999999999840e-04	1.844719006818651636e-03
4.619999999999999541e-04	1.841810151189044505e-03
4.629999999999999784e-04	1.838949408339847708e-03
4.640000000000000027e-04	1.836131258130616452e-03
4.649999999999999728e-04	1.833350180420907681e-03
4.659999999999999971e-04	1.830600655070277255e-03
4.669999999999999672e-04	1.827877161938280381e-03
4.679999999999999915e-04	1.825174180884473786e-03
4.689999999999999616e-04	1.822486191768413546e-03
4.699999999999999859e-04	1.819807674449655088e-03
4.709999999999999560e-04	1.817133108787755136e-03
4.719999999999999803e-04	1.814456974642269767e-03
4.730000000000000046e-04	1.811773751872753323e-03
4.739999999999999747e-04	1.809077920338764481e-03
4.749999999999999990e-04	1.806363959899857366e-03
4.759999999999999691e-04	1.803626350415588921e-03
4.769999999999999934e-04	1.800859571745513921e-03
4.779999999999999635e-04	1.798058103749190393e-03
4.789999999999999879e-04	1.795217408586181158e-03
4.799999999999999580e-04	1.792336877616089886e-03
4.809999999999999823e-04	1.789416884498525690e-03
4.819999999999999524e-04	1.786457802893099854e-03
4.829999999999999767e-04	1.783460006459422790e-03
4.840000000000000010e-04	1.780423868857104698e-03
4.849999999999999711e-04	1.777349763745756425e-03
4.859999999999999954e-04	1.774238064784988385e-03
4.869999999999999655e-04	1.771089145634412079e-03
4.879999999999999898e-04	1.767903379953636618e-03
4.889999999999999599e-04	1.764681141402273503e-03
4.899999999999999842e-04	1.761422803639933581e-03
4.910000000000000085e-04	1.758128740326226833e-03
4.919999999999999244e-04	1.754799325120763890e-03
4.929999999999999487e-04	1.751434931683155819e-03
4.939999999999999730e-04	1.748035933673012165e-03
4.949999999999999973e-04	1.744602704749944212e-03
4.960000000000000216e-04	1.741135618573562806e-03
4.969999999999999375e-04	1.737635048803478797e-03
4.979999999999999618e-04	1.734101369099301298e-03
4.989999999999999861e-04	1.730534953120641374e-03
5.000000000000000104e-04	1.726936174527111392e-03
5.009999999999999263e-04	1.723305406978319814e-03
5.019999999999999506e-04	1.719643024133877922e-03
5.029999999999999749e-04	1.715949399653396564e-03
5.039999999999999992e-04	1.712224907196485506e-03
5.050000000000000235e-04	1.708469920422756244e-03
5.059999999999999394e-04	1.704684812991819629e-03
5.069999999999999637e-04	1.700869958563285206e-03
5.079999999999999880e-04	1.697025730796763825e-03
5.090000000000000123e-04	1.693152503351865682e-03
5.099999999999999282e-04	1.689250649888202711e-03
5.109999999999999525e-04	1.685320544065384675e-03
5.119999999999999768e-04	1.681362559543021990e-03
5.130000000000000011e-04	1.677377069980725503e-03
5.140000000000000254e-04	1.673364449038104978e-03
5.149999999999999413e-04	1.669325070374772782e-03
5.159999999999999656e-04	1.665259307650337811e-03
5.169999999999999899e-04	1.661167534524411347e-03
5.180000000000000143e-04	1.657050124656603588e-03
5.189999999999999301e-04	1.652907451706526250e-03
5.199999999999999544e-04	1.648739889333788880e-03
5.209999999999999788e-04	1.644547811198001459e-03
5.220000000000000031e-04	1.640331590958775702e-03
5.230000000000000274e-04	1.636091602275722241e-03
5.239999999999999433e-04	1.631828218808451707e-03
5.249999999999999676e-04	1.627541814216573214e-03
5.259999999999999919e-04	1.623232762159698694e-03
5.270000000000000162e-04	1.618901436297438129e-03
5.279999999999999321e-04	1.614548210289403450e-03
5.289999999999999564e-04	1.610173457795203121e-03
5.299999999999999807e-04	1.605777552474449074e-03
5.310000000000000050e-04	1.601360867986751290e-03
5.320000000000000293e-04	1.596923777991720618e-03
5.329999999999999452e-04	1.592466656148968556e-03
5.339999999999999695e-04	1.587989876118104000e-03
5.349999999999999938e-04	1.583493811558738234e-03
5.360000000000000181e-04	1.578978836130482321e-03
5.369999999999999340e-04	1.574445323492946460e-03
5.379999999999999583e-04	1.569893647305741066e-03
5.389999999999999826e-04	1.565324181228476986e-03
5.400000000000000069e-04	1.560737298920763768e-03
5.409999999999999228e-04	1.556133374042214211e-03
5.419999999999999471e-04	1.551512780252437213e-03
5.429999999999999714e-04	1.546875891211043188e-03
5.439999999999999957e-04	1.542223080577643851e-03
5.450000000000000200e-04	1.537554722011848750e-03
5.459999999999999359e-04	1.532871189173269167e-03
5.469999999999999602e-04	1.528172855721515299e-03
5.479999999999999845e-04	1.523460095316198212e-03
5.490000000000000088e-04	1.518733281616927019e-03
5.499999999999999247e-04	1.513992788283314954e-03
5.509999999999999490e-04	1.509238988974970046e-03
5.519999999999999733e-04	1.504472257351504227e-03
5.529999999999999976e-04	1.499692967072527262e-03
5.540000000000000219e-04	1.494901491797650216e-03
5.549999999999999378e-04	1.490098205186484370e-03
5.559999999999999621e-04	1.485283480898638838e-03
5.569999999999999864e-04	1.480457692593725337e-03
5.580000000000000107e-04	1.475621213931354063e-03
5.589999999999999266e-04	1.470774418571135648e-03
5.599999999999999509e-04	1.465917680172680289e-03
5.609999999999999752e-04	1.461051372395599053e-03
5.619999999999999996e-04	1.456175868899502136e-03
5.630000000000000239e-04	1.451291543344000387e-03
5.639999999999999397e-04	1.446398769388704654e-03
5.649999999999999641e-04	1.441497920693225352e-03
5.659999999999999884e-04	1.436589370917172245e-03
5.670000000000000127e-04	1.431673493720157266e-03
5.679999999999999286e-04	1.426750662761789960e-03
5.689999999999999529e-04	1.421821251701681178e-03
5.699999999999999772e-04	1.416885634199441550e-03
5.710000000000000015e-04	1.411944183914681491e-03
5.720000000000000258e-04	1.406997274507012282e-03
5.729999999999999417e-04	1.402045279636044122e-03
5.739999999999999660e-04	1.397088572961387208e-03
5.749999999999999903e-04	1.392127528142652173e-03
5.760000000000000146e-04	1.387162518839449646e-03
5.769999999999999305e-04	1.382193918711390477e-03
5.779999999999999548e-04	1.377222101418085296e-03
5.789999999999999791e-04	1.372247440619144953e-03
5.800000000000000034e-04	1.367270309974178560e-03
5.810000000000000277e-04	1.362291083142798485e-03
5.819999999999999436e-04	1.357310133784614707e-03
5.829999999999999679e-04	1.352327835559237208e-03
5.839999999999999922e-04	1.347344562126276835e-03
5.850000000000000165e-04	1.342360687145344655e-03
5.859999999999999324e-04	1.337376584276051081e-03
5.869999999999999567e-04	1.332392627178006312e-03
5.879999999999999810e-04	1.327409189510821196e-03
5.890000000000000053e-04	1.322426644934106147e-03
5.899999999999999212e-04	1.317445367107472447e-03
5.909999999999999455e-04	1.312465729690529860e-03
5.919999999999999698e-04	1.307488106342888584e-03
5.929999999999999941e-04	1.302512870724160119e-03
5.940000000000000184e-04	1.297540396493955094e-03
5.949999999999999343e-04	1.292571057311883926e-03
5.959999999999999586e-04	1.287605226837556811e-03
5.969999999999999829e-04	1.282643278730584381e-03
5.980000000000000072e-04	1.277685586650577484e-03
5.989999999999999231e-04	1.272732524257146535e-03
5.999999999999999474e-04	1.267784465209902166e-03
6.009999999999999717e-04	1.262841783168454574e-03
6.019999999999999961e-04	1.257904851792415474e-03
6.030000000000000204e-04	1.252974044741394415e-03
6.039999999999999362e-04	1.248049654103269368e-03
6.049999999999999606e-04	1.243131645678983771e-03
6.059999999999999849e-04	1.238219903697748399e-03
6.070000000000000092e-04	1.233314312388774899e-03
6.079999999999999251e-04	1.228414755981274264e-03
6.089999999999999494e-04	1.223521118704457055e-03
6.099999999999999737e-04	1.218633284787533832e-03
6.109999999999999980e-04	1.213751138459715807e-03
6.120000000000000223e-04	1.208874563950213541e-03
6.129999999999999382e-04	1.204003445488239111e-03
6.139999999999999625e-04	1.199137667303001994e-03
6.149999999999999868e-04	1.194277113623713835e-03
6.160000000000000111e-04	1.189421668679585412e-03
6.169999999999999270e-04	1.184571216699827718e-03
6.179999999999999513e-04	1.179725641913651098e-03
6.189999999999999756e-04	1.174884828550266979e-03
6.199999999999999999e-04	1.170048660838886355e-03
6.210000000000000242e-04	1.165217023008719354e-03
6.219999999999999401e-04	1.160389799288978705e-03
6.229999999999999644e-04	1.155566873908873016e-03
6.239999999999999887e-04	1.150748131097613933e-03
6.250000000000000130e-04	1.145933455084412883e-03
6.259999999999999289e-04	1.141122730098480861e-03
6.269999999999999532e-04	1.136315840369028643e-03
6.279999999999999775e-04	1.131512670125266358e-03
6.290000000000000018e-04	1.126713103596405649e-03
6.299999999999999177e-04	1.121917025011657512e-03
6.309999999999999420e-04	1.117124318600232289e-03
6.319999999999999663e-04	1.112334868591340975e-03
6.329999999999999906e-04	1.107548559214194131e-03
6.340000000000000149e-04	1.102765274698003402e-03
6.349999999999999308e-04	1.097984899271980215e-03
6.359999999999999551e-04	1.093207317165334046e-03
6.369999999999999794e-04	1.088432412607276542e-03
6.380000000000000037e-04	1.083660069827018695e-03
6.389999999999999196e-04	1.078890173053771284e-03
6.399999999999999439e-04	1.074122606516745085e-03
6.409999999999999682e-04	1.069357254445150443e-03
6.419999999999999925e-04	1.064594001068199436e-03
6.430000000000000169e-04	1.059832730615101757e-03
6.439999999999999327e-04	1.055073327315069918e-03
6.449999999999999570e-04	1.050315675397313180e-03
6.459999999999999814e-04	1.045559659091042969e-03
6.470000000000000057e-04	1.040805162625470714e-03
6.479999999999999215e-04	1.036052070229806759e-03
6.489999999999999459e-04	1.031300266133262098e-03
6.499999999999999702e-04	1.026549634565047508e-03
6.509999999999999945e-04	1.021800059754373984e-03
6.520000000000000188e-04	1.017051425930452736e-03
6.529999999999999347e-04	1.012303617322494976e-03
6.539999999999999590e-04	1.007556518159710181e-03
6.549999999999999833e-04	1.002810012671310211e-03
6.560000000000000076e-04	9.980639850865060617e-04
6.569999999999999235e-04	9.933183196345091604e-04
6.579999999999999478e-04	9.885729005445287668e-04
6.589999999999999721e-04	9.838276120457765256e-04
6.599999999999999964e-04	9.790823383674638648e-04
6.610000000000000207e-04	9.743369637388013451e-04
6.619999999999999366e-04	9.695913723890000691e-04
6.629999999999999609e-04	9.648454485472703806e-04
6.639999999999999852e-04	9.600990764428237075e-04
6.650000000000000095e-04	9.553521403048702851e-04
6.659999999999999254e-04	9.506045243626225173e-04
6.669999999999999497e-04	9.458561128452894467e-04
6.679999999999999740e-04	9.411067899820827181e-04
6.689999999999999983e-04	9.363564400022134342e-04
6.700000000000000226e-04	9.316049471348923725e-04
6.709999999999999385e-04	9.268521956093310693e-04
6.719999999999999628e-04	9.220980696547390011e-04
6.729999999999999871e-04	9.173424535003278125e-04
6.740000000000000114e-04	9.125852313753083896e-04
6.749999999999999273e-04	9.078262875088925939e-04
6.759999999999999516e-04	9.030655061302894681e-04
6.769999999999999759e-04	8.983027714687110907e-04
6.780000000000000002e-04	8.935379677533680223e-04
6.789999999999999161e-04	8.887709792134719077e-04
6.799999999999999404e-04	8.840016900782322233e-04
6.809999999999999647e-04	8.792299845768608308e-04
6.819999999999999890e-04	8.744557469385681823e-04
6.830000000000000134e-04	8.696788613925654889e-04
6.839999999999999292e-04	8.648992121680639618e-04
6.849999999999999535e-04	8.601166834942738362e-04
6.859999999999999779e-04	8.553311596004065402e-04
6.870000000000000022e-04	8.505425247156722006e-04
6.879999999999999180e-04	8.457506630692832213e-04
6.889999999999999424e-04	8.409554588904488617e-04
6.899999999999999667e-04	8.361567964083804413e-04
6.909999999999999910e-04	8.313545598522892799e-04
6.920000000000000153e-04	8.265486334513861546e-04
6.929999999999999312e-04	8.217389014348822768e-04
6.939999999999999555e-04	8.169252480319876648e-04
6.949999999999999798e-04	8.121075574719139635e-04
6.960000000000000041e-04	8.072857139838716251e-04
6.969999999999999200e-04	8.024596017970722943e-04
6.979999999999999443e-04	7.976291051407256643e-04
6.989999999999999686e-04	7.927941082440434885e-04
6.999999999999999929e-04	7.879544953362366527e-04
7.010000000000000172e-04	7.831101506465156089e-04
7.019999999999999331e-04	7.782609584040921106e-04
7.029999999999999574e-04	7.734068028381758508e-04
7.039999999999999817e-04	7.685475681779784744e-04
7.050000000000000060e-04	7.636831386527105419e-04
7.059999999999999219e-04	7.588133984915841320e-04
7.069999999999999462e-04	7.539382319238083956e-04
7.079999999999999705e-04	7.490575231785948692e-04
7.089999999999999948e-04	7.441711564851547639e-04
7.100000000000000191e-04	7.392790160726986403e-04
7.109999999999999350e-04	7.343809861704383600e-04
7.119999999999999593e-04	7.294769510075832910e-04
7.129999999999999836e-04	7.245667948133450781e-04
7.140000000000000079e-04	7.196504018169346071e-04
7.149999999999999238e-04	7.147276562475634145e-04
7.159999999999999481e-04	7.097984423344410850e-04
7.169999999999999724e-04	7.048626443067792634e-04
7.179999999999999967e-04	6.999201463937888357e-04
7.190000000000000210e-04	6.949708328246805792e-04
7.199999999999999369e-04	6.900145878286661387e-04
7.209999999999999612e-04	6.850512956349550991e-04
7.219999999999999855e-04	6.800808404727587799e-04
7.230000000000000098e-04	6.751031065712885006e-04
7.239999999999999257e-04	6.701179781597552555e-04
7.249999999999999500e-04	6.651253394673693883e-04
7.259999999999999743e-04	6.601250747233418934e-04
7.269999999999999987e-04	6.551170681568839818e-04
7.279999999999999145e-04	6.501012039972068647e-04
7.289999999999999388e-04	6.450773664735203437e-04
7.299999999999999632e-04	6.400454398150359553e-04
7.309999999999999875e-04	6.350053082509646936e-04
7.320000000000000118e-04	6.299568560105172276e-04
7.329999999999999277e-04	6.248999673229049855e-04
7.339999999999999520e-04	6.198345264173383109e-04
7.349999999999999763e-04	6.147604175230277643e-04
7.360000000000000006e-04	6.096775248691849907e-04
7.369999999999999165e-04	6.045857326850214179e-04
7.379999999999999408e-04	5.994849251997461971e-04
7.389999999999999651e-04	5.943749866425711900e-04
7.399999999999999894e-04	5.892558012427076075e-04
7.410000000000000137e-04	5.841272532293656852e-04
7.419999999999999296e-04	5.789892268317573931e-04
7.429999999999999539e-04	5.738416062790924243e-04
7.439999999999999782e-04	5.686842758005817731e-04
7.450000000000000025e-04	5.635171196254371928e-04
7.459999999999999184e-04	5.583400219828695693e-04
7.469999999999999427e-04	5.531528671020885957e-04
7.479999999999999670e-04	5.479555392123059169e-04
7.489999999999999913e-04	5.427479225427324187e-04
7.500000000000000156e-04	5.375299013225790954e-04
7.509999999999999315e-04	5.323013597810574834e-04
7.519999999999999558e-04	5.270621821473768422e-04
7.529999999999999801e-04	5.218122526507492503e-04
7.540000000000000044e-04	5.165514555203850515e-04
7.549999999999999203e-04	5.112796749854963243e-04
7.559999999999999446e-04	5.059967952752923281e-04
7.569999999999999689e-04	5.007027006189848162e-04
7.579999999999999932e-04	4.953972752457845661e-04
7.590000000000000175e-04	4.900804033849023552e-04
7.599999999999999334e-04	4.847519692655499909e-04
7.609999999999999577e-04	4.794118571169368953e-04
7.619999999999999820e-04	4.740599511682746592e-04
7.630000000000000063e-04	4.686961356487742225e-04
7.639999999999999222e-04	4.633202947876470133e-04
7.649999999999999465e-04	4.579323128141027789e-04
7.659999999999999708e-04	4.525320739573530557e-04
7.669999999999999951e-04	4.471194624466086755e-04
7.680000000000000195e-04	4.416943625110805239e-04
7.689999999999999353e-04	4.362566583799801917e-04
7.699999999999999597e-04	4.308062342825172636e-04
7.709999999999999840e-04	4.253429744479032761e-04
7.720000000000000083e-04	4.198667631053491149e-04
7.729999999999999242e-04	4.143774844840664791e-04
7.739999999999999485e-04	4.088750228132647909e-04
7.749999999999999728e-04	4.033592623221555324e-04
7.759999999999999971e-04	3.978300872399499690e-04
7.769999999999999130e-04	3.922873817958590949e-04
7.779999999999999373e-04	3.867310302190930370e-04
7.789999999999999616e-04	3.811609167388630608e-04
7.799999999999999859e-04	3.755769255843801604e-04
7.810000000000000102e-04	3.699789409848551675e-04
7.819999999999999261e-04	3.643668471694996185e-04
7.829999999999999504e-04	3.587405283675232609e-04
7.839999999999999747e-04	3.530998688081373599e-04
7.849999999999999990e-04	3.474447527205531809e-04
7.859999999999999149e-04	3.417750643339819891e-04
7.869999999999999392e-04	3.360906878776334780e-04
7.879999999999999635e-04	3.303915075807192380e-04
7.889999999999999878e-04	3.246774076724501549e-04
7.900000000000000121e-04	3.189482723820370063e-04
7.909999999999999280e-04	3.132039859386914369e-04
7.919999999999999523e-04	3.074444325716230858e-04
7.929999999999999766e-04	3.016694965100435435e-04
7.940000000000000009e-04	2.958790619831635333e-04
7.949999999999999168e-04	2.900730132201946999e-04
7.959999999999999411e-04	2.842512344503465740e-04
7.969999999999999654e-04	2.784136099028308546e-04
7.979999999999999897e-04	2.725600238068583191e-04
7.990000000000000140e-04	2.666903603916398534e-04
7.999999999999999299e-04	2.608045038863871564e-04
8.009999999999999542e-04	2.549023385203096504e-04
8.019999999999999785e-04	2.489837485226189260e-04
8.030000000000000028e-04	2.430486181225259231e-04
8.039999999999999187e-04	2.370968315492422054e-04
8.049999999999999430e-04	2.311282730319773847e-04
8.059999999999999673e-04	2.251428267999428618e-04
8.069999999999999916e-04	2.191403770823496583e-04
8.080000000000000160e-04	2.131208081084087682e-04
8.089999999999999318e-04	2.070840041073315112e-04
8.099999999999999561e-04	2.010298493083276889e-04
8.109999999999999805e-04	1.949582279406086209e-04
8.120000000000000048e-04	1.888690242333854099e-04
8.129999999999999206e-04	1.827621224158696193e-04
8.139999999999999450e-04	1.766374067172707526e-04
8.149999999999999693e-04	1.704947613668003734e-04
8.159999999999999936e-04	1.643340705936692319e-04
8.169999999999999095e-04	1.581552186270891898e-04
8.179999999999999338e-04	1.519580896962696422e-04
8.189999999999999581e-04	1.457425680304222067e-04
8.199999999999999824e-04	1.395085378587576880e-04
8.210000000000000067e-04	1.332558834104870531e-04
8.219999999999999226e-04	1.269844889148218927e-04
8.229999999999999469e-04	1.206942386009717373e-04
8.239999999999999712e-04	1.143850166981481506e-04
8.249999999999999955e-04	1.080567074355620182e-04
8.259999999999999114e-04	1.017091950424249986e-04
8.269999999999999357e-04	9.534236374794650038e-05
8.279999999999999600e-04	8.895609778133819546e-05
8.289999999999999843e-04	8.255028137181096969e-05
8.300000000000000086e-04	7.612479874857566828e-05
8.309999999999999245e-04	6.967953414084400378e-05
8.319999999999999488e-04	6.321437177782534417e-05
8.329999999999999731e-04	5.672919588873135457e-05
8.339999999999999974e-04	5.022389070277296827e-05
8.349999999999999133e-04	4.369834044916170133e-05
8.359999999999999376e-04	3.715242935710710468e-05
8.369999999999999619e-04	3.058604165582074857e-05
8.379999999999999862e-04	2.399906157451356630e-05
8.390000000000000105e-04	1.739137334239641662e-05
8.399999999999999264e-04	1.076286118868094433e-05
8.409999999999999507e-04	4.113409342576605484e-06
8.419999999999999750e-04	-2.557097966704995767e-06
8.429999999999999993e-04	-9.248776509952926135e-06
8.439999999999999152e-04	-1.596174205795560858e-05
8.449999999999999395e-04	-2.269611038150357350e-05
8.459999999999999638e-04	-2.945199725138518285e-05
8.469999999999999881e-04	-3.622951843838955756e-05
8.480000000000000124e-04	-4.302878971330579823e-05
8.489999999999999283e-04	-4.984992684692226005e-05
8.499999999999999526e-04	-5.669304561002952084e-05
8.509999999999999769e-04	-6.355826177341596290e-05
8.520000000000000013e-04	-7.044569110787064618e-05
