-1.589999999999999888e-04	-1.313127083548352352e-03
-1.579999999999999916e-04	-1.152942164025821687e-03
-1.569999999999999944e-04	-9.979134908465797562e-04
-1.559999999999999972e-04	-8.480057216442716660e-04
-1.550000000000000000e-04	-7.031835140525459927e-04
-1.540000000000000028e-04	-5.634115257050489271e-04
-1.530000000000000056e-04	-4.286544142354274190e-04
-1.519999999999999813e-04	-2.988768372773243525e-04
-1.509999999999999841e-04	-1.740434524643937248e-04
-1.499999999999999869e-04	-5.411891743027923992e-05
-1.489999999999999897e-04	6.093211019137304008e-05
-1.479999999999999925e-04	1.711449727669154945e-04
-1.469999999999999953e-04	2.765550126627021560e-04
-1.459999999999999981e-04	3.771975722450855869e-04
-1.450000000000000009e-04	4.731079938804189458e-04
-1.440000000000000036e-04	5.643216199350559875e-04
-1.430000000000000064e-04	6.508737927753498707e-04
-1.419999999999999821e-04	7.327998547676550008e-04
-1.409999999999999849e-04	8.101351482783211754e-04
-1.399999999999999877e-04	8.829150156737039382e-04
-1.389999999999999905e-04	9.511747993201549300e-04
-1.379999999999999933e-04	1.014949841584029478e-03
-1.369999999999999961e-04	1.074275484831679331e-03
-1.359999999999999989e-04	1.129187071429458081e-03
-1.350000000000000017e-04	1.179719943743719104e-03
-1.340000000000000045e-04	1.225909444140815341e-03
-1.330000000000000073e-04	1.267790914987099952e-03
-1.319999999999999830e-04	1.305399698648927395e-03
-1.309999999999999858e-04	1.338771137492649095e-03
-1.299999999999999886e-04	1.367940573884617993e-03
-1.289999999999999914e-04	1.392943350191188983e-03
-1.279999999999999942e-04	1.413814808778713922e-03
-1.269999999999999970e-04	1.430590292013546403e-03
-1.259999999999999998e-04	1.443305142262040234e-03
-1.250000000000000026e-04	1.451994701890548358e-03
-1.240000000000000054e-04	1.456694313265423065e-03
-1.229999999999999811e-04	1.457439318753018598e-03
-1.219999999999999974e-04	1.454265060719687683e-03
-1.210000000000000002e-04	1.447206881531783694e-03
-1.199999999999999895e-04	1.436300123555659357e-03
-1.189999999999999923e-04	1.421580129157668047e-03
-1.179999999999999951e-04	1.403082240704163573e-03
-1.169999999999999979e-04	1.380841800561498876e-03
-1.160000000000000007e-04	1.354894151096026900e-03
-1.149999999999999899e-04	1.325274634674100801e-03
-1.139999999999999927e-04	1.292018593662073739e-03
-1.129999999999999955e-04	1.255161370426299740e-03
-1.119999999999999983e-04	1.214738307333131095e-03
-1.110000000000000011e-04	1.170784746748920312e-03
-1.099999999999999904e-04	1.123336031040021417e-03
-1.089999999999999932e-04	1.072427502572788436e-03
-1.079999999999999960e-04	1.018094503713573660e-03
-1.069999999999999988e-04	9.603723768287305727e-04
-1.060000000000000016e-04	8.992964642846125499e-04
-1.049999999999999908e-04	8.349021084475712322e-04
-1.039999999999999936e-04	7.672246516839619467e-04
-1.029999999999999964e-04	6.962994363601364423e-04
-1.019999999999999992e-04	6.221680838930832187e-04
-1.010000000000000020e-04	5.448973319023184790e-04
-9.999999999999999124e-05	4.645601970579965861e-04
-9.899999999999999404e-05	3.812296960302704934e-04
-9.799999999999999684e-05	2.949788454892926667e-04
-9.699999999999999963e-05	2.058806621052151919e-04
-9.600000000000000243e-05	1.140081625481912802e-04
-9.499999999999999168e-05	1.943436348837213664e-05
-9.399999999999999448e-05	-7.776771840408702187e-05
-9.299999999999999727e-05	-1.775250664590356407e-04
-9.200000000000000007e-05	-2.797646640063202513e-04
-9.099999999999998932e-05	-3.844134943757899331e-04
-8.999999999999999212e-05	-4.913985408972894016e-04
-8.899999999999999491e-05	-6.006467869006672754e-04
-8.799999999999999771e-05	-7.120852157157700046e-04
-8.700000000000000051e-05	-8.256408106724464789e-04
-8.599999999999998976e-05	-9.412405551005450458e-04
-8.499999999999999255e-05	-1.058811432329909499e-03
-8.399999999999999535e-05	-1.178280425690390355e-03
-8.299999999999999815e-05	-1.299574518511832167e-03
-8.200000000000000095e-05	-1.422620694124084690e-03
-8.099999999999999019e-05	-1.547345935856996599e-03
-7.999999999999999299e-05	-1.673677227040410711e-03
-7.899999999999999579e-05	-1.801541551004177651e-03
-7.799999999999999859e-05	-1.930865891078144356e-03
-7.700000000000000139e-05	-2.061577230592157115e-03
-7.599999999999999063e-05	-2.193602552876066768e-03
-7.499999999999999343e-05	-2.326868841259715267e-03
-7.399999999999999623e-05	-2.461303079072952801e-03
-7.299999999999999903e-05	-2.596832249645627394e-03
-7.200000000000000182e-05	-2.733383336307585332e-03
-7.099999999999999107e-05	-2.870883322388677241e-03
-6.999999999999999387e-05	-3.009259191218744637e-03
-6.899999999999999667e-05	-3.148437926127639445e-03
-6.799999999999999946e-05	-3.288346510445204485e-03
-6.700000000000000226e-05	-3.428911927501292548e-03
-6.599999999999999151e-05	-3.570061160625749488e-03
-6.499999999999999431e-05	-3.711721193148420292e-03
-6.399999999999999710e-05	-3.853819008399154283e-03
-6.299999999999999990e-05	-3.996281589707797316e-03
-6.200000000000000270e-05	-4.139035920404198279e-03
-6.099999999999999872e-05	-4.282008983818205196e-03
-5.999999999999999474e-05	-4.425127763279664353e-03
-5.899999999999999754e-05	-4.568319242118422906e-03
-5.800000000000000034e-05	-4.711510403664327142e-03
-5.699999999999999636e-05	-4.854628231247225950e-03
-5.599999999999999916e-05	-4.997599708196968221e-03
-5.499999999999999518e-05	-5.140351817843400242e-03
-5.399999999999999798e-05	-5.282811543516365699e-03
-5.300000000000000078e-05	-5.424905868545715215e-03
-5.199999999999999680e-05	-5.566561776261298548e-03
-5.099999999999999960e-05	-5.707706249992958517e-03
-4.999999999999999562e-05	-5.848266273070546611e-03
-4.899999999999999842e-05	-5.988168828823905651e-03
-4.800000000000000122e-05	-6.127340900582885393e-03
-4.699999999999999724e-05	-6.265709471677335593e-03
-4.600000000000000004e-05	-6.403198812206184823e-03
-4.499999999999999606e-05	-6.539722339344695989e-03
-4.399999999999999886e-05	-6.675190757037218620e-03
-4.299999999999999488e-05	-6.809514769228097904e-03
-4.199999999999999768e-05	-6.942605079861687706e-03
-4.100000000000000047e-05	-7.074372392882331481e-03
-3.999999999999999650e-05	-7.204727412234376155e-03
-3.899999999999999929e-05	-7.333580841862173856e-03
-3.799999999999999532e-05	-7.460843385710068908e-03
-3.699999999999999811e-05	-7.586425747722408235e-03
-3.600000000000000091e-05	-7.710238631843543099e-03
-3.499999999999999693e-05	-7.832192742017820425e-03
-3.399999999999999973e-05	-7.952198782189588006e-03
-3.299999999999999575e-05	-8.070167456303189296e-03
-3.199999999999999855e-05	-8.186009468302979028e-03
-3.100000000000000135e-05	-8.299635522133303259e-03
-2.999999999999999737e-05	-8.410956321738509781e-03
-2.900000000000000017e-05	-8.519882571062939447e-03
-2.799999999999999958e-05	-8.626324974050946989e-03
-2.699999999999999899e-05	-8.730194234646883669e-03
-2.599999999999999840e-05	-8.831401056795090340e-03
-2.499999999999999781e-05	-8.929856144439921734e-03
-2.400000000000000061e-05	-9.025470201525716968e-03
-2.300000000000000002e-05	-9.118153931996827305e-03
-2.199999999999999943e-05	-9.207818039797604007e-03
-2.099999999999999884e-05	-9.294373228872394865e-03
-1.999999999999999825e-05	-9.377730203165542469e-03
-1.899999999999999766e-05	-9.457799666621394610e-03
-1.800000000000000046e-05	-9.534492323184304285e-03
-1.699999999999999987e-05	-9.607718876798622756e-03
-1.599999999999999928e-05	-9.677390031408687407e-03
-1.499999999999999869e-05	-9.743416490958851234e-03
-1.399999999999999979e-05	-9.805708959393462029e-03
-1.299999999999999920e-05	-9.864178140656869320e-03
-1.200000000000000030e-05	-9.918734738693417430e-03
-1.099999999999999971e-05	-9.969289457447455885e-03
-9.999999999999999124e-06	-1.001575300086333595e-02
-9.000000000000000228e-06	-1.005803607288539847e-02
-7.999999999999999638e-06	-1.009604937745799819e-02
-6.999999999999999895e-06	-1.012970361852547595e-02
-6.000000000000000152e-06	-1.015890950003218475e-02
-4.999999999999999562e-06	-1.018357772592247065e-02
-3.999999999999999819e-06	-1.020361900014068318e-02
-3.000000000000000076e-06	-1.021894402663116840e-02
-1.999999999999999909e-06	-1.022946350933827409e-02
-9.999999999999999547e-07	-1.023508815220635325e-02
0.000000000000000000e+00	-1.023572865917974327e-02
9.999999999999999547e-07	-1.023129573420279714e-02
1.999999999999999909e-06	-1.022170008121986960e-02
3.000000000000000076e-06	-1.020685240417529976e-02
3.999999999999999819e-06	-1.018666340701343716e-02
4.999999999999999562e-06	-1.016104379367862957e-02
6.000000000000000152e-06	-1.012990426811523174e-02
6.999999999999999895e-06	-1.009315553426757932e-02
7.999999999999999638e-06	-1.005070829608003223e-02
9.000000000000000228e-06	-1.000247325749692440e-02
9.999999999999999124e-06	-9.948398906226721058e-03
1.099999999999999971e-05	-9.888584865034247967e-03
1.200000000000000030e-05	-9.823168540448456998e-03
1.299999999999999920e-05	-9.752287338998289618e-03
1.399999999999999979e-05	-9.676078667212683823e-03
1.499999999999999869e-05	-9.594679931620582816e-03
1.599999999999999928e-05	-9.508228538750931533e-03
1.699999999999999987e-05	-9.416861895132667970e-03
1.800000000000000046e-05	-9.320717407294738799e-03
1.899999999999999766e-05	-9.219932481766085486e-03
1.999999999999999825e-05	-9.114644525075647763e-03
2.099999999999999884e-05	-9.004990943752363627e-03
2.199999999999999943e-05	-8.891109144325184954e-03
2.300000000000000002e-05	-8.773136533323049741e-03
2.400000000000000061e-05	-8.651210517274897718e-03
2.499999999999999781e-05	-8.525468502709668620e-03
2.599999999999999840e-05	-8.396047896156319523e-03
2.699999999999999899e-05	-8.263086104143769345e-03
2.799999999999999958e-05	-8.126720533200976898e-03
2.900000000000000017e-05	-7.987088589856883650e-03
2.999999999999999737e-05	-7.844327680640420658e-03
3.100000000000000135e-05	-7.698575212080543267e-03
3.199999999999999855e-05	-7.549968590706180802e-03
3.299999999999999575e-05	-7.398645223046290340e-03
3.399999999999999973e-05	-7.244742515629802072e-03
3.499999999999999693e-05	-7.088397874985662671e-03
3.600000000000000091e-05	-6.929748707642807530e-03
3.699999999999999811e-05	-6.768932420130190260e-03
3.799999999999999532e-05	-6.606086418976745388e-03
3.899999999999999929e-05	-6.441348110711416983e-03
3.999999999999999650e-05	-6.274854901863149113e-03
4.100000000000000047e-05	-6.106744198960879777e-03
4.199999999999999768e-05	-5.937153408533552175e-03
4.299999999999999488e-05	-5.766219937110111243e-03
4.399999999999999886e-05	-5.594081191219497581e-03
4.499999999999999606e-05	-5.420874577390646584e-03
4.600000000000000004e-05	-5.246737502152513596e-03
4.699999999999999724e-05	-5.071807372034029676e-03
4.800000000000000122e-05	-4.896221593564144096e-03
4.899999999999999842e-05	-4.720117573271794854e-03
4.999999999999999562e-05	-4.543632717685925151e-03
5.099999999999999960e-05	-4.366904433335477322e-03
5.199999999999999680e-05	-4.190070126749391097e-03
5.300000000000000078e-05	-4.013267204456613148e-03
5.399999999999999798e-05	-3.836633072986080605e-03
5.499999999999999518e-05	-3.660305138866738837e-03
5.599999999999999916e-05	-3.484420808627530178e-03
5.699999999999999636e-05	-3.309117488797393061e-03
5.800000000000000034e-05	-3.134532585905274154e-03
5.899999999999999754e-05	-2.960803506480113624e-03
5.999999999999999474e-05	-2.788067657050854239e-03
6.099999999999999872e-05	-2.616462444146433995e-03
6.200000000000000270e-05	-2.446125274295802166e-03
6.299999999999999990e-05	-2.277193554027893280e-03
6.399999999999999710e-05	-2.109804689871656608e-03
6.499999999999999431e-05	-1.944096088356029716e-03
6.599999999999999151e-05	-1.780180820412859957e-03
6.700000000000000226e-05	-1.618074614585591998e-03
6.799999999999999946e-05	-1.457768863820588104e-03
6.899999999999999667e-05	-1.299254961064198180e-03
6.999999999999999387e-05	-1.142524299262777984e-03
7.099999999999999107e-05	-9.875682713626808898e-04
7.200000000000000182e-05	-8.343782703102559355e-04
7.299999999999999903e-05	-6.829456890518660356e-04
7.399999999999999623e-05	-5.332619205338586009e-04
7.499999999999999343e-05	-3.853183577025883605e-04
7.599999999999999063e-05	-2.391063935044117242e-04
7.700000000000000139e-05	-9.461742088567630588e-05
7.799999999999999859e-05	4.815716720725619915e-05
7.899999999999999579e-05	1.892259778280337994e-04
7.999999999999999299e-05	3.285976180303053435e-04
8.099999999999999019e-05	4.662806948677135680e-04
8.200000000000000095e-05	6.022838153939107098e-04
8.299999999999999815e-05	7.366155866625360765e-04
8.399999999999999535e-05	8.692846157272360232e-04
8.499999999999999255e-05	1.000299509641661621e-03
8.599999999999998976e-05	1.129668875459455268e-03
8.700000000000000051e-05	1.257401320234267277e-03
8.799999999999999771e-05	1.383505451019737551e-03
8.899999999999999491e-05	1.507989874869516836e-03
8.999999999999999212e-05	1.630863198837248940e-03
9.099999999999998932e-05	1.752134029976580055e-03
9.200000000000000007e-05	1.871810975341159410e-03
9.299999999999999727e-05	1.989902641984628642e-03
9.399999999999999448e-05	2.106417636960635029e-03
9.499999999999999168e-05	2.221364567322826281e-03
9.600000000000000243e-05	2.334752040124850325e-03
9.699999999999999963e-05	2.446588662420349884e-03
9.799999999999999684e-05	2.556883041262968548e-03
9.899999999999999404e-05	2.665643783706356414e-03
9.999999999999999124e-05	2.772879496804159672e-03
1.010000000000000020e-04	2.878598787610027118e-03
1.019999999999999992e-04	2.982810263177598006e-03
1.029999999999999964e-04	3.085522530560521563e-03
1.039999999999999936e-04	3.186744196812444849e-03
1.049999999999999908e-04	3.286483868987014490e-03
1.060000000000000016e-04	3.384750154137873644e-03
1.069999999999999988e-04	3.481551659318672838e-03
1.079999999999999960e-04	3.576896991583051761e-03
1.089999999999999932e-04	3.670794757984663544e-03
1.099999999999999904e-04	3.763253565577150475e-03
1.110000000000000011e-04	3.854282021414158748e-03
1.119999999999999983e-04	3.943888732549334121e-03
1.129999999999999955e-04	4.032082306036324088e-03
1.139999999999999927e-04	4.118871348928774406e-03
1.149999999999999899e-04	4.204264468280331270e-03
1.160000000000000007e-04	4.288270271144640870e-03
1.169999999999999979e-04	4.370897364575349400e-03
1.179999999999999951e-04	4.452154355626099583e-03
1.189999999999999923e-04	4.532049851350542814e-03
1.199999999999999895e-04	4.610592458802321818e-03
1.210000000000000002e-04	4.687790785035084520e-03
1.219999999999999974e-04	4.763653437102477115e-03
1.229999999999999811e-04	4.838189022058143191e-03
1.240000000000000054e-04	4.911406146955733278e-03
1.250000000000000026e-04	4.983313418848888364e-03
1.259999999999999998e-04	5.053919444791256377e-03
1.269999999999999970e-04	5.123232831836486111e-03
1.279999999999999942e-04	5.191262187038219421e-03
1.289999999999999914e-04	5.258016117450105102e-03
1.299999999999999886e-04	5.323503230125788480e-03
1.309999999999999858e-04	5.387732132118914878e-03
1.319999999999999830e-04	5.450711430483133960e-03
1.330000000000000073e-04	5.512449732272091049e-03
1.340000000000000045e-04	5.572955644539425400e-03
1.350000000000000017e-04	5.632237774338789277e-03
1.359999999999999989e-04	5.690304728723828004e-03
1.369999999999999961e-04	5.747165114748190376e-03
1.379999999999999933e-04	5.802827539465516514e-03
1.389999999999999905e-04	5.857300609929456947e-03
1.399999999999999877e-04	5.910592933193653531e-03
1.409999999999999849e-04	5.962713116311758529e-03
1.419999999999999821e-04	6.013669766337411196e-03
1.430000000000000064e-04	6.063471490324266397e-03
1.440000000000000036e-04	6.112126895325962518e-03
1.450000000000000009e-04	6.159644588396148354e-03
1.459999999999999981e-04	6.206033176588466628e-03
1.469999999999999953e-04	6.251301266956570471e-03
1.479999999999999925e-04	6.295457466554099137e-03
1.489999999999999897e-04	6.338510382434703154e-03
1.499999999999999869e-04	6.380468621652030450e-03
1.509999999999999841e-04	6.421340791259717677e-03
1.519999999999999813e-04	6.461135498311421435e-03
1.530000000000000056e-04	6.499861349860785315e-03
1.540000000000000028e-04	6.537526952961448569e-03
1.550000000000000000e-04	6.574140914667066932e-03
1.559999999999999972e-04	6.609711842031279656e-03
1.569999999999999944e-04	6.644248342107734670e-03
1.579999999999999916e-04	6.677759021950079900e-03
1.589999999999999888e-04	6.710252488611958936e-03
1.599999999999999860e-04	6.741737349147019706e-03
1.609999999999999832e-04	6.772222210608906667e-03
1.619999999999999804e-04	6.801715680051266880e-03
1.630000000000000047e-04	6.830226364527750005e-03
1.640000000000000019e-04	6.857762871091997031e-03
1.649999999999999991e-04	6.884333806797654151e-03
1.659999999999999963e-04	6.909947778698369292e-03
1.669999999999999935e-04	6.934613393847788645e-03
1.679999999999999907e-04	6.958339259299561874e-03
1.689999999999999879e-04	6.981133982107324762e-03
1.699999999999999851e-04	7.003006169324733042e-03
1.709999999999999823e-04	7.023964428005431172e-03
1.719999999999999795e-04	7.044017365203061008e-03
1.730000000000000038e-04	7.063173587971272212e-03
1.740000000000000010e-04	7.081441703363710108e-03
1.749999999999999982e-04	7.098830318434019154e-03
1.759999999999999954e-04	7.115348040235852482e-03
1.769999999999999926e-04	7.131003475822845009e-03
1.779999999999999898e-04	7.145805232248650732e-03
1.789999999999999870e-04	7.159761916566913242e-03
1.799999999999999842e-04	7.172882135831277865e-03
1.809999999999999814e-04	7.185174497095396864e-03
1.819999999999999786e-04	7.196647607412905157e-03
1.830000000000000029e-04	7.207310073837458475e-03
1.840000000000000001e-04	7.217170503422698676e-03
1.849999999999999973e-04	7.226237503222274552e-03
1.859999999999999945e-04	7.234519680289827961e-03
1.869999999999999917e-04	7.242025641679007697e-03
1.879999999999999890e-04	7.248763994443459951e-03
1.889999999999999862e-04	7.254743345636831785e-03
1.899999999999999834e-04	7.259972302312765052e-03
1.909999999999999806e-04	7.264459471524909416e-03
1.920000000000000049e-04	7.268213460326913671e-03
1.930000000000000021e-04	7.271242875772418804e-03
1.939999999999999993e-04	7.273556324915071876e-03
1.949999999999999965e-04	7.275162414808520814e-03
1.959999999999999937e-04	7.276069752506410075e-03
1.969999999999999909e-04	7.276286945062387587e-03
1.979999999999999881e-04	7.275822599530093471e-03
1.989999999999999853e-04	7.274685322963186061e-03
1.999999999999999825e-04	7.272883722415298541e-03
2.009999999999999797e-04	7.270426404940085775e-03
2.020000000000000040e-04	7.267321977591188753e-03
2.030000000000000012e-04	7.263579047422254534e-03
2.039999999999999984e-04	7.259206221486936249e-03
2.049999999999999956e-04	7.254212106838867948e-03
2.059999999999999928e-04	7.248605310531702761e-03
2.069999999999999900e-04	7.242394439619086882e-03
2.079999999999999872e-04	7.235588101154666503e-03
2.089999999999999844e-04	7.228194902192082612e-03
2.099999999999999816e-04	7.220223449784989207e-03
2.109999999999999788e-04	7.211682350987025543e-03
2.120000000000000031e-04	7.202580212851843015e-03
2.130000000000000003e-04	7.192925642433084348e-03
2.139999999999999975e-04	7.182727246784398334e-03
2.149999999999999947e-04	7.171993632959424228e-03
2.159999999999999919e-04	7.160733408011815161e-03
2.169999999999999891e-04	7.148955178995219928e-03
2.179999999999999863e-04	7.136667552963275180e-03
2.189999999999999835e-04	7.123879136969634047e-03
2.199999999999999807e-04	7.110598538067940122e-03
2.209999999999999779e-04	7.096834363311841330e-03
2.220000000000000022e-04	7.082595219754982997e-03
2.229999999999999994e-04	7.067889714451006979e-03
2.239999999999999966e-04	7.052726454453563804e-03
2.249999999999999938e-04	7.037114046816300532e-03
2.259999999999999910e-04	7.021061098592861621e-03
2.269999999999999882e-04	7.004576216836892397e-03
2.279999999999999854e-04	6.987668008602037316e-03
2.289999999999999826e-04	6.970345080941945173e-03
2.299999999999999799e-04	6.952616040910265631e-03
2.309999999999999771e-04	6.934489495560637942e-03
2.320000000000000014e-04	6.915974051946712636e-03
2.329999999999999986e-04	6.897078317122132436e-03
2.339999999999999958e-04	6.877810898140545269e-03
2.349999999999999930e-04	6.858180402055599929e-03
2.359999999999999902e-04	6.838195435920938273e-03
2.369999999999999874e-04	6.817864606790209094e-03
2.379999999999999846e-04	6.797196521717056850e-03
2.389999999999999818e-04	6.776199787755128601e-03
2.399999999999999790e-04	6.754883011958067937e-03
2.409999999999999762e-04	6.733254801379525388e-03
2.420000000000000005e-04	6.711323763073143676e-03
2.429999999999999977e-04	6.689098504092571597e-03
2.439999999999999949e-04	6.666587631491452740e-03
2.449999999999999921e-04	6.643799752323434164e-03
2.459999999999999622e-04	6.620743473642162931e-03
2.469999999999999865e-04	6.597427402501280028e-03
2.480000000000000108e-04	6.573860145954439453e-03
2.489999999999999809e-04	6.550050311055283930e-03
2.500000000000000052e-04	6.526006504857458784e-03
2.509999999999999753e-04	6.501737334414610207e-03
2.519999999999999996e-04	6.477251406780384392e-03
2.529999999999999697e-04	6.452557329008428398e-03
2.539999999999999940e-04	6.427663708152387551e-03
2.549999999999999641e-04	6.402579151265908909e-03
2.559999999999999884e-04	6.377312265402637799e-03
2.570000000000000127e-04	6.351871657616216076e-03
2.579999999999999828e-04	6.326265934960298605e-03
2.590000000000000071e-04	6.300503704488523773e-03
2.599999999999999772e-04	6.274593573254544712e-03
2.610000000000000015e-04	6.248544148312000675e-03
2.619999999999999716e-04	6.222364036714542190e-03
2.629999999999999959e-04	6.196061845515812849e-03
2.639999999999999660e-04	6.169646181769461446e-03
2.649999999999999903e-04	6.143125652529131571e-03
2.660000000000000146e-04	6.116508864848468549e-03
2.669999999999999847e-04	6.089804425781122042e-03
2.680000000000000090e-04	6.063020942380736508e-03
2.689999999999999791e-04	6.036167021700959007e-03
2.700000000000000035e-04	6.009251270795432261e-03
2.709999999999999735e-04	5.982282296717806799e-03
2.719999999999999979e-04	5.955268706521723611e-03
2.729999999999999680e-04	5.928219107260833225e-03
2.739999999999999923e-04	5.901142105988780966e-03
2.749999999999999624e-04	5.874046309759213026e-03
2.759999999999999867e-04	5.846940325625772129e-03
2.770000000000000110e-04	5.819832760642107937e-03
2.779999999999999811e-04	5.792732221861865774e-03
2.790000000000000054e-04	5.765647316338690098e-03
2.799999999999999755e-04	5.738586651126233174e-03
2.809999999999999998e-04	5.711558833278131651e-03
2.819999999999999699e-04	5.684572469848039530e-03
2.829999999999999942e-04	5.657636167889596931e-03
2.839999999999999643e-04	5.630758534456456119e-03
2.849999999999999886e-04	5.603948176602256345e-03
2.860000000000000129e-04	5.577213701380648141e-03
2.869999999999999830e-04	5.550563715845279432e-03
2.880000000000000073e-04	5.524006827049791207e-03
2.889999999999999774e-04	5.497550156335131825e-03
2.900000000000000017e-04	5.471194882191427952e-03
2.909999999999999718e-04	5.444940697396117961e-03
2.919999999999999961e-04	5.418787294726623745e-03
2.929999999999999662e-04	5.392734366960379340e-03
2.939999999999999905e-04	5.366781606874815314e-03
2.949999999999999606e-04	5.340928707247361365e-03
2.959999999999999849e-04	5.315175360855446327e-03
2.970000000000000092e-04	5.289521260476499898e-03
2.979999999999999793e-04	5.263966098887956982e-03
2.990000000000000036e-04	5.238509568867242075e-03
2.999999999999999737e-04	5.213151363191787478e-03
3.009999999999999980e-04	5.187891174639024626e-03
3.019999999999999681e-04	5.162728695986379748e-03
3.029999999999999924e-04	5.137663620011287749e-03
3.039999999999999625e-04	5.112695639491176593e-03
3.049999999999999868e-04	5.087824447203475979e-03
3.060000000000000111e-04	5.063049735925614740e-03
3.069999999999999812e-04	5.038371198435026045e-03
3.080000000000000055e-04	5.013788527509136991e-03
3.089999999999999756e-04	4.989301415925380748e-03
3.099999999999999999e-04	4.964909556461186146e-03
3.109999999999999700e-04	4.940612641893982020e-03
3.119999999999999944e-04	4.916410365001200669e-03
3.129999999999999644e-04	4.892302418560270059e-03
3.139999999999999888e-04	4.868288495348620758e-03
3.149999999999999589e-04	4.844368288143685065e-03
3.159999999999999832e-04	4.820541489722888345e-03
3.170000000000000075e-04	4.796807792863667236e-03
3.179999999999999776e-04	4.773166890343447967e-03
3.190000000000000019e-04	4.749618474939659371e-03
3.199999999999999720e-04	4.726162239429736352e-03
3.209999999999999963e-04	4.702797876591101670e-03
3.219999999999999664e-04	4.679525079201193698e-03
3.229999999999999907e-04	4.656343540037435197e-03
3.239999999999999608e-04	4.633252951877261071e-03
3.249999999999999851e-04	4.610253007498100151e-03
3.260000000000000094e-04	4.587343399677381271e-03
3.269999999999999795e-04	4.564523821192537599e-03
3.280000000000000038e-04	4.541793964820995365e-03
3.289999999999999739e-04	4.519153523340189473e-03
3.299999999999999982e-04	4.496602189527544417e-03
3.309999999999999683e-04	4.474139656160495103e-03
3.319999999999999926e-04	4.451765616016468627e-03
3.329999999999999627e-04	4.429479761872897291e-03
3.339999999999999870e-04	4.407281786507207325e-03
3.350000000000000113e-04	4.385171382696832765e-03
3.359999999999999814e-04	4.363148243219204178e-03
3.370000000000000057e-04	4.341212060851747795e-03
3.379999999999999758e-04	4.319362528371897651e-03
3.390000000000000001e-04	4.297599338557080845e-03
3.399999999999999702e-04	4.275922184184729677e-03
3.409999999999999945e-04	4.254330758032271245e-03
3.419999999999999646e-04	4.232824752877140453e-03
3.429999999999999889e-04	4.211403861496763532e-03
3.439999999999999590e-04	4.190067776668573649e-03
3.449999999999999833e-04	4.168816191169997035e-03
3.460000000000000076e-04	4.147648797778465124e-03
3.469999999999999777e-04	4.126565289271410218e-03
3.480000000000000020e-04	4.105565358426261149e-03
3.489999999999999721e-04	4.084648698020447617e-03
3.499999999999999964e-04	4.063815000831398454e-03
3.509999999999999665e-04	4.043063959636546828e-03
3.519999999999999908e-04	4.022395267213318970e-03
3.529999999999999609e-04	4.001808616339151518e-03
3.539999999999999853e-04	3.981303699791467234e-03
3.550000000000000096e-04	3.960880210347699285e-03
3.559999999999999797e-04	3.940537840785279973e-03
3.570000000000000040e-04	3.920276283881634662e-03
3.579999999999999741e-04	3.900095232414197820e-03
3.589999999999999984e-04	3.879994379160396981e-03
3.599999999999999685e-04	3.859973416897664444e-03
3.609999999999999928e-04	3.840032038403427307e-03
3.619999999999999629e-04	3.820169936455119174e-03
3.629999999999999872e-04	3.800386803830167141e-03
3.639999999999999573e-04	3.780682333306003076e-03
3.649999999999999816e-04	3.761056217660056680e-03
3.660000000000000059e-04	3.741508149669756349e-03
3.669999999999999760e-04	3.722037822112535255e-03
3.680000000000000003e-04	3.702644927765820927e-03
3.689999999999999704e-04	3.683329159407046100e-03
3.699999999999999947e-04	3.664090209813638307e-03
3.709999999999999648e-04	3.644927771763029848e-03
3.719999999999999891e-04	3.625841538032648255e-03
3.729999999999999592e-04	3.606831201399926697e-03
3.739999999999999835e-04	3.587896454642290969e-03
3.750000000000000078e-04	3.569036990537175543e-03
3.759999999999999779e-04	3.550252501862009250e-03
3.770000000000000022e-04	3.531542681394221356e-03
3.779999999999999723e-04	3.512907221911243296e-03
3.789999999999999966e-04	3.494345816190503034e-03
3.799999999999999667e-04	3.475858157009432872e-03
3.809999999999999910e-04	3.457443937145460774e-03
3.819999999999999611e-04	3.439102849376019476e-03
3.829999999999999854e-04	3.420834586478536943e-03
3.840000000000000097e-04	3.402638841230444175e-03
3.849999999999999798e-04	3.384515306409171739e-03
3.860000000000000041e-04	3.366463674792148902e-03
3.869999999999999742e-04	3.348483639156805795e-03
3.879999999999999985e-04	3.330574892280573421e-03
3.889999999999999686e-04	3.312737126940880177e-03
3.899999999999999929e-04	3.294970035915156630e-03
3.909999999999999630e-04	3.277273311980836382e-03
3.919999999999999873e-04	3.259646647915344364e-03
3.929999999999999574e-04	3.242089736496113744e-03
3.939999999999999817e-04	3.224602270500573787e-03
3.950000000000000061e-04	3.207183942706153760e-03
3.959999999999999762e-04	3.189834445890285964e-03
3.970000000000000005e-04	3.172553472830398798e-03
3.979999999999999706e-04	3.155340716303923262e-03
3.989999999999999949e-04	3.138195869088289056e-03
3.999999999999999650e-04	3.121118623960926312e-03
4.009999999999999893e-04	3.104108673699264732e-03
4.019999999999999594e-04	3.087165711080735314e-03
4.029999999999999837e-04	3.070289428882766024e-03
4.040000000000000080e-04	3.053479519882789164e-03
4.049999999999999781e-04	3.036735676858235734e-03
4.060000000000000024e-04	3.020057592586533265e-03
4.069999999999999725e-04	3.003444959845114060e-03
4.079999999999999968e-04	2.986897471411405647e-03
4.089999999999999669e-04	2.970414820062840765e-03
4.099999999999999912e-04	2.953996698576847810e-03
4.109999999999999613e-04	2.937642799730857783e-03
4.119999999999999856e-04	2.921352816302301252e-03
4.129999999999999557e-04	2.905126441068607047e-03
4.139999999999999800e-04	2.888963366807205304e-03
4.150000000000000043e-04	2.872863286295527022e-03
4.159999999999999744e-04	2.856825892311002334e-03
4.169999999999999987e-04	2.840850877631060072e-03
4.179999999999999688e-04	2.824937935033131672e-03
4.189999999999999931e-04	2.809086757294647265e-03
4.199999999999999632e-04	2.793297037193036986e-03
4.209999999999999875e-04	2.777568467505728798e-03
4.219999999999999576e-04	2.761900741010156306e-03
4.229999999999999819e-04	2.746293550483746172e-03
4.240000000000000062e-04	2.730746588703930697e-03
4.249999999999999763e-04	2.715259548448140017e-03
4.260000000000000006e-04	2.699832122493802528e-03
4.269999999999999707e-04	2.684464003618351399e-03
4.279999999999999950e-04	2.669154884599213729e-03
4.289999999999999651e-04	2.653904458213820518e-03
4.299999999999999894e-04	2.638712417239601898e-03
4.309999999999999595e-04	2.623578454453988872e-03
4.319999999999999838e-04	2.608502262634410703e-03
4.329999999999999539e-04	2.593483534558297960e-03
4.339999999999999782e-04	2.578521963003079474e-03
4.350000000000000026e-04	2.563617240746186680e-03
4.359999999999999726e-04	2.548769060565049278e-03
4.369999999999999970e-04	2.533977115237097399e-03
4.379999999999999671e-04	2.519241097539761179e-03
4.389999999999999914e-04	2.504560700250471183e-03
4.399999999999999615e-04	2.489935616146657545e-03
4.409999999999999858e-04	2.475365538005748663e-03
4.419999999999999559e-04	2.460850158605177272e-03
4.429999999999999802e-04	2.446389170722370904e-03
4.440000000000000045e-04	2.431982267134760126e-03
4.449999999999999746e-04	2.417629140619777673e-03
4.459999999999999989e-04	2.403329483954851509e-03
4.469999999999999690e-04	2.389082989917411335e-03
4.479999999999999933e-04	2.374889351284887717e-03
4.489999999999999634e-04	2.360748260834712089e-03
4.499999999999999877e-04	2.346659411344312416e-03
4.509999999999999578e-04	2.332622495591120133e-03
4.519999999999999821e-04	2.318637206352565372e-03
4.530000000000000064e-04	2.304703236406077833e-03
4.539999999999999765e-04	2.290820278529088084e-03
4.550000000000000008e-04	2.276988025499025389e-03
4.559999999999999709e-04	2.263206170093320750e-03
4.569999999999999952e-04	2.249474405089402565e-03
4.579999999999999653e-04	2.235792423264704003e-03
4.589999999999999896e-04	2.222159917396652595e-03
4.599999999999999597e-04	2.208576580262680208e-03
4.609999999999999840e-04	2.195042104640214809e-03
4.619999999999999541e-04	2.181556183306689132e-03
4.629999999999999784e-04	2.168118509039530708e-03
4.640000000000000027e-04	2.154728774616170971e-03
4.649999999999999728e-04	2.141386672814040923e-03
4.659999999999999971e-04	2.128091896410568094e-03
4.669999999999999672e-04	2.114844138183186086e-03
4.679999999999999915e-04	2.101643090909321564e-03
4.689999999999999616e-04	2.088488447366407263e-03
4.699999999999999859e-04	2.075379900331870715e-03
4.709999999999999560e-04	2.062317142583144653e-03
4.719999999999999803e-04	2.049299866897657477e-03
4.730000000000000046e-04	2.036327766052840188e-03
4.739999999999999747e-04	2.023400532826122918e-03
4.749999999999999990e-04	2.010517859994934934e-03
4.759999999999999691e-04	1.997679440336708103e-03
4.769999999999999934e-04	1.984884966628869523e-03
4.779999999999999635e-04	1.972134131648852363e-03
4.789999999999999879e-04	1.959426628174084153e-03
4.799999999999999580e-04	1.946762148981997630e-03
4.809999999999999823e-04	1.934140386850020975e-03
4.819999999999999524e-04	1.921561034555584755e-03
4.829999999999999767e-04	1.909023784876119536e-03
4.840000000000000010e-04	1.896528330589054585e-03
4.849999999999999711e-04	1.884074364471821118e-03
4.859999999999999954e-04	1.871661579301848186e-03
4.869999999999999655e-04	1.859289667856567222e-03
4.879999999999999898e-04	1.846958322913406624e-03
4.889999999999999599e-04	1.834667237249798261e-03
4.899999999999999842e-04	1.822416103643170965e-03
4.910000000000000085e-04	1.810204614870954219e-03
4.919999999999999244e-04	1.798032463710580973e-03
4.929999999999999487e-04	1.785899342939478544e-03
4.939999999999999730e-04	1.773804945335077498e-03
4.949999999999999973e-04	1.761748963674809052e-03
4.960000000000000216e-04	1.749731090736102689e-03
4.969999999999999375e-04	1.737751019296389842e-03
4.979999999999999618e-04	1.725808442133098045e-03
4.989999999999999861e-04	1.713903052023657862e-03
5.000000000000000104e-04	1.702034541745501379e-03
5.009999999999999263e-04	1.690202604076058513e-03
5.019999999999999506e-04	1.678406931792757227e-03
5.029999999999999749e-04	1.666647217673028741e-03
5.039999999999999992e-04	1.654923154494303619e-03
5.050000000000000235e-04	1.643234435034011129e-03
5.059999999999999394e-04	1.631580752069583355e-03
5.069999999999999637e-04	1.619961798378447828e-03
5.079999999999999880e-04	1.608377266738035549e-03
5.090000000000000123e-04	1.596826849925776868e-03
5.099999999999999282e-04	1.585310240719103436e-03
5.109999999999999525e-04	1.573827131895442783e-03
5.119999999999999768e-04	1.562377216232225694e-03
5.130000000000000011e-04	1.550960186506882303e-03
5.140000000000000254e-04	1.539575735496843392e-03
5.149999999999999413e-04	1.528223555979539962e-03
5.159999999999999656e-04	1.516903340732399328e-03
5.169999999999999899e-04	1.505614782532854008e-03
5.180000000000000143e-04	1.494357574158332617e-03
5.189999999999999301e-04	1.483131408386267240e-03
5.199999999999999544e-04	1.471935977994085843e-03
5.209999999999999788e-04	1.460770975759218991e-03
5.220000000000000031e-04	1.449636094459097252e-03
5.230000000000000274e-04	1.438531026871150758e-03
5.239999999999999433e-04	1.427455465772810728e-03
5.249999999999999676e-04	1.416409103941504693e-03
5.259999999999999919e-04	1.405391634154664086e-03
5.270000000000000162e-04	1.394402749189719692e-03
5.279999999999999321e-04	1.383442141824101643e-03
5.289999999999999564e-04	1.372509504835237905e-03
5.299999999999999807e-04	1.361604531000560996e-03
5.310000000000000050e-04	1.350726913097499531e-03
5.320000000000000293e-04	1.339876343903484510e-03
5.329999999999999452e-04	1.329052516195946502e-03
5.339999999999999695e-04	1.318255122752314120e-03
5.349999999999999938e-04	1.307483856350017933e-03
5.360000000000000181e-04	1.296738409766488723e-03
5.369999999999999340e-04	1.286018475779157058e-03
5.379999999999999583e-04	1.275323747165451119e-03
5.389999999999999826e-04	1.264653916702802123e-03
5.400000000000000069e-04	1.254008677168640421e-03
5.409999999999999228e-04	1.243387721340396797e-03
5.419999999999999471e-04	1.232790741995499215e-03
5.429999999999999714e-04	1.222217431911379326e-03
5.439999999999999957e-04	1.211667483865466830e-03
5.450000000000000200e-04	1.201140590635191643e-03
5.459999999999999359e-04	1.190636444997985634e-03
5.469999999999999602e-04	1.180154739731276332e-03
5.479999999999999845e-04	1.169695167612494523e-03
5.490000000000000088e-04	1.159257421419071206e-03
5.499999999999999247e-04	1.148841193928436949e-03
5.509999999999999490e-04	1.138446177918020150e-03
5.519999999999999733e-04	1.128072066165251375e-03
5.529999999999999976e-04	1.117718551447561409e-03
5.540000000000000219e-04	1.107385326542380168e-03
5.549999999999999378e-04	1.097072084227138436e-03
5.559999999999999621e-04	1.086778517279264394e-03
5.569999999999999864e-04	1.076504318476189477e-03
5.580000000000000107e-04	1.066249180595343600e-03
5.589999999999999266e-04	1.056012796414157765e-03
5.599999999999999509e-04	1.045794858710060371e-03
5.609999999999999752e-04	1.035595060260482416e-03
5.619999999999999996e-04	1.025413093842853819e-03
5.630000000000000239e-04	1.015248652234604929e-03
5.639999999999999397e-04	1.005101428213166746e-03
5.649999999999999641e-04	9.949711145559670192e-04
5.659999999999999884e-04	9.848574040404378324e-04
5.670000000000000127e-04	9.747599894440082350e-04
5.679999999999999286e-04	9.646785635441099864e-04
5.689999999999999529e-04	9.546128191181710515e-04
5.699999999999999772e-04	9.445624489436226477e-04
5.710000000000000015e-04	9.345271457978943661e-04
5.720000000000000258e-04	9.245066024584169904e-04
5.729999999999999417e-04	9.145005117026216296e-04
5.739999999999999660e-04	9.045085663079358148e-04
5.749999999999999903e-04	8.945304590517909804e-04
5.760000000000000146e-04	8.845658827116169342e-04
5.769999999999999305e-04	8.746145300648454357e-04
5.779999999999999548e-04	8.646760938889039077e-04
5.789999999999999791e-04	8.547502669612240013e-04
5.800000000000000034e-04	8.448367420592353075e-04
5.810000000000000277e-04	8.349352119603685018e-04
5.819999999999999436e-04	8.250453694420546930e-04
5.829999999999999679e-04	8.151669072817211955e-04
5.839999999999999922e-04	8.052995182567999856e-04
5.850000000000000165e-04	7.954428951447206544e-04
5.859999999999999324e-04	7.855967307229148530e-04
5.869999999999999567e-04	7.757607177688100042e-04
5.879999999999999810e-04	7.659345490598376506e-04
5.890000000000000053e-04	7.561179173734276001e-04
5.899999999999999212e-04	7.463105154870116123e-04
5.909999999999999455e-04	7.365120361780170015e-04
5.919999999999999698e-04	7.267221722238755271e-04
5.929999999999999941e-04	7.169406164020167803e-04
5.940000000000000184e-04	7.071670614898710027e-04
5.949999999999999343e-04	6.974012002648698454e-04
5.959999999999999586e-04	6.876427255044406227e-04
5.969999999999999829e-04	6.778913299860149858e-04
5.980000000000000072e-04	6.681467064870228508e-04
5.989999999999999231e-04	6.584085477848952185e-04
5.999999999999999474e-04	6.486765466570603789e-04
6.009999999999999717e-04	6.389503958809493326e-04
6.019999999999999961e-04	6.292297882339924295e-04
6.030000000000000204e-04	6.195144164936192610e-04
6.039999999999999362e-04	6.098039734372616948e-04
6.049999999999999606e-04	6.000981518423471536e-04
6.059999999999999849e-04	5.903966444863071802e-04
6.070000000000000092e-04	5.806991441465716910e-04
6.079999999999999251e-04	5.710053436005719033e-04
6.089999999999999494e-04	5.613149356257357819e-04
6.099999999999999737e-04	5.516276129994943274e-04
6.109999999999999980e-04	5.419430684992781067e-04
6.120000000000000223e-04	5.322609949025169278e-04
6.129999999999999382e-04	5.225810849866416828e-04
6.139999999999999625e-04	5.129030315290810955e-04
6.149999999999999868e-04	5.032265273072656243e-04
6.160000000000000111e-04	4.935512650986260529e-04
6.169999999999999270e-04	4.838769376805927315e-04
6.179999999999999513e-04	4.742032378305943295e-04
6.189999999999999756e-04	4.645298583260619018e-04
6.199999999999999999e-04	4.548564919444252562e-04
6.210000000000000242e-04	4.451828314631146345e-04
6.219999999999999401e-04	4.355085696595614709e-04
6.229999999999999644e-04	4.258333993111935133e-04
6.239999999999999887e-04	4.161570131954418707e-04
6.250000000000000130e-04	4.064791040897368932e-04
6.259999999999999289e-04	3.967993647715095272e-04
6.269999999999999532e-04	3.871174880181877374e-04
6.279999999999999775e-04	3.774331666072029581e-04
6.290000000000000018e-04	3.677460933159851599e-04
6.299999999999999177e-04	3.580559609219655603e-04
6.309999999999999420e-04	3.483624622025719613e-04
6.319999999999999663e-04	3.386652899352357430e-04
6.329999999999999906e-04	3.289641368973868761e-04
6.340000000000000149e-04	3.192586958664556562e-04
6.349999999999999308e-04	3.095486596198731384e-04
6.359999999999999551e-04	2.998337209350671788e-04
6.369999999999999794e-04	2.901135725894692118e-04
6.380000000000000037e-04	2.803879073605092080e-04
6.389999999999999196e-04	2.706564180256183848e-04
6.399999999999999439e-04	2.609187973622245985e-04
6.409999999999999682e-04	2.511747381477590665e-04
6.419999999999999925e-04	2.414239331596521390e-04
6.430000000000000169e-04	2.316660751753335697e-04
6.439999999999999327e-04	2.219008569722349554e-04
6.449999999999999570e-04	2.121279713277839356e-04
6.459999999999999814e-04	2.023471110194117279e-04
6.470000000000000057e-04	1.925579688245485739e-04
6.479999999999999215e-04	1.827602375206256367e-04
6.489999999999999459e-04	1.729536098850707184e-04
6.499999999999999702e-04	1.631377786953150909e-04
6.509999999999999945e-04	1.533124367287887787e-04
6.520000000000000188e-04	1.434772767629222947e-04
6.529999999999999347e-04	1.336319915751465310e-04
6.539999999999999590e-04	1.237762739428892897e-04
6.549999999999999833e-04	1.139098166435820051e-04
6.560000000000000076e-04	1.040323124546547020e-04
6.569999999999999235e-04	9.414345415353854354e-05
6.579999999999999478e-04	8.424293451766160304e-05
6.589999999999999721e-04	7.433044632445471840e-05
6.599999999999999964e-04	6.440568235134867337e-05
6.610000000000000207e-04	5.446833537577295062e-05
6.619999999999999366e-04	4.451809817515893020e-05
6.629999999999999609e-04	3.455466352693468534e-05
6.639999999999999852e-04	2.457772420853121661e-05
6.650000000000000095e-04	1.458697299737887407e-05
6.659999999999999254e-04	4.582102670908658280e-06
6.669999999999999497e-04	-5.437193993451574364e-06
6.679999999999999740e-04	-1.547122421827022698e-05
6.689999999999999983e-04	-2.552029522611770846e-05
6.700000000000000226e-04	-3.558471423956339769e-05
6.709999999999999385e-04	-4.566478848117634833e-05
6.719999999999999628e-04	-5.576082517352870397e-05
6.729999999999999871e-04	-6.587313153918930141e-05
6.740000000000000114e-04	-7.600201480072773640e-05
6.749999999999999273e-04	-8.614778218071289994e-05
6.759999999999999516e-04	-9.631074090171709828e-05
6.769999999999999759e-04	-1.064911981863089514e-04
6.780000000000000002e-04	-1.166894612570584344e-04
6.789999999999999161e-04	-1.269058373365340589e-04
6.799999999999999404e-04	-1.371406336473081854e-04
6.809999999999999647e-04	-1.473941574119495964e-04
6.819999999999999890e-04	-1.576667158530280504e-04
6.830000000000000134e-04	-1.679586161931136308e-04
6.839999999999999292e-04	-1.782701656547749035e-04
6.849999999999999535e-04	-1.886016714605840664e-04
6.859999999999999779e-04	-1.989534408331099019e-04
6.870000000000000022e-04	-2.093257809949221684e-04
6.879999999999999180e-04	-2.197189991685899197e-04
6.889999999999999424e-04	-2.301334025766850824e-04
6.899999999999999667e-04	-2.405692984417765476e-04
6.909999999999999910e-04	-2.510269939864339652e-04
6.920000000000000153e-04	-2.615067964332275273e-04
6.929999999999999312e-04	-2.720090130047256912e-04
6.939999999999999555e-04	-2.825339509235009258e-04
6.949999999999999798e-04	-2.930819174121216883e-04
6.960000000000000041e-04	-3.036532196931580082e-04
6.969999999999999200e-04	-3.142481649891787224e-04
6.979999999999999443e-04	-3.248670605227558660e-04
6.989999999999999686e-04	-3.355102135164581131e-04
6.999999999999999929e-04	-3.461779311928556016e-04
7.010000000000000172e-04	-3.568705207745180357e-04
7.019999999999999331e-04	-3.675882894840140896e-04
7.029999999999999574e-04	-3.783315445439163404e-04
7.039999999999999817e-04	-3.891005931767930830e-04
7.050000000000000060e-04	-3.998957426052143467e-04
7.059999999999999219e-04	-4.107173000517489684e-04
7.069999999999999462e-04	-4.215655727389690916e-04
7.079999999999999705e-04	-4.324408678894432821e-04
7.089999999999999948e-04	-4.433434927257417319e-04
7.100000000000000191e-04	-4.542737544704341995e-04
7.109999999999999350e-04	-4.652319603460891421e-04
7.119999999999999593e-04	-4.762184175752791912e-04
7.129999999999999836e-04	-4.872334333805729127e-04
7.140000000000000079e-04	-4.982773149845401732e-04
7.149999999999999238e-04	-5.093503696097494843e-04
7.159999999999999481e-04	-5.204529044787733691e-04
7.169999999999999724e-04	-5.315852268141806102e-04
7.179999999999999967e-04	-5.427476438385409659e-04
7.190000000000000210e-04	-5.539404627744241947e-04
7.199999999999999369e-04	-5.651639908443991875e-04
7.209999999999999612e-04	-5.764185352710379795e-04
7.219999999999999855e-04	-5.877044032769095702e-04
7.230000000000000098e-04	-5.990219020845836094e-04
7.239999999999999257e-04	-6.103713389166288798e-04
7.249999999999999500e-04	-6.217530209956178503e-04
7.259999999999999743e-04	-6.331672555441188698e-04
7.269999999999999987e-04	-6.446143497847019134e-04
7.279999999999999145e-04	-6.560946109399358721e-04
7.289999999999999388e-04	-6.676083462323927813e-04
7.299999999999999632e-04	-6.791558628846415318e-04
7.309999999999999875e-04	-6.907374681192519905e-04
7.320000000000000118e-04	-7.023534691587939157e-04
7.329999999999999277e-04	-7.140041732258359817e-04
7.339999999999999520e-04	-7.256898875429507656e-04
7.349999999999999763e-04	-7.374109193327065079e-04
