-2.429999999999999977e-04	-4.689345721476929994e-04
-2.420000000000000005e-04	-4.703035540050009319e-04
-2.409999999999999762e-04	-4.717048154854939471e-04
-2.399999999999999790e-04	-4.731377074550501016e-04
-2.389999999999999818e-04	-4.746015807795471268e-04
-2.379999999999999846e-04	-4.760957863248636217e-04
-2.369999999999999874e-04	-4.776196749568774260e-04
-2.359999999999999902e-04	-4.791725975414665964e-04
-2.349999999999999930e-04	-4.807539049445092982e-04
-2.339999999999999958e-04	-4.823629480318835879e-04
-2.329999999999999986e-04	-4.839990776694674682e-04
-2.320000000000000014e-04	-4.856616447231391041e-04
-2.309999999999999771e-04	-4.873500000587766608e-04
-2.299999999999999799e-04	-4.890634945422579240e-04
-2.289999999999999826e-04	-4.908014790394614382e-04
-2.279999999999999854e-04	-4.925633044162646638e-04
-2.269999999999999882e-04	-4.943483215385462539e-04
-2.259999999999999910e-04	-4.961558812721841025e-04
-2.249999999999999938e-04	-4.979853344830561038e-04
-2.239999999999999966e-04	-4.998360320370405854e-04
-2.229999999999999994e-04	-5.017073248000156584e-04
-2.220000000000000022e-04	-5.035985636378591083e-04
-2.209999999999999779e-04	-5.055090994164492630e-04
-2.199999999999999807e-04	-5.074382830016642334e-04
-2.189999999999999835e-04	-5.093854652593818051e-04
-2.179999999999999863e-04	-5.113499970554803058e-04
-2.169999999999999891e-04	-5.133312292558378466e-04
-2.159999999999999919e-04	-5.153285127263325383e-04
-2.149999999999999947e-04	-5.173411983328420581e-04
-2.139999999999999975e-04	-5.193686369412449507e-04
-2.130000000000000003e-04	-5.214101794174190018e-04
-2.120000000000000031e-04	-5.234651766272425391e-04
-2.109999999999999788e-04	-5.255329794365935650e-04
-2.099999999999999816e-04	-5.276129387113500822e-04
-2.089999999999999844e-04	-5.297044053173903099e-04
-2.079999999999999872e-04	-5.318067301205921422e-04
-2.069999999999999900e-04	-5.339192639868336901e-04
-2.059999999999999928e-04	-5.360413577819930645e-04
-2.049999999999999956e-04	-5.381723623719484846e-04
-2.039999999999999984e-04	-5.403116286225778447e-04
-2.030000000000000012e-04	-5.424585073997593640e-04
-2.020000000000000040e-04	-5.446123495693710450e-04
-2.009999999999999797e-04	-5.467725059972909987e-04
-1.999999999999999825e-04	-5.489383275493973360e-04
-1.989999999999999853e-04	-5.511091650915681678e-04
-1.979999999999999881e-04	-5.532843694896812797e-04
-1.969999999999999909e-04	-5.554632916096152164e-04
-1.959999999999999937e-04	-5.576452823172476552e-04
-1.949999999999999965e-04	-5.598296924784569237e-04
-1.939999999999999993e-04	-5.620158729591211329e-04
-1.930000000000000021e-04	-5.642031746251179600e-04
-1.920000000000000049e-04	-5.663909483423260581e-04
-1.909999999999999806e-04	-5.685785449766233212e-04
-1.899999999999999834e-04	-5.707653153938874267e-04
-1.889999999999999862e-04	-5.729506104599970274e-04
-1.879999999999999890e-04	-5.751337810408299091e-04
-1.869999999999999917e-04	-5.773141780022640742e-04
-1.859999999999999945e-04	-5.794911522101778506e-04
-1.849999999999999973e-04	-5.816640545304491323e-04
-1.840000000000000001e-04	-5.838322358289560303e-04
-1.830000000000000029e-04	-5.859950469715766554e-04
-1.819999999999999786e-04	-5.881518388241893354e-04
-1.809999999999999814e-04	-5.903019622526715308e-04
-1.799999999999999842e-04	-5.924447681229020029e-04
-1.789999999999999870e-04	-5.945796073007585374e-04
-1.779999999999999898e-04	-5.967058306521190285e-04
-1.769999999999999926e-04	-5.988227890428618038e-04
-1.759999999999999954e-04	-6.009298333388648659e-04
-1.749999999999999982e-04	-6.030263144060065425e-04
-1.740000000000000010e-04	-6.051115831101642941e-04
-1.730000000000000038e-04	-6.071849903172168821e-04
-1.719999999999999795e-04	-6.092458868930419836e-04
-1.709999999999999823e-04	-6.112936237035179266e-04
-1.699999999999999851e-04	-6.133275516145224966e-04
-1.689999999999999879e-04	-6.153470214919340214e-04
-1.679999999999999907e-04	-6.173513842016303951e-04
-1.669999999999999935e-04	-6.193399906094898370e-04
-1.659999999999999963e-04	-6.213121915813904581e-04
-1.649999999999999991e-04	-6.232673379832102609e-04
-1.640000000000000019e-04	-6.252047806808275730e-04
-1.630000000000000047e-04	-6.271238705401199634e-04
-1.619999999999999804e-04	-6.290239584269658683e-04
-1.609999999999999832e-04	-6.309043952072433984e-04
-1.599999999999999860e-04	-6.327645317468304480e-04
-1.589999999999999888e-04	-6.346037189116051280e-04
-1.579999999999999916e-04	-6.364213075674456576e-04
-1.569999999999999944e-04	-6.382166485802300395e-04
-1.559999999999999972e-04	-6.399890928158362760e-04
-1.550000000000000000e-04	-6.417379911401426950e-04
-1.540000000000000028e-04	-6.434626944190270821e-04
-1.530000000000000056e-04	-6.451625535183675483e-04
-1.519999999999999813e-04	-6.468369193040426381e-04
-1.509999999999999841e-04	-6.484851426419295951e-04
-1.499999999999999869e-04	-6.501065743979075060e-04
-1.489999999999999897e-04	-6.517005654378535059e-04
-1.479999999999999925e-04	-6.532664666276463564e-04
-1.469999999999999953e-04	-6.548036288331635178e-04
-1.459999999999999981e-04	-6.563114029202837514e-04
-1.450000000000000009e-04	-6.577891397548847347e-04
-1.440000000000000036e-04	-6.592361902028445785e-04
-1.430000000000000064e-04	-6.606519051300413937e-04
-1.419999999999999821e-04	-6.620356354023533996e-04
-1.409999999999999849e-04	-6.633867318856585989e-04
-1.399999999999999877e-04	-6.647045454458349939e-04
-1.389999999999999905e-04	-6.659884269487605871e-04
-1.379999999999999933e-04	-6.672377272603137064e-04
-1.369999999999999961e-04	-6.684517972463722459e-04
-1.359999999999999989e-04	-6.696299877728144247e-04
-1.350000000000000017e-04	-6.707716497055182456e-04
-1.340000000000000045e-04	-6.718761339103616025e-04
-1.330000000000000073e-04	-6.729427912532229316e-04
-1.319999999999999830e-04	-6.739709725999802354e-04
-1.309999999999999858e-04	-6.749600288165114080e-04
-1.299999999999999886e-04	-6.759093107686947773e-04
-1.289999999999999914e-04	-6.768181693224079119e-04
-1.279999999999999942e-04	-6.776859553435294649e-04
-1.269999999999999970e-04	-6.785120196979375472e-04
-1.259999999999999998e-04	-6.792957132515097278e-04
-1.250000000000000026e-04	-6.800363868701244426e-04
-1.240000000000000054e-04	-6.807333914196596943e-04
-1.229999999999999811e-04	-6.813956223934489577e-04
-1.219999999999999974e-04	-6.820701537946477055e-04
-1.210000000000000002e-04	-6.828136042538659068e-04
-1.199999999999999895e-04	-6.836825924017140730e-04
-1.189999999999999923e-04	-6.847337368688033660e-04
-1.179999999999999951e-04	-6.860236562857437550e-04
-1.169999999999999979e-04	-6.876089692831460765e-04
-1.160000000000000007e-04	-6.895462944916208418e-04
-1.149999999999999899e-04	-6.918922505417787793e-04
-1.139999999999999927e-04	-6.947034560642296411e-04
-1.129999999999999955e-04	-6.980365296895849146e-04
-1.119999999999999983e-04	-7.019480900484543519e-04
-1.110000000000000011e-04	-7.064947557714492234e-04
-1.099999999999999904e-04	-7.117331454891796068e-04
-1.089999999999999932e-04	-7.177198778322560133e-04
-1.079999999999999960e-04	-7.245115714312890627e-04
-1.069999999999999988e-04	-7.321648449168894832e-04
-1.060000000000000016e-04	-7.407363169196676776e-04
-1.049999999999999908e-04	-7.502826060702340490e-04
-1.039999999999999936e-04	-7.608603309991994338e-04
-1.029999999999999964e-04	-7.725261103371739097e-04
-1.019999999999999992e-04	-7.853365627147686386e-04
-1.010000000000000020e-04	-7.993483067625932643e-04
-9.999999999999999124e-05	-8.146179611112594910e-04
-9.899999999999999404e-05	-8.312021443913768541e-04
-9.799999999999999684e-05	-8.491574752335562986e-04
-9.699999999999999963e-05	-8.685405722684085526e-04
-9.600000000000000243e-05	-8.894080541265436939e-04
-9.499999999999999168e-05	-9.118165394385728843e-04
-9.399999999999999448e-05	-9.358226468351057677e-04
-9.299999999999999727e-05	-9.614829949467536144e-04
-9.200000000000000007e-05	-9.888542024041266105e-04
-9.099999999999998932e-05	-1.017992887837835918e-03
-8.999999999999999212e-05	-1.048955669878491072e-03
-8.899999999999999491e-05	-1.081799167156703018e-03
-8.799999999999999771e-05	-1.116579998303082700e-03
-8.700000000000000051e-05	-1.153354781948240197e-03
-8.599999999999998976e-05	-1.192180136722786887e-03
-8.499999999999999255e-05	-1.233112681257331547e-03
-8.399999999999999535e-05	-1.276209034182486206e-03
-8.299999999999999815e-05	-1.321525814128860724e-03
-8.200000000000000095e-05	-1.369119639727066264e-03
-8.099999999999999019e-05	-1.419047129607713337e-03
-7.999999999999999299e-05	-1.471364902401411153e-03
-7.899999999999999579e-05	-1.526129576738771525e-03
-7.799999999999999859e-05	-1.583397771250405180e-03
-7.700000000000000139e-05	-1.643226104566921546e-03
-7.599999999999999063e-05	-1.705671195318932652e-03
-7.499999999999999343e-05	-1.770789662137047492e-03
-7.399999999999999623e-05	-1.838638123651877010e-03
-7.299999999999999903e-05	-1.909273198494032802e-03
-7.200000000000000182e-05	-1.982751505294123862e-03
-7.099999999999999107e-05	-2.059129662682762218e-03
-6.999999999999999387e-05	-2.138464289290557298e-03
-6.899999999999999667e-05	-2.220812003748119830e-03
-6.799999999999999946e-05	-2.306229424686060542e-03
-6.700000000000000226e-05	-2.394773170734989728e-03
-6.599999999999999151e-05	-2.486499860525519419e-03
-6.499999999999999431e-05	-2.581466112688257306e-03
-6.399999999999999710e-05	-2.679728545853816285e-03
-6.299999999999999990e-05	-2.781308523541614706e-03
-6.200000000000000270e-05	-2.886086388826308771e-03
-6.099999999999999872e-05	-2.993907229671364471e-03
-5.999999999999999474e-05	-3.104616134040243461e-03
-5.899999999999999754e-05	-3.218058189896413034e-03
-5.800000000000000034e-05	-3.334078485203336578e-03
-5.699999999999999636e-05	-3.452522107924480086e-03
-5.599999999999999916e-05	-3.573234146023306513e-03
-5.499999999999999518e-05	-3.696059687463285320e-03
-5.399999999999999798e-05	-3.820843820207872957e-03
-5.300000000000000078e-05	-3.947431632220541053e-03
-5.199999999999999680e-05	-4.075668211464752999e-03
-5.099999999999999960e-05	-4.205398645903970882e-03
-4.999999999999999562e-05	-4.336468023501661127e-03
-4.899999999999999842e-05	-4.468721432221289293e-03
-4.800000000000000122e-05	-4.602003960026319201e-03
-4.699999999999999724e-05	-4.736160694880214676e-03
-4.600000000000000004e-05	-4.871036724746443010e-03
-4.499999999999999606e-05	-5.006477137588468893e-03
-4.399999999999999886e-05	-5.142327021369753545e-03
-4.299999999999999488e-05	-5.278431464053765128e-03
-4.199999999999999768e-05	-5.414635553603965729e-03
-4.100000000000000047e-05	-5.550784377983820905e-03
-3.999999999999999650e-05	-5.686723025156795348e-03
-3.899999999999999929e-05	-5.822296583086356350e-03
-3.799999999999999532e-05	-5.957350139735965132e-03
-3.699999999999999811e-05	-6.091728783069088118e-03
-3.600000000000000091e-05	-6.225277601049190868e-03
-3.499999999999999693e-05	-6.357841681639737202e-03
-3.399999999999999973e-05	-6.489266112804191813e-03
-3.299999999999999575e-05	-6.619395982506019391e-03
-3.199999999999999855e-05	-6.748076378708683758e-03
-3.100000000000000135e-05	-6.875152389375651339e-03
-2.999999999999999737e-05	-7.000469102470385958e-03
-2.900000000000000017e-05	-7.123871605956351438e-03
-2.799999999999999958e-05	-7.245204987797013337e-03
-2.699999999999999899e-05	-7.364314335955837211e-03
-2.599999999999999840e-05	-7.481044738396288619e-03
-2.499999999999999781e-05	-7.595241283081830518e-03
-2.400000000000000061e-05	-7.706749057975927596e-03
-2.300000000000000002e-05	-7.815413151042043677e-03
-2.199999999999999943e-05	-7.921078650243648656e-03
-2.099999999999999884e-05	-8.023590643544197681e-03
-1.999999999999999825e-05	-8.122794218907164118e-03
-1.899999999999999766e-05	-8.218534464296009187e-03
-1.800000000000000046e-05	-8.310656467674199313e-03
-1.699999999999999987e-05	-8.399005317005197452e-03
-1.599999999999999928e-05	-8.483426100252471763e-03
-1.499999999999999869e-05	-8.563763905379479999e-03
-1.399999999999999979e-05	-8.639863820349692053e-03
-1.299999999999999920e-05	-8.711570933126576086e-03
-1.200000000000000030e-05	-8.778730331673591583e-03
-1.099999999999999971e-05	-8.841187103954199766e-03
-9.999999999999999124e-06	-8.898786337931872265e-03
-9.000000000000000228e-06	-8.951373121570070299e-03
-7.999999999999999638e-06	-8.998792542832263763e-03
-6.999999999999999895e-06	-9.040889689681908675e-03
-6.000000000000000152e-06	-9.077509650082476664e-03
-4.999999999999999562e-06	-9.108497511997427215e-03
-3.999999999999999819e-06	-9.133738731030007982e-03
-3.000000000000000076e-06	-9.153280233342555097e-03
-1.999999999999999909e-06	-9.167209312737191126e-03
-9.999999999999999547e-07	-9.175613263016029961e-03
0.000000000000000000e+00	-9.178579377981192430e-03
9.999999999999999547e-07	-9.176194951434795896e-03
1.999999999999999909e-06	-9.168547277178957719e-03
3.000000000000000076e-06	-9.155723649015798729e-03
3.999999999999999819e-06	-9.137811360747436287e-03
4.999999999999999562e-06	-9.114897706175984285e-03
6.000000000000000152e-06	-9.087069979103565287e-03
6.999999999999999895e-06	-9.054415473332298389e-03
7.999999999999999638e-06	-9.017021482664299217e-03
9.000000000000000228e-06	-8.974975300901686867e-03
9.999999999999999124e-06	-8.928364221846576965e-03
1.099999999999999971e-05	-8.877275539301093810e-03
1.200000000000000030e-05	-8.821796547067351293e-03
1.299999999999999920e-05	-8.762014538947466777e-03
1.399999999999999979e-05	-8.698016808743557621e-03
1.499999999999999869e-05	-8.629890650257748125e-03
1.599999999999999928e-05	-8.557723357292152180e-03
1.699999999999999987e-05	-8.481602223648885414e-03
1.800000000000000046e-05	-8.401614543130072124e-03
1.899999999999999766e-05	-8.317847609537826203e-03
1.999999999999999825e-05	-8.230388716674266747e-03
2.099999999999999884e-05	-8.139325158341509381e-03
2.199999999999999943e-05	-8.044744228341678405e-03
2.300000000000000002e-05	-7.946733220476885975e-03
2.400000000000000061e-05	-7.845379428549254658e-03
2.499999999999999781e-05	-7.740770146360900078e-03
2.599999999999999840e-05	-7.632992667713940464e-03
2.699999999999999899e-05	-7.522134286410495779e-03
2.799999999999999958e-05	-7.408282296252681649e-03
2.900000000000000017e-05	-7.291523991042618905e-03
2.999999999999999737e-05	-7.171946664582425773e-03
3.100000000000000135e-05	-7.049637610674217014e-03
3.199999999999999855e-05	-6.924684123120113458e-03
3.299999999999999575e-05	-6.797173495722231597e-03
3.399999999999999973e-05	-6.667193022282690527e-03
3.499999999999999693e-05	-6.534829996603610212e-03
3.600000000000000091e-05	-6.400171712487107145e-03
3.699999999999999811e-05	-6.263305463735302156e-03
3.799999999999999532e-05	-6.124318544150308269e-03
3.899999999999999929e-05	-5.983298247534244579e-03
3.999999999999999650e-05	-5.840331867689232785e-03
4.100000000000000047e-05	-5.695506698417389380e-03
4.199999999999999768e-05	-5.548910033520832591e-03
4.299999999999999488e-05	-5.400629166801678913e-03
4.399999999999999886e-05	-5.250751392062050042e-03
4.499999999999999606e-05	-5.099364003104060739e-03
4.600000000000000004e-05	-4.946554293729830964e-03
4.699999999999999724e-05	-4.792409557741480683e-03
4.800000000000000122e-05	-4.637017088941122918e-03
4.899999999999999842e-05	-4.480464181130879367e-03
4.999999999999999562e-05	-4.322838128112868258e-03
5.099999999999999960e-05	-4.164226223689206086e-03
5.199999999999999680e-05	-4.004715761662014546e-03
5.300000000000000078e-05	-3.844394035833406664e-03
5.399999999999999798e-05	-3.683348340005504137e-03
5.499999999999999518e-05	-3.521665967980425194e-03
5.599999999999999916e-05	-3.359427287561759894e-03
5.699999999999999636e-05	-3.196684962558998203e-03
5.800000000000000034e-05	-3.033484730783098018e-03
5.899999999999999754e-05	-2.869872330045021135e-03
5.999999999999999474e-05	-2.705893498155728921e-03
6.099999999999999872e-05	-2.541593972926181871e-03
6.200000000000000270e-05	-2.377019492167340049e-03
6.299999999999999990e-05	-2.212215793690167423e-03
6.399999999999999710e-05	-2.047228615305621453e-03
6.499999999999999431e-05	-1.882103694824665673e-03
6.599999999999999151e-05	-1.716886770058259279e-03
6.700000000000000226e-05	-1.551623578817360816e-03
6.799999999999999946e-05	-1.386359858912937721e-03
6.899999999999999667e-05	-1.221141348155945720e-03
6.999999999999999387e-05	-1.056013784357347478e-03
7.099999999999999107e-05	-8.910229053281023019e-04
7.200000000000000182e-05	-7.262144488791728554e-04
7.299999999999999903e-05	-5.616341528215187690e-04
7.399999999999999623e-05	-3.973277549661038467e-04
7.499999999999999343e-05	-2.333409931238843843e-04
7.599999999999999063e-05	-6.971960510582494498e-05
7.700000000000000139e-05	9.349067127711644071e-05
7.799999999999999859e-05	2.562440982139751826e-04
7.899999999999999579e-05	4.184949378937945783e-04
7.999999999999999299e-05	5.801974525056096581e-04
8.099999999999999019e-05	7.413059042384631233e-04
8.200000000000000095e-05	9.017745552813936092e-04
8.299999999999999815e-05	1.061557667823436824e-03
8.399999999999999535e-05	1.220609504053635740e-03
8.499999999999999255e-05	1.378884326161027149e-03
8.599999999999998976e-05	1.536336396334650771e-03
8.700000000000000051e-05	1.692919976763548927e-03
8.799999999999999771e-05	1.848589329636754833e-03
8.899999999999999491e-05	2.003298717143309725e-03
8.999999999999999212e-05	2.157002401472253757e-03
9.099999999999998932e-05	2.309654644812625997e-03
9.200000000000000007e-05	2.461209709353468118e-03
9.299999999999999727e-05	2.611621857283813117e-03
9.399999999999999448e-05	2.760845350792705266e-03
9.499999999999999168e-05	2.908834452069180166e-03
9.600000000000000243e-05	3.055543423302281222e-03
9.699999999999999963e-05	3.200926526681042300e-03
9.799999999999999684e-05	3.344938024394505938e-03
9.899999999999999404e-05	3.487532178631709903e-03
9.999999999999999124e-05	3.628663251581694567e-03
1.010000000000000020e-04	3.768285505433498998e-03
1.019999999999999992e-04	3.906353202376161397e-03
1.029999999999999964e-04	4.042820604598719100e-03
1.039999999999999936e-04	4.177641974290213778e-03
1.049999999999999908e-04	4.310771573639685800e-03
1.060000000000000016e-04	4.442163664836172934e-03
1.069999999999999988e-04	4.571772510068711215e-03
1.079999999999999960e-04	4.699552371526342746e-03
1.089999999999999932e-04	4.825457511398106164e-03
1.099999999999999904e-04	4.949442191873040971e-03
1.110000000000000011e-04	5.071460675140189271e-03
1.119999999999999983e-04	5.191467223388581895e-03
1.129999999999999955e-04	5.309416098807264416e-03
1.139999999999999927e-04	5.425261563585273734e-03
1.149999999999999899e-04	5.538968323279331273e-03
1.160000000000000007e-04	5.650542856916861839e-03
1.169999999999999979e-04	5.760002086892979968e-03
1.179999999999999951e-04	5.867362935602793254e-03
1.189999999999999923e-04	5.972642325441412763e-03
1.199999999999999895e-04	6.075857178803947822e-03
1.210000000000000002e-04	6.177024418085508631e-03
1.219999999999999974e-04	6.276160965681202783e-03
1.229999999999999811e-04	6.373283743986138741e-03
1.240000000000000054e-04	6.468409675395433642e-03
1.250000000000000026e-04	6.561555682304189875e-03
1.259999999999999998e-04	6.652738687107519373e-03
1.269999999999999970e-04	6.741975612200531466e-03
1.279999999999999942e-04	6.829283379978338953e-03
1.289999999999999914e-04	6.914678912836046826e-03
1.299999999999999886e-04	6.998179133168767885e-03
1.309999999999999858e-04	7.079800963371612327e-03
1.319999999999999830e-04	7.159561325839686012e-03
1.330000000000000073e-04	7.237477142968106077e-03
1.340000000000000045e-04	7.313565337151975779e-03
1.350000000000000017e-04	7.387842830786404448e-03
1.359999999999999989e-04	7.460326546266504884e-03
1.369999999999999961e-04	7.531033405987384681e-03
1.379999999999999933e-04	7.599980332344155771e-03
1.389999999999999905e-04	7.667184247731924016e-03
1.399999999999999877e-04	7.732662074545806549e-03
1.409999999999999849e-04	7.796430735180906631e-03
1.419999999999999821e-04	7.858507152032335324e-03
1.430000000000000064e-04	7.918908247495203695e-03
1.440000000000000036e-04	7.977650943964621072e-03
1.450000000000000009e-04	8.034752163835694183e-03
1.459999999999999981e-04	8.090228829503536695e-03
1.469999999999999953e-04	8.144097863363257070e-03
1.479999999999999925e-04	8.196376187809965505e-03
1.489999999999999897e-04	8.247080725238770463e-03
1.499999999999999869e-04	8.296228398044782140e-03
1.509999999999999841e-04	8.343836128623109000e-03
1.519999999999999813e-04	8.389920839368862973e-03
1.530000000000000056e-04	8.434499452677157727e-03
1.540000000000000028e-04	8.477588890943094785e-03
1.550000000000000000e-04	8.519206076561784344e-03
1.559999999999999972e-04	8.559367931928340070e-03
1.569999999999999944e-04	8.598091379437873896e-03
1.579999999999999916e-04	8.635393341485490815e-03
1.589999999999999888e-04	8.671290740466302757e-03
1.599999999999999860e-04	8.705800498775414717e-03
1.609999999999999832e-04	8.738939538807947299e-03
1.619999999999999804e-04	8.770724782959000293e-03
1.630000000000000047e-04	8.801173153623685630e-03
1.640000000000000019e-04	8.830301573197113507e-03
1.649999999999999991e-04	8.858126964074397591e-03
1.659999999999999963e-04	8.884666248650642875e-03
1.669999999999999935e-04	8.909936349320959556e-03
1.679999999999999907e-04	8.933954188480456096e-03
1.689999999999999879e-04	8.956736688524242693e-03
1.699999999999999851e-04	8.978300771847434747e-03
1.709999999999999823e-04	8.998663360845137252e-03
1.719999999999999795e-04	9.017841377912458670e-03
1.730000000000000038e-04	9.035851745444514402e-03
1.740000000000000010e-04	9.052711385836407706e-03
1.749999999999999982e-04	9.068437221483248781e-03
1.759999999999999954e-04	9.083046174780153026e-03
1.769999999999999926e-04	9.096555168122227170e-03
1.779999999999999898e-04	9.108981123904579674e-03
1.789999999999999870e-04	9.120340964522317267e-03
1.799999999999999842e-04	9.130651612370560555e-03
1.809999999999999814e-04	9.139929989844405855e-03
1.819999999999999786e-04	9.148193019338972040e-03
1.830000000000000029e-04	9.155457623249362367e-03
1.840000000000000001e-04	9.161740723970692238e-03
1.849999999999999973e-04	9.167059243898070114e-03
1.859999999999999945e-04	9.171430105426602725e-03
1.869999999999999917e-04	9.174870230951405470e-03
1.879999999999999890e-04	9.177396542867581608e-03
1.889999999999999862e-04	9.179025963570246541e-03
1.899999999999999834e-04	9.179775415454505261e-03
1.909999999999999806e-04	9.179661820915469700e-03
1.920000000000000049e-04	9.178702102348250055e-03
1.930000000000000021e-04	9.176913182147953055e-03
1.939999999999999993e-04	9.174311982709694099e-03
1.949999999999999965e-04	9.170915426428574713e-03
1.959999999999999937e-04	9.166740435699715500e-03
1.969999999999999909e-04	9.161803932918212781e-03
1.979999999999999881e-04	9.156122840479190630e-03
1.989999999999999853e-04	9.149714080777748837e-03
1.999999999999999825e-04	9.142594576209001067e-03
2.009999999999999797e-04	9.134781249168052314e-03
2.020000000000000040e-04	9.126291022050016244e-03
2.030000000000000012e-04	9.117140817250009993e-03
2.039999999999999984e-04	9.107347557163129881e-03
2.049999999999999956e-04	9.096928164184493043e-03
2.059999999999999928e-04	9.085899560709201003e-03
2.069999999999999900e-04	9.074278669132376102e-03
2.079999999999999872e-04	9.062082411849125066e-03
2.089999999999999844e-04	9.049327711254549420e-03
2.099999999999999816e-04	9.036031489743764564e-03
2.109999999999999788e-04	9.022210669711880696e-03
2.120000000000000031e-04	9.007882173554001073e-03
2.130000000000000003e-04	8.993062923665248037e-03
2.139999999999999975e-04	8.977769842440723111e-03
2.149999999999999947e-04	8.962019852275533022e-03
2.159999999999999919e-04	8.945829875564800110e-03
2.169999999999999891e-04	8.929216834703617225e-03
2.179999999999999863e-04	8.912197652087104974e-03
2.189999999999999835e-04	8.894789250110366613e-03
2.199999999999999807e-04	8.877008551168521014e-03
2.209999999999999779e-04	8.858872477656669700e-03
2.220000000000000022e-04	8.840397951969928073e-03
2.229999999999999994e-04	8.821601896503397655e-03
2.239999999999999966e-04	8.802501233652197318e-03
2.249999999999999938e-04	8.783112885811433790e-03
2.259999999999999910e-04	8.763453775376213797e-03
2.269999999999999882e-04	8.743540824741649273e-03
2.279999999999999854e-04	8.723390956302848678e-03
2.289999999999999826e-04	8.703021092454927415e-03
2.299999999999999799e-04	8.682448155592988742e-03
2.309999999999999771e-04	8.661689068112144591e-03
2.320000000000000014e-04	8.640760752407501688e-03
2.329999999999999986e-04	8.619680130874175436e-03
2.339999999999999958e-04	8.598461469179257896e-03
2.349999999999999930e-04	8.577108406077770322e-03
2.359999999999999902e-04	8.555621923596726242e-03
2.369999999999999874e-04	8.534003003763135711e-03
2.379999999999999846e-04	8.512252628604003585e-03
2.389999999999999818e-04	8.490371780146350328e-03
2.399999999999999790e-04	8.468361440417172120e-03
2.409999999999999762e-04	8.446222591443482489e-03
2.420000000000000005e-04	8.423956215252300164e-03
2.429999999999999977e-04	8.401563293870623061e-03
2.439999999999999949e-04	8.379044809325469911e-03
2.449999999999999921e-04	8.356401743643842098e-03
2.459999999999999622e-04	8.333635078852758352e-03
2.469999999999999865e-04	8.310745796979216587e-03
2.480000000000000108e-04	8.287734880050237271e-03
2.489999999999999809e-04	8.264603310092825256e-03
2.500000000000000052e-04	8.241352069133990599e-03
2.509999999999999753e-04	8.217982139200743358e-03
2.519999999999999996e-04	8.194494502320093590e-03
2.529999999999999697e-04	8.170890140519047884e-03
2.539999999999999940e-04	8.147170035824619766e-03
2.549999999999999641e-04	8.123335170263817559e-03
2.559999999999999884e-04	8.099386525863647851e-03
2.570000000000000127e-04	8.075325084651125904e-03
2.579999999999999828e-04	8.051151828653258305e-03
2.590000000000000071e-04	8.026867739897051643e-03
2.599999999999999772e-04	8.002473800409526383e-03
2.610000000000000015e-04	7.977970992217676971e-03
2.619999999999999716e-04	7.953360297348525607e-03
2.629999999999999959e-04	7.928642697829070204e-03
2.639999999999999660e-04	7.903819175686334700e-03
2.649999999999999903e-04	7.878890712947315272e-03
2.660000000000000146e-04	7.853858291639030653e-03
2.669999999999999847e-04	7.828722893788485696e-03
2.680000000000000090e-04	7.803485501422693059e-03
2.689999999999999791e-04	7.778147096568660199e-03
2.700000000000000035e-04	7.752708661253398040e-03
2.709999999999999735e-04	7.727171177503914037e-03
2.719999999999999979e-04	7.701535627347218249e-03
2.729999999999999680e-04	7.675802992810325069e-03
2.739999999999999923e-04	7.649974255920236749e-03
2.749999999999999624e-04	7.624050398703968549e-03
2.759999999999999867e-04	7.598032403188527059e-03
2.770000000000000110e-04	7.571921251400922336e-03
2.779999999999999811e-04	7.545717925368167038e-03
2.790000000000000054e-04	7.519423407117266887e-03
2.799999999999999755e-04	7.493038678675234543e-03
2.809999999999999998e-04	7.466564722069074858e-03
2.819999999999999699e-04	7.440002519325803962e-03
2.829999999999999942e-04	7.413353052472424973e-03
2.839999999999999643e-04	7.386617303535953152e-03
2.849999999999999886e-04	7.359796254543395089e-03
2.860000000000000129e-04	7.332890887521759105e-03
2.869999999999999830e-04	7.305902184498061329e-03
2.880000000000000073e-04	7.278831127499303146e-03
2.889999999999999774e-04	7.251678698552499816e-03
2.900000000000000017e-04	7.224445879684656194e-03
2.909999999999999718e-04	7.197133652922789275e-03
2.919999999999999961e-04	7.169743000293900444e-03
2.929999999999999662e-04	7.142274903825004094e-03
2.939999999999999905e-04	7.114730345543108549e-03
2.949999999999999606e-04	7.087110307475222998e-03
2.959999999999999849e-04	7.059415771648358366e-03
2.970000000000000092e-04	7.031647720089522109e-03
2.979999999999999793e-04	7.003807134825727754e-03
2.990000000000000036e-04	6.975894997883981888e-03
2.999999999999999737e-04	6.947912291291295436e-03
3.009999999999999980e-04	6.919859997074675854e-03
3.019999999999999681e-04	6.891739097261135802e-03
3.029999999999999924e-04	6.863550573877681867e-03
3.039999999999999625e-04	6.835295408951325841e-03
3.049999999999999868e-04	6.806974584509076047e-03
3.060000000000000111e-04	6.778589082577943410e-03
3.069999999999999812e-04	6.750139885184938855e-03
3.080000000000000055e-04	6.721627974357067235e-03
3.089999999999999756e-04	6.693054332121342945e-03
3.099999999999999999e-04	6.664419940504770837e-03
3.109999999999999700e-04	6.635725781534366173e-03
3.119999999999999944e-04	6.606972837237131205e-03
3.129999999999999644e-04	6.578162089640087265e-03
3.139999999999999888e-04	6.549294520770232268e-03
3.149999999999999589e-04	6.520371112654581476e-03
3.159999999999999832e-04	6.491392847320144079e-03
3.170000000000000075e-04	6.462360706793925796e-03
3.179999999999999776e-04	6.433275673102944493e-03
3.190000000000000019e-04	6.404138728274200686e-03
3.199999999999999720e-04	6.374950854334710502e-03
3.209999999999999963e-04	6.345713033311480532e-03
3.219999999999999664e-04	6.316426247231519964e-03
3.229999999999999907e-04	6.287091478121842325e-03
3.239999999999999608e-04	6.257709708009451602e-03
3.249999999999999851e-04	6.228281918921361321e-03
3.260000000000000094e-04	6.198809092884578938e-03
3.269999999999999795e-04	6.169292211926115377e-03
3.280000000000000038e-04	6.139732258072982431e-03
3.289999999999999739e-04	6.110130213352185820e-03
3.299999999999999982e-04	6.080487059790737336e-03
3.309999999999999683e-04	6.050803779415645303e-03
3.319999999999999926e-04	6.021081354253920645e-03
3.329999999999999627e-04	5.991320766332572552e-03
3.339999999999999870e-04	5.961522997678608479e-03
3.350000000000000113e-04	5.931689030319041087e-03
3.359999999999999814e-04	5.901819846280879564e-03
3.370000000000000057e-04	5.871916427591133102e-03
3.379999999999999758e-04	5.841979756276812624e-03
3.390000000000000001e-04	5.812010814364921250e-03
3.399999999999999702e-04	5.782010583882477711e-03
3.409999999999999945e-04	5.751980046856485125e-03
3.419999999999999646e-04	5.721920185313958754e-03
3.429999999999999889e-04	5.691831981281903451e-03
3.439999999999999590e-04	5.661716416787329273e-03
3.449999999999999833e-04	5.631574473857247146e-03
3.460000000000000076e-04	5.601407134518666259e-03
3.469999999999999777e-04	5.571215380798599272e-03
3.480000000000000020e-04	5.541000194724050171e-03
3.489999999999999721e-04	5.510762558322033350e-03
3.499999999999999964e-04	5.480503453619554530e-03
3.509999999999999665e-04	5.450223862643628105e-03
3.519999999999999908e-04	5.419924767421258061e-03
3.529999999999999609e-04	5.389607149979457924e-03
3.539999999999999853e-04	5.359271992345236019e-03
3.550000000000000096e-04	5.328920276545603268e-03
3.559999999999999797e-04	5.298552984607567129e-03
3.570000000000000040e-04	5.268171098558140260e-03
3.579999999999999741e-04	5.237775600424328382e-03
3.589999999999999984e-04	5.207367472233143287e-03
3.599999999999999685e-04	5.176947696011595899e-03
3.609999999999999928e-04	5.146517253786691941e-03
3.619999999999999629e-04	5.116077127585448407e-03
3.629999999999999872e-04	5.085628299434863213e-03
3.639999999999999573e-04	5.055171751361958558e-03
3.649999999999999816e-04	5.024708465393734960e-03
3.660000000000000059e-04	4.994239423557205078e-03
3.669999999999999760e-04	4.963765607879381571e-03
3.680000000000000003e-04	4.933288000387267558e-03
3.689999999999999704e-04	4.902807583107880902e-03
3.699999999999999947e-04	4.872325338068222988e-03
3.709999999999999648e-04	4.841842247295310812e-03
3.719999999999999891e-04	4.811359292816146625e-03
3.729999999999999592e-04	4.780877456657745689e-03
3.739999999999999835e-04	4.750397720847116326e-03
3.750000000000000078e-04	4.719921067411264257e-03
3.759999999999999779e-04	4.689448478377207345e-03
3.770000000000000022e-04	4.658980935771946108e-03
3.779999999999999723e-04	4.628519421622496674e-03
3.789999999999999966e-04	4.598064917955865631e-03
3.799999999999999667e-04	4.567618406799064772e-03
3.809999999999999910e-04	4.537180870179099816e-03
3.819999999999999611e-04	4.506753290122985159e-03
3.829999999999999854e-04	4.476336648657727388e-03
3.840000000000000097e-04	4.445931927810335693e-03
3.849999999999999798e-04	4.415540109607821000e-03
3.860000000000000041e-04	4.385162176077194232e-03
3.869999999999999742e-04	4.354799109245461979e-03
3.879999999999999985e-04	4.324451891139636898e-03
3.889999999999999686e-04	4.294121503786728182e-03
3.899999999999999929e-04	4.263808929213741550e-03
3.909999999999999630e-04	4.233515149447692263e-03
3.919999999999999873e-04	4.203241146515584309e-03
3.929999999999999574e-04	4.172987902444432948e-03
3.939999999999999817e-04	4.142756399261243901e-03
3.950000000000000061e-04	4.112547618993026358e-03
3.959999999999999762e-04	4.082362543666794713e-03
3.970000000000000005e-04	4.052202155309553820e-03
3.979999999999999706e-04	4.022067435948316338e-03
3.989999999999999949e-04	3.991959367610087121e-03
3.999999999999999650e-04	3.961878932321883165e-03
4.009999999999999893e-04	3.931827112110705853e-03
4.019999999999999594e-04	3.901804889003573050e-03
4.029999999999999837e-04	3.871813245027487440e-03
4.040000000000000080e-04	3.841853162209462550e-03
4.049999999999999781e-04	3.811925622576509305e-03
4.060000000000000024e-04	3.782031608155631257e-03
4.069999999999999725e-04	3.752172100973844536e-03
4.079999999999999968e-04	3.722348083058156596e-03
4.089999999999999669e-04	3.692560536435574459e-03
4.099999999999999912e-04	3.662810443133109484e-03
4.109999999999999613e-04	3.633098785177773030e-03
4.119999999999999856e-04	3.603426544596572117e-03
4.129999999999999557e-04	3.573794703416519839e-03
4.139999999999999800e-04	3.544204243664621484e-03
4.150000000000000043e-04	3.514656147367888409e-03
4.159999999999999744e-04	3.485151396553332406e-03
4.169999999999999987e-04	3.455690973247959197e-03
4.179999999999999688e-04	3.426275859478782309e-03
4.189999999999999931e-04	3.396907037272808329e-03
4.199999999999999632e-04	3.367585488657049049e-03
4.209999999999999875e-04	3.338312195658512359e-03
4.219999999999999576e-04	3.309088140304209183e-03
4.229999999999999819e-04	3.279914304621148278e-03
4.240000000000000062e-04	3.250791670636339701e-03
4.249999999999999763e-04	3.221721220376793510e-03
4.260000000000000006e-04	3.192703935869517159e-03
4.269999999999999707e-04	3.163740799141524177e-03
4.279999999999999950e-04	3.134832792219820283e-03
4.289999999999999651e-04	3.105980897131418138e-03
4.299999999999999894e-04	3.077186095903325629e-03
4.309999999999999595e-04	3.048449370562552815e-03
4.319999999999999838e-04	3.019771703136107151e-03
4.329999999999999539e-04	2.991154075651003899e-03
4.339999999999999782e-04	2.962597470134245743e-03
4.350000000000000026e-04	2.934102868612846644e-03
4.359999999999999726e-04	2.905671253113816660e-03
4.369999999999999970e-04	2.877303605664161511e-03
4.379999999999999671e-04	2.849000908290896892e-03
4.389999999999999914e-04	2.820764143021025922e-03
4.399999999999999615e-04	2.792594291881563429e-03
4.409999999999999858e-04	2.764492336899515134e-03
4.419999999999999559e-04	2.736459260101893696e-03
4.429999999999999802e-04	2.708496043515706570e-03
4.440000000000000045e-04	2.680603669167962513e-03
4.449999999999999746e-04	2.652783119085675920e-03
4.459999999999999989e-04	2.625035375295851642e-03
4.469999999999999690e-04	2.597361419825501474e-03
4.479999999999999933e-04	2.569762234701633737e-03
4.489999999999999634e-04	2.542238801951259789e-03
4.499999999999999877e-04	2.514792103601387521e-03
4.509999999999999578e-04	2.487423121679029590e-03
4.519999999999999821e-04	2.460132838211189985e-03
4.530000000000000064e-04	2.432922235224882664e-03
4.539999999999999765e-04	2.405792294747117685e-03
4.550000000000000008e-04	2.378743998804902504e-03
4.559999999999999709e-04	2.351778329425248480e-03
4.569999999999999952e-04	2.324896268635163066e-03
4.579999999999999653e-04	2.298098798461658057e-03
4.589999999999999896e-04	2.271386900931740907e-03
4.599999999999999597e-04	2.244761558072424709e-03
4.609999999999999840e-04	2.218223751910714751e-03
4.619999999999999541e-04	2.191774464473624992e-03
4.629999999999999784e-04	2.165414677788159853e-03
4.640000000000000027e-04	2.139145373881333728e-03
4.649999999999999728e-04	2.112967534780154939e-03
4.659999999999999971e-04	2.086882142511630941e-03
4.669999999999999672e-04	2.060890179102774829e-03
4.679999999999999915e-04	2.034992626580593190e-03
4.689999999999999616e-04	2.009190466972097817e-03
4.699999999999999859e-04	1.983484682304296597e-03
4.709999999999999560e-04	1.957876254604200891e-03
4.719999999999999803e-04	1.932366165898818586e-03
4.730000000000000046e-04	1.906955398215159957e-03
4.739999999999999747e-04	1.881644933580235929e-03
4.749999999999999990e-04	1.856435754021054825e-03
4.759999999999999691e-04	1.831328841564625835e-03
4.769999999999999934e-04	1.806325178237959232e-03
4.779999999999999635e-04	1.781425746068065509e-03
4.789999999999999879e-04	1.756631527081952337e-03
4.799999999999999580e-04	1.731943503306631292e-03
4.809999999999999823e-04	1.707362656769109612e-03
4.819999999999999524e-04	1.682889969496400608e-03
4.829999999999999767e-04	1.658526423515509348e-03
4.840000000000000010e-04	1.634273000853448711e-03
4.849999999999999711e-04	1.610130683537228753e-03
4.859999999999999954e-04	1.586100453593855845e-03
4.869999999999999655e-04	1.562183293050343298e-03
4.879999999999999898e-04	1.538380183933697916e-03
4.889999999999999599e-04	1.514692108270930841e-03
4.899999999999999842e-04	1.491120048089050612e-03
4.910000000000000085e-04	1.467664985415067288e-03
4.919999999999999244e-04	1.444327902275993744e-03
4.929999999999999487e-04	1.421109780698833099e-03
4.939999999999999730e-04	1.398011602710599530e-03
4.949999999999999973e-04	1.375034350338300709e-03
4.960000000000000216e-04	1.352179005608947562e-03
4.969999999999999375e-04	1.329446550549551664e-03
4.979999999999999618e-04	1.306837967187117868e-03
4.989999999999999861e-04	1.284354237548657098e-03
5.000000000000000104e-04	1.261996343661181364e-03
5.009999999999999263e-04	1.239765267551701374e-03
5.019999999999999506e-04	1.217661991247221331e-03
5.029999999999999749e-04	1.195687496774754111e-03
5.039999999999999992e-04	1.173842766161309554e-03
5.050000000000000235e-04	1.152128781433896200e-03
5.059999999999999394e-04	1.130546524619526925e-03
5.069999999999999637e-04	1.109096977745206800e-03
5.079999999999999880e-04	1.087781122837947400e-03
5.090000000000000123e-04	1.066599941924757699e-03
5.099999999999999282e-04	1.045554417032650571e-03
5.109999999999999525e-04	1.024645530188631306e-03
5.119999999999999768e-04	1.003874263419710392e-03
5.130000000000000011e-04	9.832415987528987569e-04
5.140000000000000254e-04	9.627485182152055888e-04
5.149999999999999413e-04	9.423960038336427888e-04
5.159999999999999656e-04	9.221850376352156440e-04
5.169999999999999899e-04	9.021166016469357295e-04
5.180000000000000143e-04	8.821916778958126693e-04
5.189999999999999301e-04	8.624112484088585807e-04
5.199999999999999544e-04	8.427762952130785339e-04
5.209999999999999788e-04	8.232878003354841042e-04
5.220000000000000031e-04	8.039467458030851322e-04
5.230000000000000274e-04	7.847541136428921090e-04
5.239999999999999433e-04	7.657108858819148753e-04
5.249999999999999676e-04	7.468180445471605611e-04
5.259999999999999919e-04	7.280765716656399829e-04
5.270000000000000162e-04	7.094874492643631981e-04
5.279999999999999321e-04	6.910516593703411314e-04
5.289999999999999564e-04	6.727701840105805879e-04
5.299999999999999807e-04	6.546440052120920585e-04
5.310000000000000050e-04	6.366741050018860345e-04
5.320000000000000293e-04	6.188614654069710553e-04
5.329999999999999452e-04	6.012070684543598890e-04
5.339999999999999695e-04	5.837118961710579309e-04
5.349999999999999938e-04	5.663769305840761058e-04
5.360000000000000181e-04	5.492031537204251218e-04
5.369999999999999340e-04	5.321915476071153615e-04
5.379999999999999583e-04	5.153430942711535213e-04
5.389999999999999826e-04	4.986587757395506346e-04
5.400000000000000069e-04	4.821395740393166502e-04
5.409999999999999228e-04	4.657864711974623304e-04
5.419999999999999471e-04	4.496004492409950764e-04
5.429999999999999714e-04	4.335824901969244035e-04
5.439999999999999957e-04	4.177335760922613449e-04
5.450000000000000200e-04	4.020546889540156871e-04
5.459999999999999359e-04	3.865468108091976501e-04
5.469999999999999602e-04	3.712109236848140929e-04
5.479999999999999845e-04	3.560480096078759947e-04
5.490000000000000088e-04	3.410590506053942260e-04
5.499999999999999247e-04	3.262450287043782478e-04
5.509999999999999490e-04	3.116069259318351905e-04
5.519999999999999733e-04	2.971457243147766834e-04
5.529999999999999976e-04	2.828624058802120794e-04
5.540000000000000219e-04	2.687579526551506768e-04
5.549999999999999378e-04	2.548333466666041595e-04
5.559999999999999621e-04	2.410895699415787361e-04
5.569999999999999864e-04	2.275276045070854397e-04
5.580000000000000107e-04	2.141484323901348698e-04
5.589999999999999266e-04	2.009530356177364877e-04
5.599999999999999509e-04	1.879423962168985077e-04
5.609999999999999752e-04	1.751174962146309329e-04
5.619999999999999996e-04	1.624793176379443088e-04
5.630000000000000239e-04	1.500288425138476085e-04
5.639999999999999397e-04	1.377670528693518653e-04
5.649999999999999641e-04	1.256949307314643178e-04
5.659999999999999884e-04	1.138134581271952402e-04
5.670000000000000127e-04	1.021236170835554489e-04
5.679999999999999286e-04	9.062638962755478452e-05
5.689999999999999529e-04	7.932275778620091929e-05
5.699999999999999772e-04	6.821370358650396485e-05
5.710000000000000015e-04	5.730020905547500865e-05
5.720000000000000258e-04	4.658325622012204816e-05
5.729999999999999417e-04	3.606382710745709239e-05
5.739999999999999660e-04	2.574290374448667514e-05
5.749999999999999903e-04	1.562146815822193805e-05
5.760000000000000146e-04	5.700502375672613330e-06
5.769999999999999305e-04	-4.019011576151133164e-06
5.779999999999999548e-04	-1.353609167024087028e-05
5.789999999999999791e-04	-2.284975587958751634e-05
5.800000000000000034e-04	-3.195902217717982129e-05
5.810000000000000277e-04	-4.086290853600892028e-05
5.819999999999999436e-04	-4.956043292906323798e-05
5.829999999999999679e-04	-5.805061332933689113e-05
5.839999999999999922e-04	-6.633246770981787071e-05
5.850000000000000165e-04	-7.440501404349752872e-05
5.859999999999999324e-04	-8.226727030336456088e-05
5.869999999999999567e-04	-8.991825446241107815e-05
5.879999999999999810e-04	-9.735698449362729413e-05
5.890000000000000053e-04	-1.045824783700026093e-04
5.899999999999999212e-04	-1.115937540645275082e-04
5.909999999999999455e-04	-1.183898295501933430e-04
5.919999999999999698e-04	-1.249697227999905440e-04
5.929999999999999941e-04	-1.313324517869082948e-04
5.940000000000000184e-04	-1.374770344839376223e-04
5.949999999999999343e-04	-1.434024888640683605e-04
5.959999999999999586e-04	-1.491078329002921326e-04
5.969999999999999829e-04	-1.545920845655985015e-04
5.980000000000000072e-04	-1.598542618329774640e-04
5.989999999999999231e-04	-1.648933826754196133e-04
5.999999999999999474e-04	-1.697084650659160302e-04
6.009999999999999717e-04	-1.742985269774568200e-04
6.019999999999999961e-04	-1.786625863830316541e-04
6.030000000000000204e-04	-1.827996612556318304e-04
6.039999999999999362e-04	-1.867087695682469119e-04
6.049999999999999606e-04	-1.903889292938677627e-04
6.059999999999999849e-04	-1.938391584054848134e-04
6.070000000000000092e-04	-1.970584748760882232e-04
6.079999999999999251e-04	-2.000458966786680432e-04
6.089999999999999494e-04	-2.028004417862152458e-04
6.099999999999999737e-04	-2.053211281717199363e-04
6.109999999999999980e-04	-2.076069738081725452e-04
6.120000000000000223e-04	-2.096569966685634485e-04
6.129999999999999382e-04	-2.114702147258829684e-04
6.139999999999999625e-04	-2.130456459531213727e-04
6.149999999999999868e-04	-2.143823083232696339e-04
6.160000000000000111e-04	-2.154792198093174235e-04
6.169999999999999270e-04	-2.163353983842554429e-04
6.179999999999999513e-04	-2.169498620210736349e-04
6.189999999999999756e-04	-2.173216286927632428e-04
6.199999999999999999e-04	-2.174497163723137214e-04
6.210000000000000242e-04	-2.173331430327160433e-04
6.219999999999999401e-04	-2.169709266469603136e-04
6.229999999999999644e-04	-2.163620851880369627e-04
6.239999999999999887e-04	-2.155056366289363127e-04
6.250000000000000130e-04	-2.144005989426490109e-04
6.259999999999999289e-04	-2.130459901021654876e-04
6.269999999999999532e-04	-2.114408280804751976e-04
6.279999999999999775e-04	-2.095841308505696555e-04
6.290000000000000018e-04	-2.074749163854386412e-04
6.299999999999999177e-04	-2.051122026580729646e-04
6.309999999999999420e-04	-2.024950076414622430e-04
6.319999999999999663e-04	-1.996223493085973405e-04
6.329999999999999906e-04	-1.964932456324689587e-04
6.340000000000000149e-04	-1.931067145860663895e-04
6.349999999999999308e-04	-1.894617741423816355e-04
6.359999999999999551e-04	-1.855574422744035550e-04
6.369999999999999794e-04	-1.813927369551232831e-04
6.380000000000000037e-04	-1.769666761575308710e-04
6.389999999999999196e-04	-1.722782778546174537e-04
6.399999999999999439e-04	-1.673265600193724317e-04
6.409999999999999682e-04	-1.621105406247863980e-04
6.419999999999999925e-04	-1.566292376438496205e-04
6.430000000000000169e-04	-1.508816690495532343e-04
6.439999999999999327e-04	-1.448668528148877241e-04
6.449999999999999570e-04	-1.385838069128417314e-04
6.459999999999999814e-04	-1.320315493164072587e-04
6.470000000000000057e-04	-1.252090979985740317e-04
6.479999999999999215e-04	-1.181154709323334025e-04
6.489999999999999459e-04	-1.107496860906741210e-04
6.499999999999999702e-04	-1.031107614465873222e-04
6.509999999999999945e-04	-9.519771497306327417e-05
6.520000000000000188e-04	-8.700956464309267824e-05
6.529999999999999347e-04	-7.854532842966666963e-05
6.539999999999999590e-04	-6.980402430577388982e-05
6.549999999999999833e-04	-6.078467024440525716e-05
6.560000000000000076e-04	-5.148628421855158156e-05
6.569999999999999235e-04	-4.190788420120399819e-05
6.579999999999999478e-04	-3.204848816535082329e-05
6.589999999999999721e-04	-2.190711408398351729e-05
6.599999999999999964e-04	-1.148277993009256485e-05
6.610000000000000207e-04	-7.745036766684506094e-07
6.619999999999999366e-04	1.021869670329747341e-05
6.629999999999999609e-04	2.149780323681743308e-05
6.639999999999999852e-04	3.306379795089964269e-05
6.650000000000000095e-04	4.491766287255340075e-05
6.659999999999999254e-04	5.706038002878746369e-05
6.669999999999999497e-04	6.949293144661384050e-05
6.679999999999999740e-04	8.221629915304117919e-05
6.689999999999999983e-04	9.523146517507877825e-05
6.700000000000000226e-04	1.085394115397362615e-04
6.709999999999999385e-04	1.221411202740218431e-04
6.719999999999999628e-04	1.360375734049482912e-04
6.729999999999999871e-04	1.502297529595233863e-04
6.740000000000000114e-04	1.647186409647570775e-04
6.749999999999999273e-04	1.795052194476574707e-04
6.759999999999999516e-04	1.945904704352368459e-04
6.769999999999999759e-04	2.099753759545036342e-04
6.780000000000000002e-04	2.256609180324675680e-04
6.789999999999999161e-04	2.416480786961361566e-04
6.799999999999999404e-04	2.579378399725228187e-04
6.809999999999999647e-04	2.745311838886352806e-04
6.819999999999999890e-04	2.914290924714832203e-04
6.830000000000000134e-04	3.086325477480762617e-04
6.839999999999999292e-04	3.261425317454221310e-04
6.849999999999999535e-04	3.439600264905342468e-04
6.859999999999999779e-04	3.620860140104204981e-04
6.870000000000000022e-04	3.805214763320900208e-04
6.879999999999999180e-04	3.992673954825509209e-04
6.889999999999999424e-04	4.183247534888166709e-04
6.899999999999999667e-04	4.376945323778948889e-04
6.909999999999999910e-04	4.573777141767953070e-04
6.920000000000000153e-04	4.773752809125273323e-04
6.929999999999999312e-04	4.976882146120985284e-04
6.939999999999999555e-04	5.183174973025228560e-04
6.949999999999999798e-04	5.392641110108078789e-04
6.960000000000000041e-04	5.605290377639628955e-04
6.969999999999999200e-04	5.821132595889956865e-04
6.979999999999999443e-04	6.040177585129201041e-04
6.989999999999999686e-04	6.262435165627438204e-04
6.999999999999999929e-04	6.487915157654760255e-04
7.010000000000000172e-04	6.716627381481267769e-04
7.019999999999999331e-04	6.948581657377028795e-04
7.029999999999999574e-04	7.183787805612193780e-04
7.039999999999999817e-04	7.422255646456826436e-04
7.050000000000000060e-04	7.663995000181029506e-04
7.059999999999999219e-04	7.909015687054869953e-04
7.069999999999999462e-04	8.157327527348497143e-04
7.079999999999999705e-04	8.408940341331984543e-04
